     4     1
    GDAS    19     1    15     0     0
    GDAS    19     1    22     0     0
    GDAS    19     1    29     0     0
    GDAS    19     2     1     0     0
     1 FORWARD  OMEGA   
    19     1    23     0   62.500   58.500   500.0
     1 PRESSURE
     1     1    19     1    23     0     0     0     0.0   62.500   58.500    500.0    897.4
     1     1    19     1    23     1     0     1     1.0   62.530   59.146    488.7    887.7
     1     1    19     1    23     2     0     2     2.0   62.529   59.907    385.7    918.8
     1     1    19     1    23     3     0     3     3.0   62.535   60.614    225.8    960.9
     1     1    19     1    23     4     0     2     4.0   62.558   61.091    159.9    974.2
     1     1    19     1    23     5     0     1     5.0   62.586   61.484    141.8    978.8
     1     1    19     1    23     6     0     0     6.0   62.615   61.879    148.8    979.3
     1     1    19     1    23     7     0     1     7.0   62.646   62.315    166.8    976.0
     1     1    19     1    23     8     0     2     8.0   62.687   62.780    173.5    974.8
     1     1    19     1    23     9     0     3     9.0   62.736   63.235    167.2    977.8
     1     1    19     1    23    10     0     2    10.0   62.789   63.656    157.9    982.3
     1     1    19     1    23    11     0     1    11.0   62.847   64.044    152.3    985.8
     1     1    19     1    23    12     0     0    12.0   62.916   64.403    152.7    987.2
     1     1    19     1    23    13     0     1    13.0   62.998   64.745    160.0    987.6
     1     1    19     1    23    14     0     2    14.0   63.084   65.091    172.2    985.3
     1     1    19     1    23    15     0     3    15.0   63.172   65.470    183.3    980.0
     1     1    19     1    23    16     0     2    16.0   63.262   65.893    188.9    976.3
     1     1    19     1    23    17     0     1    17.0   63.346   66.339    194.2    975.6
     1     1    19     1    23    18     0     0    18.0   63.417   66.804    205.2    973.9
     1     1    19     1    23    19     0     1    19.0   63.475   67.273    216.7    971.2
     1     1    19     1    23    20     0     2    20.0   63.526   67.723    221.8    971.0
     1     1    19     1    23    21     0     3    21.0   63.576   68.151    222.7    971.8
     1     1    19     1    23    22     0     2    22.0   63.628   68.565    221.9    972.6
     1     1    19     1    23    23     0     1    23.0   63.688   68.972    218.5    973.7
     1     1    19     1    24     0     0     0    24.0   63.753   69.382    214.2    974.2
