     4     1
    GDAS    19     1    15     0     0
    GDAS    19     1    22     0     0
    GDAS    19     1    29     0     0
    GDAS    19     2     1     0     0
     1 FORWARD  OMEGA   
    19     1    25     0   62.500   58.500   500.0
     1 PRESSURE
     1     1    19     1    25     0     0     0     0.0   62.500   58.500    500.0    909.0
     1     1    19     1    25     1     0     1     1.0   62.805   58.907    470.7    899.5
     1     1    19     1    25     2     0     2     2.0   63.076   59.256    463.8    908.8
     1     1    19     1    25     3     0     3     3.0   63.314   59.517    486.6    913.1
     1     1    19     1    25     4     0     2     4.0   63.532   59.672    514.0    909.2
     1     1    19     1    25     5     0     1     5.0   63.744   59.729    528.7    905.0
     1     1    19     1    25     6     0     0     6.0   63.964   59.726    524.3    902.1
     1     1    19     1    25     7     0     1     7.0   64.183   59.671    495.0    895.8
     1     1    19     1    25     8     0     2     8.0   64.384   59.548    438.6    895.4
     1     1    19     1    25     9     0     3     9.0   64.554   59.349    354.2    906.5
     1     1    19     1    25    10     0     2    10.0   64.675   59.061    247.4    929.1
     1     1    19     1    25    11     0     1    11.0   64.742   58.710    145.9    956.4
     1     1    19     1    25    12     0     0    12.0   64.772   58.375     82.0    976.7
     1     1    19     1    25    13     0     1    13.0   64.780   58.093     50.4    989.5
     1     1    19     1    25    14     0     2    14.0   64.777   57.852     37.1    994.0
     1     1    19     1    25    15     0     3    15.0   64.770   57.632     32.8    995.7
     1     1    19     1    25    16     0     2    16.0   64.755   57.426     32.1    996.8
     1     1    19     1    25    17     0     1    17.0   64.729   57.233     31.7    998.1
     1     1    19     1    25    18     0     0    18.0   64.693   57.058     30.7    999.5
     1     1    19     1    25    19     0     1    19.0   64.650   56.900     29.2   1000.3
     1     1    19     1    25    20     0     2    20.0   64.600   56.754     27.4   1000.4
     1     1    19     1    25    21     0     3    21.0   64.546   56.619     25.0   1000.8
     1     1    19     1    25    22     0     2    22.0   64.493   56.489     23.4   1001.3
     1     1    19     1    25    23     0     1    23.0   64.443   56.350     23.6   1001.3
     1     1    19     1    26     0     0     0    24.0   64.394   56.199     25.2   1001.0
