     5     1
    GDAS    21     1     1     0     0
    GDAS    21     1     8     0     0
    GDAS    21     1    15     0     0
    GDAS    21     1    22     0     0
    GDAS    21     1    29     0     0
     2 FORWARD  OMEGA   
    21     1    14     0   62.500   58.500   500.0
    21     1    14     0   62.500   58.500   200.0
     1 PRESSURE
     1     1    21     1    14     0     0     0     0.0   62.500   58.500    500.0    925.6
     2     1    21     1    14     0     0     0     0.0   62.500   58.500    200.0    964.1
     1     1    21     1    14     1     0     1     1.0   62.537   58.660    479.4    923.0
     2     1    21     1    14     1     0     1     1.0   62.556   58.611    192.8    961.2
     1     1    21     1    14     2     0     2     2.0   62.571   58.846    445.9    921.9
     2     1    21     1    14     2     0     2     2.0   62.604   58.740    182.0    958.3
     1     1    21     1    14     3     0     3     3.0   62.600   59.058    399.8    925.3
     2     1    21     1    14     3     0     3     3.0   62.642   58.888    167.3    955.6
     1     1    21     1    14     4     0     2     4.0   62.629   59.292    352.0    938.9
     2     1    21     1    14     4     0     2     4.0   62.670   59.050    151.8    956.3
     1     1    21     1    14     5     0     1     5.0   62.660   59.551    304.8    951.8
     2     1    21     1    14     5     0     1     5.0   62.692   59.229    133.4    963.4
     1     1    21     1    14     6     0     0     6.0   62.690   59.862    244.6    968.2
     2     1    21     1    14     6     0     0     6.0   62.713   59.432    106.2    973.3
     1     1    21     1    14     7     0     1     7.0   62.723   60.207    170.6    986.7
     2     1    21     1    14     7     0     1     7.0   62.735   59.645     70.1    985.8
     1     1    21     1    14     8     0     2     8.0   62.767   60.498    114.7    999.9
     2     1    21     1    14     8     0     2     8.0   62.757   59.842     37.0    996.7
     1     1    21     1    14     9     0     3     9.0   62.822   60.719     80.2   1006.2
     2     1    21     1    14     9     0     3     9.0   62.780   60.012     17.6   1005.8
     1     1    21     1    14    10     0     2    10.0   62.879   60.900     58.5   1009.9
     2     1    21     1    14    10     0     2    10.0   62.804   60.171      5.1   1007.8
     1     1    21     1    14    11     0     1    11.0   62.933   61.069     46.2   1011.9
     2     1    21     1    14    11     0     1    11.0   62.829   60.325      0.0   1009.6
     1     1    21     1    14    12     0     0    12.0   62.986   61.233     39.6   1012.7
     2     1    21     1    14    12     0     0    12.0   62.856   60.480      0.0   1011.4
     1     1    21     1    14    13     0     1    13.0   63.046   61.386     35.1   1013.4
     2     1    21     1    14    13     0     1    13.0   62.888   60.621      0.0   1012.6
     1     1    21     1    14    14     0     2    14.0   63.120   61.517     31.3   1014.2
     2     1    21     1    14    14     0     2    14.0   62.927   60.743      0.0   1013.6
     1     1    21     1    14    15     0     3    15.0   63.205   61.628     28.7   1014.7
     2     1    21     1    14    15     0     3    15.0   62.973   60.850      0.0   1014.7
     1     1    21     1    14    16     0     2    16.0   63.295   61.723     28.0   1014.9
     2     1    21     1    14    16     0     2    16.0   63.024   60.945      0.0   1015.7
     1     1    21     1    14    17     0     1    17.0   63.385   61.812     29.1   1014.6
     2     1    21     1    14    17     0     1    17.0   63.076   61.024      0.0   1016.6
     1     1    21     1    14    18     0     0    18.0   63.476   61.903     31.7   1014.0
     2     1    21     1    14    18     0     0    18.0   63.130   61.090      0.0   1016.9
     1     1    21     1    14    19     0     1    19.0   63.575   61.987     34.6   1012.1
     2     1    21     1    14    19     0     1    19.0   63.186   61.142      0.0   1016.1
     1     1    21     1    14    20     0     2    20.0   63.686   62.053     35.8   1010.3
     2     1    21     1    14    20     0     2    20.0   63.250   61.182      0.0   1015.2
     1     1    21     1    14    21     0     3    21.0   63.806   62.100     34.5   1008.7
     2     1    21     1    14    21     0     3    21.0   63.319   61.208      0.0   1014.3
     1     1    21     1    14    22     0     2    22.0   63.929   62.138     31.6   1008.6
     2     1    21     1    14    22     0     2    22.0   63.392   61.224      0.0   1014.5
     1     1    21     1    14    23     0     1    23.0   64.050   62.176     28.8   1007.9
     2     1    21     1    14    23     0     1    23.0   63.465   61.237      0.0   1014.7
     1     1    21     1    15     0     0     0    24.0   64.166   62.217     26.6   1006.6
     2     1    21     1    15     0     0     0    24.0   63.538   61.246      0.0   1014.9
