     5     1
    GDAS    21     1     8     0     0
    GDAS    21     1    15     0     0
    GDAS    21     1    22     0     0
    GDAS    21     1    29     0     0
    GDAS    21     2     1     0     0
     2 FORWARD  OMEGA   
    21     1    15     0   62.500   58.500   500.0
    21     1    15     0   62.500   58.500   200.0
     1 PRESSURE
     1     1    21     1    15     0     0     0     0.0   62.500   58.500    500.0    916.2
     2     1    21     1    15     0     0     0     0.0   62.500   58.500    200.0    953.9
     1     1    21     1    15     1     0     1     1.0   62.675   58.497    430.6    921.4
     2     1    21     1    15     1     0     1     1.0   62.585   58.355    146.0    960.8
     1     1    21     1    15     2     0     2     2.0   62.825   58.399    349.0    931.2
     2     1    21     1    15     2     0     2     2.0   62.634   58.158     94.6    971.1
     1     1    21     1    15     3     0     3     3.0   62.953   58.197    256.4    944.7
     2     1    21     1    15     3     0     3     3.0   62.651   57.939     56.5    978.7
     1     1    21     1    15     4     0     2     4.0   63.046   57.923    167.2    962.7
     2     1    21     1    15     4     0     2     4.0   62.658   57.729     34.0    983.3
     1     1    21     1    15     5     0     1     5.0   63.103   57.658    108.1    977.1
     2     1    21     1    15     5     0     1     5.0   62.669   57.539     22.3    986.6
     1     1    21     1    15     6     0     0     6.0   63.143   57.418     76.7    983.5
     2     1    21     1    15     6     0     0     6.0   62.682   57.369     16.5    989.4
     1     1    21     1    15     7     0     1     7.0   63.175   57.201     63.5    987.0
     2     1    21     1    15     7     0     1     7.0   62.699   57.218     13.9    990.9
     1     1    21     1    15     8     0     2     8.0   63.200   57.000     62.7    989.4
     2     1    21     1    15     8     0     2     8.0   62.724   57.088     13.2    992.1
     1     1    21     1    15     9     0     3     9.0   63.220   56.811     70.5    987.1
     2     1    21     1    15     9     0     3     9.0   62.754   56.972     14.2    992.3
     1     1    21     1    15    10     0     2    10.0   63.244   56.625     81.9    985.0
     2     1    21     1    15    10     0     2    10.0   62.791   56.864     16.4    991.8
     1     1    21     1    15    11     0     1    11.0   63.280   56.428     94.6    982.4
     2     1    21     1    15    11     0     1    11.0   62.835   56.756     19.2    991.3
     1     1    21     1    15    12     0     0    12.0   63.320   56.218    107.4    979.7
     2     1    21     1    15    12     0     0    12.0   62.885   56.641     22.4    990.9
     1     1    21     1    15    13     0     1    13.0   63.354   56.030    118.4    977.1
     2     1    21     1    15    13     0     1    13.0   62.938   56.530     25.5    989.5
     1     1    21     1    15    14     0     2    14.0   63.381   55.901    125.2    975.1
     2     1    21     1    15    14     0     2    14.0   62.990   56.442     28.3    988.1
     1     1    21     1    15    15     0     3    15.0   63.400   55.832    127.5    974.1
     2     1    21     1    15    15     0     3    15.0   63.039   56.386     29.8    987.1
     1     1    21     1    15    16     0     2    16.0   63.408   55.789    130.2    974.4
     2     1    21     1    15    16     0     2    16.0   63.080   56.351     31.5    988.0
     1     1    21     1    15    17     0     1    17.0   63.405   55.739    138.3    973.4
     2     1    21     1    15    17     0     1    17.0   63.109   56.324     35.3    988.2
     1     1    21     1    15    18     0     0    18.0   63.390   55.682    152.6    971.5
     2     1    21     1    15    18     0     0    18.0   63.126   56.307     41.7    988.1
     1     1    21     1    15    19     0     1    19.0   63.370   55.650    168.9    969.2
     2     1    21     1    15    19     0     1    19.0   63.137   56.313     49.0    987.4
     1     1    21     1    15    20     0     2    20.0   63.352   55.671    180.1    968.3
     2     1    21     1    15    20     0     2    20.0   63.147   56.359     55.2    987.1
     1     1    21     1    15    21     0     3    21.0   63.335   55.749    184.7    968.4
     2     1    21     1    15    21     0     3    21.0   63.158   56.444     60.0    987.1
     1     1    21     1    15    22     0     2    22.0   63.323   55.844    188.9    969.1
     2     1    21     1    15    22     0     2    22.0   63.181   56.534     65.0    986.9
     1     1    21     1    15    23     0     1    23.0   63.319   55.909    200.4    968.2
     2     1    21     1    15    23     0     1    23.0   63.219   56.592     71.5    986.4
     1     1    21     1    16     0     0     0    24.0   63.322   55.936    221.9    965.5
     2     1    21     1    16     0     0     0    24.0   63.266   56.615     79.9    985.5
