     5     1
    GDAS    21     1     1     0     0
    GDAS    21     1     8     0     0
    GDAS    21     1    15     0     0
    GDAS    21     1    22     0     0
    GDAS    21     1    29     0     0
     2 FORWARD  OMEGA   
    21     1     9     0   62.500   58.500   500.0
    21     1     9     0   62.500   58.500   200.0
     1 PRESSURE
     1     1    21     1     9     0     0     0     0.0   62.500   58.500    500.0    920.4
     2     1    21     1     9     0     0     0     0.0   62.500   58.500    200.0    958.2
     1     1    21     1     9     1     0     1     1.0   62.518   58.390    465.2    926.8
     2     1    21     1     9     1     0     1     1.0   62.508   58.372    164.2    964.9
     1     1    21     1     9     2     0     2     2.0   62.537   58.263    434.9    933.0
     2     1    21     1     9     2     0     2     2.0   62.512   58.239    133.4    971.2
     1     1    21     1     9     3     0     3     3.0   62.557   58.119    408.9    939.1
     2     1    21     1     9     3     0     3     3.0   62.510   58.107    107.5    977.2
     1     1    21     1     9     4     0     2     4.0   62.574   57.963    384.6    945.2
     2     1    21     1     9     4     0     2     4.0   62.501   57.981     85.7    983.0
     1     1    21     1     9     5     0     1     5.0   62.582   57.797    358.0    950.3
     2     1    21     1     9     5     0     1     5.0   62.484   57.861     68.1    986.8
     1     1    21     1     9     6     0     0     6.0   62.578   57.625    330.4    955.9
     2     1    21     1     9     6     0     0     6.0   62.458   57.747     54.6    989.4
     1     1    21     1     9     7     0     1     7.0   62.564   57.443    306.5    961.5
     2     1    21     1     9     7     0     1     7.0   62.428   57.640     44.9    991.9
     1     1    21     1     9     8     0     2     8.0   62.543   57.251    290.8    965.9
     2     1    21     1     9     8     0     2     8.0   62.393   57.538     38.7    993.9
     1     1    21     1     9     9     0     3     9.0   62.512   57.059    284.7    969.2
     2     1    21     1     9     9     0     3     9.0   62.354   57.443     35.2    995.5
     1     1    21     1     9    10     0     2    10.0   62.475   56.850    283.6    969.4
     2     1    21     1     9    10     0     2    10.0   62.311   57.346     32.9    996.9
     1     1    21     1     9    11     0     1    11.0   62.440   56.601    282.4    969.6
     2     1    21     1     9    11     0     1    11.0   62.265   57.237     30.7    998.5
     1     1    21     1     9    12     0     0    12.0   62.399   56.309    280.5    969.9
     2     1    21     1     9    12     0     0    12.0   62.213   57.117     28.7   1000.1
     1     1    21     1     9    13     0     1    13.0   62.354   55.991    277.8    970.1
     2     1    21     1     9    13     0     1    13.0   62.159   56.991     27.6   1001.9
     1     1    21     1     9    14     0     2    14.0   62.321   55.663    273.2    969.6
     2     1    21     1     9    14     0     2    14.0   62.107   56.863     27.3   1002.2
     1     1    21     1     9    15     0     3    15.0   62.302   55.319    267.3    969.5
     2     1    21     1     9    15     0     3    15.0   62.058   56.730     27.2   1002.6
     1     1    21     1     9    16     0     2    16.0   62.297   54.942    261.6    969.6
     2     1    21     1     9    16     0     2    16.0   62.011   56.586     26.8   1002.8
     1     1    21     1     9    17     0     1    17.0   62.307   54.523    254.0    969.3
     2     1    21     1     9    17     0     1    17.0   61.971   56.428     25.9   1003.0
     1     1    21     1     9    18     0     0    18.0   62.323   54.083    242.2    969.8
     2     1    21     1     9    18     0     0    18.0   61.937   56.262     24.8   1003.2
     1     1    21     1     9    19     0     1    19.0   62.351   53.615    225.3    972.9
     2     1    21     1     9    19     0     1    19.0   61.906   56.091     24.0   1003.2
     1     1    21     1     9    20     0     2    20.0   62.400   53.101    200.1    977.2
     2     1    21     1     9    20     0     2    20.0   61.879   55.916     23.5   1003.2
     1     1    21     1     9    21     0     3    21.0   62.457   52.570    177.2    982.8
     2     1    21     1     9    21     0     3    21.0   61.856   55.730     22.8   1003.6
     1     1    21     1     9    22     0     2    22.0   62.512   52.050    170.1    985.6
     2     1    21     1     9    22     0     2    22.0   61.837   55.525     21.4   1004.3
     1     1    21     1     9    23     0     1    23.0   62.574   51.525    170.1    984.5
     2     1    21     1     9    23     0     1    23.0   61.818   55.297     19.6   1005.3
     1     1    21     1    10     0     0     0    24.0   62.641   50.989    169.4    984.7
     2     1    21     1    10     0     0     0    24.0   61.799   55.049     17.9   1006.3
