     5     1
    GDAS    21     1     1     0     0
    GDAS    21     1     8     0     0
    GDAS    21     1    15     0     0
    GDAS    21     1    22     0     0
    GDAS    21     1    29     0     0
     2 FORWARD  OMEGA   
    21     1    12     0   62.500   58.500   500.0
    21     1    12     0   62.500   58.500   200.0
     1 PRESSURE
     1     1    21     1    12     0     0     0     0.0   62.500   58.500    500.0    922.5
     2     1    21     1    12     0     0     0     0.0   62.500   58.500    200.0    960.6
     1     1    21     1    12     1     0     1     1.0   62.525   58.151    428.6    941.5
     2     1    21     1    12     1     0     1     1.0   62.495   58.262    142.5    974.3
     1     1    21     1    12     2     0     2     2.0   62.544   57.837    383.3    951.7
     2     1    21     1    12     2     0     2     2.0   62.490   58.053    105.5    983.9
     1     1    21     1    12     3     0     3     3.0   62.562   57.544    356.8    957.8
     2     1    21     1    12     3     0     3     3.0   62.479   57.875     82.1    989.6
     1     1    21     1    12     4     0     2     4.0   62.581   57.279    344.1    962.6
     2     1    21     1    12     4     0     2     4.0   62.460   57.723     66.7    993.2
     1     1    21     1    12     5     0     1     5.0   62.600   57.041    341.4    966.1
     2     1    21     1    12     5     0     1     5.0   62.435   57.589     56.2    996.2
     1     1    21     1    12     6     0     0     6.0   62.624   56.816    343.0    966.3
     2     1    21     1    12     6     0     0     6.0   62.405   57.468     48.9    998.9
     1     1    21     1    12     7     0     1     7.0   62.644   56.598    343.1    966.0
     2     1    21     1    12     7     0     1     7.0   62.370   57.361     44.0   1000.8
     1     1    21     1    12     8     0     2     8.0   62.658   56.384    340.6    966.3
     2     1    21     1    12     8     0     2     8.0   62.327   57.274     40.5   1002.3
     1     1    21     1    12     9     0     3     9.0   62.667   56.172    336.7    966.8
     2     1    21     1    12     9     0     3     9.0   62.279   57.204     38.2   1003.4
     1     1    21     1    12    10     0     2    10.0   62.674   55.962    332.5    967.3
     2     1    21     1    12    10     0     2    10.0   62.225   57.146     36.8   1004.4
     1     1    21     1    12    11     0     1    11.0   62.680   55.756    327.3    966.8
     2     1    21     1    12    11     0     1    11.0   62.164   57.088     36.1   1005.2
     1     1    21     1    12    12     0     0    12.0   62.688   55.556    320.1    966.7
     2     1    21     1    12    12     0     0    12.0   62.097   57.028     35.9   1005.7
     1     1    21     1    12    13     0     1    13.0   62.697   55.361    311.4    966.7
     2     1    21     1    12    13     0     1    13.0   62.028   56.961     35.9   1005.8
     1     1    21     1    12    14     0     2    14.0   62.704   55.171    301.9    966.7
     2     1    21     1    12    14     0     2    14.0   61.964   56.882     35.5   1005.4
     1     1    21     1    12    15     0     3    15.0   62.710   54.981    291.8    966.9
     2     1    21     1    12    15     0     3    15.0   61.906   56.790     34.3   1005.0
     1     1    21     1    12    16     0     2    16.0   62.715   54.791    281.2    969.4
     2     1    21     1    12    16     0     2    16.0   61.854   56.696     32.7   1005.6
     1     1    21     1    12    17     0     1    17.0   62.721   54.607    270.0    972.1
     2     1    21     1    12    17     0     1    17.0   61.809   56.606     31.4   1006.2
     1     1    21     1    12    18     0     0    18.0   62.731   54.430    258.4    974.9
     2     1    21     1    12    18     0     0    18.0   61.770   56.521     30.8   1006.8
     1     1    21     1    12    19     0     1    19.0   62.740   54.267    246.8    977.2
     2     1    21     1    12    19     0     1    19.0   61.733   56.442     30.6   1006.7
     1     1    21     1    12    20     0     2    20.0   62.745   54.119    235.8    979.5
     2     1    21     1    12    20     0     2    20.0   61.698   56.372     30.4   1006.6
     1     1    21     1    12    21     0     3    21.0   62.745   53.987    225.7    981.5
     2     1    21     1    12    21     0     3    21.0   61.663   56.314     30.2   1006.5
     1     1    21     1    12    22     0     2    22.0   62.745   53.871    216.1    982.6
     2     1    21     1    12    22     0     2    22.0   61.629   56.265     29.9   1006.3
     1     1    21     1    12    23     0     1    23.0   62.745   53.774    206.5    983.9
     2     1    21     1    12    23     0     1    23.0   61.596   56.222     29.8   1006.1
     1     1    21     1    13     0     0     0    24.0   62.744   53.699    197.1    985.3
     2     1    21     1    13     0     0     0    24.0   61.563   56.184     29.9   1005.8
