     5     1
    GDAS    21     1     1     0     0
    GDAS    21     1     8     0     0
    GDAS    21     1    15     0     0
    GDAS    21     1    22     0     0
    GDAS    21     1    29     0     0
     2 FORWARD  OMEGA   
    21     1    10     0   62.500   58.500   500.0
    21     1    10     0   62.500   58.500   200.0
     1 PRESSURE
     1     1    21     1    10     0     0     0     0.0   62.500   58.500    500.0    921.4
     2     1    21     1    10     0     0     0     0.0   62.500   58.500    200.0    959.5
     1     1    21     1    10     1     0     1     1.0   62.513   57.732    325.1    960.0
     2     1    21     1    10     1     0     1     1.0   62.480   58.066    105.2    989.6
     1     1    21     1    10     2     0     2     2.0   62.544   57.060    268.2    974.5
     2     1    21     1    10     2     0     2     2.0   62.461   57.655     63.3    992.8
     1     1    21     1    10     3     0     3     3.0   62.590   56.426    264.2    975.8
     2     1    21     1    10     3     0     3     3.0   62.441   57.316     47.0    999.7
     1     1    21     1    10     4     0     2     4.0   62.653   55.732    273.2    971.6
     2     1    21     1    10     4     0     2     4.0   62.417   56.997     41.8   1003.8
     1     1    21     1    10     5     0     1     5.0   62.745   54.914    241.4    966.4
     2     1    21     1    10     5     0     1     5.0   62.386   56.672     42.0   1003.4
     1     1    21     1    10     6     0     0     6.0   62.828   54.118    219.3    979.9
     2     1    21     1    10     6     0     0     6.0   62.349   56.331     45.0   1003.0
     1     1    21     1    10     7     0     1     7.0   62.906   53.328    220.2    973.3
     2     1    21     1    10     7     0     1     7.0   62.310   55.973     51.4   1001.8
     1     1    21     1    10     8     0     2     8.0   62.971   52.537    181.5    981.1
     2     1    21     1    10     8     0     2     8.0   62.270   55.575     54.2   1000.1
     1     1    21     1    10     9     0     3     9.0   63.007   51.862    166.4    986.3
     2     1    21     1    10     9     0     3     9.0   62.229   55.141     45.8   1000.2
     1     1    21     1    10    10     0     2    10.0   63.024   51.201    161.1    986.6
     2     1    21     1    10    10     0     2    10.0   62.183   54.719     35.4   1001.0
     1     1    21     1    10    11     0     1    11.0   63.026   50.519    159.1    986.9
     2     1    21     1    10    11     0     1    11.0   62.130   54.316     31.5    999.5
     1     1    21     1    10    12     0     0    12.0   63.019   49.830    164.6    985.2
     2     1    21     1    10    12     0     0    12.0   62.069   53.919     32.5    997.3
     1     1    21     1    10    13     0     1    13.0   63.027   49.082    168.6    977.1
     2     1    21     1    10    13     0     1    13.0   62.007   53.513     28.9    998.9
     1     1    21     1    10    14     0     2    14.0   63.064   48.331    159.9    983.3
     2     1    21     1    10    14     0     2    14.0   61.951   53.136     18.7   1002.8
     1     1    21     1    10    15     0     3    15.0   63.114   47.643    143.3    987.5
     2     1    21     1    10    15     0     3    15.0   61.898   52.803     11.0   1005.0
     1     1    21     1    10    16     0     2    16.0   63.165   47.015    121.0    991.8
     2     1    21     1    10    16     0     2    16.0   61.844   52.489      7.2   1006.3
     1     1    21     1    10    17     0     1    17.0   63.209   46.449    100.9    995.5
     2     1    21     1    10    17     0     1    17.0   61.788   52.179      6.1   1007.0
     1     1    21     1    10    18     0     0    18.0   63.249   45.921     87.1    997.0
     2     1    21     1    10    18     0     0    18.0   61.733   51.866      6.8   1007.1
     1     1    21     1    10    19     0     1    19.0   63.288   45.425     71.4    999.3
     2     1    21     1    10    19     0     1    19.0   61.680   51.556      7.2   1006.9
     1     1    21     1    10    20     0     2    20.0   63.327   44.988     53.4   1002.6
     2     1    21     1    10    20     0     2    20.0   61.630   51.257      6.3   1006.6
     1     1    21     1    10    21     0     3    21.0   63.365   44.609     39.1   1004.7
     2     1    21     1    10    21     0     3    21.0   61.584   50.970      4.5   1006.5
     1     1    21     1    10    22     0     2    22.0   63.401   44.268     28.7   1006.5
     2     1    21     1    10    22     0     2    22.0   61.537   50.695      3.3   1007.2
     1     1    21     1    10    23     0     1    23.0   63.436   43.949     21.3   1008.5
     2     1    21     1    10    23     0     1    23.0   61.481   50.428      3.6   1008.2
     1     1    21     1    11     0     0     0    24.0   63.469   43.651     16.5   1011.7
     2     1    21     1    11     0     0     0    24.0   61.418   50.167      5.3   1009.3
