     5     1
    GDAS    21     1     8     0     0
    GDAS    21     1    15     0     0
    GDAS    21     1    22     0     0
    GDAS    21     1    29     0     0
    GDAS    21     2     1     0     0
     2 FORWARD  OMEGA   
    21     1    16     0   62.500   58.500   500.0
    21     1    16     0   62.500   58.500   200.0
     1 PRESSURE
     1     1    21     1    16     0     0     0     0.0   62.500   58.500    500.0    906.8
     2     1    21     1    16     0     0     0     0.0   62.500   58.500    200.0    944.5
     1     1    21     1    16     1     0     1     1.0   62.522   58.649    491.4    904.7
     2     1    21     1    16     1     0     1     1.0   62.562   58.572    202.8    941.5
     1     1    21     1    16     2     0     2     2.0   62.524   58.785    488.2    901.1
     2     1    21     1    16     2     0     2     2.0   62.595   58.633    201.0    939.3
     1     1    21     1    16     3     0     3     3.0   62.510   58.906    482.3    898.4
     2     1    21     1    16     3     0     3     3.0   62.600   58.680    189.2    939.2
     1     1    21     1    16     4     0     2     4.0   62.483   58.990    464.3    897.9
     2     1    21     1    16     4     0     2     4.0   62.579   58.698    163.8    941.1
     1     1    21     1    16     5     0     1     5.0   62.444   59.013    431.2    902.5
     2     1    21     1    16     5     0     1     5.0   62.538   58.673    126.4    946.3
     1     1    21     1    16     6     0     0     6.0   62.393   58.968    387.1    908.8
     2     1    21     1    16     6     0     0     6.0   62.485   58.612     81.8    954.3
     1     1    21     1    16     7     0     1     7.0   62.339   58.836    328.1    917.6
     2     1    21     1    16     7     0     1     7.0   62.432   58.525     44.0    961.3
     1     1    21     1    16     8     0     2     8.0   62.277   58.613    257.8    931.7
     2     1    21     1    16     8     0     2     8.0   62.383   58.421     22.3    966.7
     1     1    21     1    16     9     0     3     9.0   62.184   58.316    196.1    948.0
     2     1    21     1    16     9     0     3     9.0   62.327   58.303      9.5    969.0
     1     1    21     1    16    10     0     2    10.0   62.052   57.978    158.5    960.3
     2     1    21     1    16    10     0     2    10.0   62.260   58.178      2.3    971.6
     1     1    21     1    16    11     0     1    11.0   61.898   57.634    136.5    963.1
     2     1    21     1    16    11     0     1    11.0   62.177   58.040      0.0    974.5
     1     1    21     1    16    12     0     0    12.0   61.738   57.312    120.5    965.5
     2     1    21     1    16    12     0     0    12.0   62.078   57.889      0.0    976.3
     1     1    21     1    16    13     0     1    13.0   61.583   57.011    113.0    967.0
     2     1    21     1    16    13     0     1    13.0   61.976   57.721      0.0    977.7
     1     1    21     1    16    14     0     2    14.0   61.446   56.705    108.7    964.6
     2     1    21     1    16    14     0     2    14.0   61.884   57.543      0.0    978.0
     1     1    21     1    16    15     0     3    15.0   61.326   56.390    100.0    964.0
     2     1    21     1    16    15     0     3    15.0   61.803   57.364      0.0    978.1
     1     1    21     1    16    16     0     2    16.0   61.216   56.084     90.0    965.0
     2     1    21     1    16    16     0     2    16.0   61.732   57.184      0.0    978.8
     1     1    21     1    16    17     0     1    17.0   61.111   55.800     85.2    966.5
     2     1    21     1    16    17     0     1    17.0   61.674   57.000      0.3    979.6
     1     1    21     1    16    18     0     0    18.0   61.010   55.539     88.8    966.6
     2     1    21     1    16    18     0     0    18.0   61.626   56.803      0.9    979.0
     1     1    21     1    16    19     0     1    19.0   60.909   55.289    100.4    965.4
     2     1    21     1    16    19     0     1    19.0   61.574   56.598      1.5    978.0
     1     1    21     1    16    20     0     2    20.0   60.806   55.038    119.8    963.5
     2     1    21     1    16    20     0     2    20.0   61.511   56.395      2.1    976.9
     1     1    21     1    16    21     0     3    21.0   60.693   54.782    147.2    958.8
     2     1    21     1    16    21     0     3    21.0   61.440   56.191      2.9    975.5
     1     1    21     1    16    22     0     2    22.0   60.560   54.516    179.6    953.5
     2     1    21     1    16    22     0     2    22.0   61.363   55.995      4.1    975.1
     1     1    21     1    16    23     0     1    23.0   60.402   54.251    212.1    947.1
     2     1    21     1    16    23     0     1    23.0   61.279   55.819      5.1    975.5
     1     1    21     1    17     0     0     0    24.0   60.230   53.992    241.0    940.1
     2     1    21     1    17     0     0     0    24.0   61.191   55.668      5.7    975.6
