     5     1
    GDAS    20     6    29     0     0
    GDAS    20     7     1     0     0
    GDAS    20     7     8     0     0
    GDAS    20     7    15     0     0
    GDAS    20     7    22     0     0
     3 FORWARD  OMEGA   
    20     7     2     0   62.085   49.588   100.0
    20     7     2     0   62.085   49.588   500.0
    20     7     2     0   62.085   49.588  1000.0
     1 PRESSURE
     1     1    20     7     2     0     0     0     0.0   62.085   49.588    100.0    981.6
     2     1    20     7     2     0     0     0     0.0   62.085   49.588    500.0    936.9
     3     1    20     7     2     0     0     0     0.0   62.085   49.588   1000.0    882.5
     1     1    20     7     2     1     0     1     1.0   62.286   49.462     92.9    980.2
     2     1    20     7     2     1     0     1     1.0   62.465   49.602    499.8    932.5
     3     1    20     7     2     1     0     1     1.0   62.487   49.740   1031.1    872.6
     1     1    20     7     2     2     0     2     2.0   62.489   49.337     88.0    978.1
     2     1    20     7     2     2     0     2     2.0   62.837   49.592    504.6    929.3
     3     1    20     7     2     2     0     2     2.0   62.888   49.852   1059.1    872.2
     1     1    20     7     2     3     0     3     3.0   62.700   49.186     86.3    975.1
     2     1    20     7     2     3     0     3     3.0   63.212   49.496    531.6    924.0
     3     1    20     7     2     3     0     3     3.0   63.311   49.907   1138.8    861.4
     1     1    20     7     2     4     0     2     4.0   62.925   49.031     87.5    970.8
     2     1    20     7     2     4     0     2     4.0   63.590   49.376    567.6    918.3
     3     1    20     7     2     4     0     2     4.0   63.725   49.961   1219.1    845.6
     1     1    20     7     2     5     0     1     5.0   63.158   48.918     88.6    970.5
     2     1    20     7     2     5     0     1     5.0   63.978   49.277    593.7    916.6
     3     1    20     7     2     5     0     1     5.0   64.121   50.050   1265.0    840.6
     1     1    20     7     2     6     0     0     6.0   63.388   48.844     86.5    972.3
     2     1    20     7     2     6     0     0     6.0   64.392   49.183    603.8    913.2
     3     1    20     7     2     6     0     0     6.0   64.521   50.135   1304.1    837.6
     1     1    20     7     2     7     0     1     7.0   63.610   48.778     80.1    974.4
     2     1    20     7     2     7     0     1     7.0   64.819   49.093    594.4    911.7
     3     1    20     7     2     7     0     1     7.0   64.917   50.219   1311.1    834.8
     1     1    20     7     2     8     0     2     8.0   63.816   48.712     73.0    976.6
     2     1    20     7     2     8     0     2     8.0   65.235   49.050    557.9    914.6
     3     1    20     7     2     8     0     2     8.0   65.301   50.335   1306.4    842.2
     1     1    20     7     2     9     0     3     9.0   64.009   48.667     69.9    977.5
     2     1    20     7     2     9     0     3     9.0   65.634   49.054    474.0    924.7
     3     1    20     7     2     9     0     3     9.0   65.676   50.429   1388.5    841.2
     1     1    20     7     2    10     0     2    10.0   64.200   48.652     70.2    976.5
     2     1    20     7     2    10     0     2    10.0   65.993   49.031    370.6    944.0
     3     1    20     7     2    10     0     2    10.0   66.043   50.461   1502.0    821.4
     1     1    20     7     2    11     0     1    11.0   64.393   48.662     72.3    975.6
     2     1    20     7     2    11     0     1    11.0   66.309   48.954    310.1    952.7
     3     1    20     7     2    11     0     1    11.0   66.398   50.479   1538.0    818.3
     1     1    20     7     2    12     0     0    12.0   64.589   48.686     78.9    974.1
     2     1    20     7     2    12     0     0    12.0   66.613   48.837    306.1    950.0
     3     1    20     7     2    12     0     0    12.0   66.753   50.468   1500.6    829.5
     1     1    20     7     2    13     0     1    13.0   64.789   48.707     90.2    971.0
     2     1    20     7     2    13     0     1    13.0   66.930   48.711    328.1    948.0
     3     1    20     7     2    13     0     1    13.0   67.112   50.416   1485.3    839.6
     1     1    20     7     2    14     0     2    14.0   65.000   48.719    104.5    967.8
     2     1    20     7     2    14     0     2    14.0   67.255   48.618    375.1    949.4
     3     1    20     7     2    14     0     2    14.0   67.460   50.366   1540.4    832.2
     1     1    20     7     2    15     0     3    15.0   65.220   48.720    117.6    967.0
     2     1    20     7     2    15     0     3    15.0   67.562   48.555    448.4    945.5
     3     1    20     7     2    15     0     3    15.0   67.803   50.289   1600.3    823.1
     1     1    20     7     2    16     0     2    16.0   65.441   48.711    127.1    968.2
     2     1    20     7     2    16     0     2    16.0   67.853   48.524    528.4    939.0
     3     1    20     7     2    16     0     2    16.0   68.149   50.202   1633.0    822.9
     1     1    20     7     2    17     0     1    17.0   65.663   48.703    135.6    969.2
     2     1    20     7     2    17     0     1    17.0   68.147   48.523    582.0    932.9
     3     1    20     7     2    17     0     1    17.0   68.495   50.121   1655.0    822.4
     1     1    20     7     2    18     0     0    18.0   65.893   48.698    142.5    970.3
     2     1    20     7     2    18     0     0    18.0   68.447   48.503    591.4    930.8
     3     1    20     7     2    18     0     0    18.0   68.848   49.989   1680.1    821.2
     1     1    20     7     2    19     0     1    19.0   66.127   48.711    150.9    970.0
     2     1    20     7     2    19     0     1    19.0   68.746   48.449    578.7    932.9
     3     1    20     7     2    19     0     1    19.0   69.206   49.806   1689.7    816.6
     1     1    20     7     2    20     0     2    20.0   66.359   48.774    169.9    967.2
     2     1    20     7     2    20     0     2    20.0   69.047   48.375    571.7    934.1
     3     1    20     7     2    20     0     2    20.0   69.562   49.609   1679.1    818.8
     1     1    20     7     2    21     0     3    21.0   66.607   48.918    208.9    960.2
     2     1    20     7     2    21     0     3    21.0   69.356   48.282    582.2    935.1
     3     1    20     7     2    21     0     3    21.0   69.917   49.371   1684.9    821.2
     1     1    20     7     2    22     0     2    22.0   66.863   49.136    257.7    951.1
     2     1    20     7     2    22     0     2    22.0   69.658   48.193    592.1    933.3
     3     1    20     7     2    22     0     2    22.0   70.277   49.119   1702.3    817.7
     1     1    20     7     2    23     0     1    23.0   67.095   49.367    284.2    951.3
     2     1    20     7     2    23     0     1    23.0   69.940   48.135    579.2    935.4
     3     1    20     7     2    23     0     1    23.0   70.640   48.866   1702.5    817.8
     1     1    20     7     3     0     0     0    24.0   67.289   49.607    283.7    958.9
     2     1    20     7     3     0     0     0    24.0   70.218   48.109    551.1    939.6
     3     1    20     7     3     0     0     0    24.0   71.015   48.547   1692.8    819.6
