     5     1
    GDAS    20     3    22     0     0
    GDAS    20     3    29     0     0
    GDAS    20     4     1     0     0
    GDAS    20     4     8     0     0
    GDAS    20     4    15     0     0
     3 FORWARD  OMEGA   
    20     3    31     0   62.085   49.588   100.0
    20     3    31     0   62.085   49.588   500.0
    20     3    31     0   62.085   49.588  1000.0
     1 PRESSURE
     1     1    20     3    31     0     0     0     0.0   62.085   49.588    100.0    990.1
     2     1    20     3    31     0     0     0     0.0   62.085   49.588    500.0    940.5
     3     1    20     3    31     0     0     0     0.0   62.085   49.588   1000.0    881.8
     1     1    20     3    31     1     0     1     1.0   62.003   49.598    109.4    989.3
     2     1    20     3    31     1     0     1     1.0   61.965   49.582    504.3    940.1
     3     1    20     3    31     1     0     1     1.0   61.968   49.655    987.2    884.0
     1     1    20     3    31     2     0     2     2.0   61.914   49.592    116.1    987.3
     2     1    20     3    31     2     0     2     2.0   61.842   49.544    503.8    938.7
     3     1    20     3    31     2     0     2     2.0   61.850   49.684    978.5    883.7
     1     1    20     3    31     3     0     3     3.0   61.819   49.567    119.3    985.8
     2     1    20     3    31     3     0     3     3.0   61.717   49.468    498.3    938.0
     3     1    20     3    31     3     0     3     3.0   61.732   49.677    974.3    883.0
     1     1    20     3    31     4     0     2     4.0   61.722   49.523    121.0    985.1
     2     1    20     3    31     4     0     2     4.0   61.587   49.349    492.4    938.5
     3     1    20     3    31     4     0     2     4.0   61.609   49.625    973.3    882.1
     1     1    20     3    31     5     0     1     5.0   61.625   49.461    122.7    984.3
     2     1    20     3    31     5     0     1     5.0   61.450   49.195    492.3    937.8
     3     1    20     3    31     5     0     1     5.0   61.477   49.518    975.5    881.1
     1     1    20     3    31     6     0     0     6.0   61.525   49.387    124.8    983.3
     2     1    20     3    31     6     0     0     6.0   61.306   49.019    502.3    935.9
     3     1    20     3    31     6     0     0     6.0   61.336   49.355    984.8    879.4
     1     1    20     3    31     7     0     1     7.0   61.420   49.298    127.7    981.3
     2     1    20     3    31     7     0     1     7.0   61.155   48.818    518.2    931.1
     3     1    20     3    31     7     0     1     7.0   61.187   49.141    997.5    875.4
     1     1    20     3    31     8     0     2     8.0   61.304   49.187    132.5    979.0
     2     1    20     3    31     8     0     2     8.0   60.997   48.584    533.9    927.9
     3     1    20     3    31     8     0     2     8.0   61.029   48.882   1012.2    872.5
     1     1    20     3    31     9     0     3     9.0   61.177   49.049    142.0    976.1
     2     1    20     3    31     9     0     3     9.0   60.825   48.332    541.2    925.1
     3     1    20     3    31     9     0     3     9.0   60.863   48.587   1022.3    869.2
     1     1    20     3    31    10     0     2    10.0   61.041   48.881    158.3    972.9
     2     1    20     3    31    10     0     2    10.0   60.637   48.063    525.0    926.0
     3     1    20     3    31    10     0     2    10.0   60.688   48.260   1006.1    869.6
     1     1    20     3    31    11     0     1    11.0   60.900   48.688    176.4    970.0
     2     1    20     3    31    11     0     1    11.0   60.438   47.772    490.2    930.8
     3     1    20     3    31    11     0     1    11.0   60.503   47.903    956.1    875.6
     1     1    20     3    31    12     0     0    12.0   60.752   48.476    187.8    968.2
     2     1    20     3    31    12     0     0    12.0   60.231   47.458    450.9    936.1
     3     1    20     3    31    12     0     0    12.0   60.302   47.524    897.0    884.5
     1     1    20     3    31    13     0     1    13.0   60.594   48.250    190.1    967.3
     2     1    20     3    31    13     0     1    13.0   60.015   47.118    412.2    940.3
     3     1    20     3    31    13     0     1    13.0   60.082   47.120    845.0    889.2
     1     1    20     3    31    14     0     2    14.0   60.422   48.010    187.5    967.1
     2     1    20     3    31    14     0     2    14.0   59.792   46.761    383.4    944.3
     3     1    20     3    31    14     0     2    14.0   59.849   46.693    804.4    893.9
     1     1    20     3    31    15     0     3    15.0   60.239   47.757    184.6    966.7
     2     1    20     3    31    15     0     3    15.0   59.564   46.390    369.2    944.3
     3     1    20     3    31    15     0     3    15.0   59.612   46.255    781.0    895.3
     1     1    20     3    31    16     0     2    16.0   60.052   47.476    179.5    966.5
     2     1    20     3    31    16     0     2    16.0   59.326   46.005    353.1    944.3
     3     1    20     3    31    16     0     2    16.0   59.376   45.800    764.7    896.0
     1     1    20     3    31    17     0     1    17.0   59.871   47.164    171.4    967.1
     2     1    20     3    31    17     0     1    17.0   59.077   45.626    324.2    947.3
     3     1    20     3    31    17     0     1    17.0   59.144   45.322    747.1    897.5
     1     1    20     3    31    18     0     0    18.0   59.696   46.844    164.4    967.6
     2     1    20     3    31    18     0     0    18.0   58.833   45.289    298.9    952.1
     3     1    20     3    31    18     0     0    18.0   58.914   44.837    737.5    899.9
     1     1    20     3    31    19     0     1    19.0   59.524   46.560    157.2    967.3
     2     1    20     3    31    19     0     1    19.0   58.601   45.027    291.6    952.0
     3     1    20     3    31    19     0     1    19.0   58.690   44.414    749.9    898.1
     1     1    20     3    31    20     0     2    20.0   59.356   46.337    142.9    967.6
     2     1    20     3    31    20     0     2    20.0   58.373   44.853    297.1    949.7
     3     1    20     3    31    20     0     2    20.0   58.474   44.094    766.6    893.4
     1     1    20     3    31    21     0     3    21.0   59.196   46.172    115.6    969.9
     2     1    20     3    31    21     0     3    21.0   58.141   44.753    308.2    947.4
     3     1    20     3    31    21     0     3    21.0   58.261   43.865    769.1    892.5
     1     1    20     3    31    22     0     2    22.0   59.040   46.069     79.2    974.8
     2     1    20     3    31    22     0     2    22.0   57.900   44.729    323.7    945.3
     3     1    20     3    31    22     0     2    22.0   58.032   43.728    767.3    893.4
     1     1    20     3    31    23     0     1    23.0   58.889   46.031     48.0    979.0
     2     1    20     3    31    23     0     1    23.0   57.650   44.787    342.5    942.6
     3     1    20     3    31    23     0     1    23.0   57.776   43.698    773.2    893.1
     1     1    20     4     1     0     0     0    24.0   58.746   46.047     29.2    981.6
     2     1    20     4     1     0     0     0    24.0   57.399   44.931    359.0    940.3
     3     1    20     4     1     0     0     0    24.0   57.503   43.779    785.5    891.8
