     5     1
    GDAS    20     2    15     0     0
    GDAS    20     2    22     0     0
    GDAS    20     2    29     0     0
    GDAS    20     3     1     0     0
    GDAS    20     3     8     0     0
     3 FORWARD  OMEGA   
    20     2    24     0   62.085   49.588   100.0
    20     2    24     0   62.085   49.588   500.0
    20     2    24     0   62.085   49.588  1000.0
     1 PRESSURE
     1     1    20     2    24     0     0     0     0.0   62.085   49.588    100.0    963.8
     2     1    20     2    24     0     0     0     0.0   62.085   49.588    500.0    916.1
     3     1    20     2    24     0     0     0     0.0   62.085   49.588   1000.0    859.6
     1     1    20     2    24     1     0     1     1.0   62.377   49.691     82.4    962.9
     2     1    20     2    24     1     0     1     1.0   62.600   49.877    497.8    910.8
     3     1    20     2    24     1     0     1     1.0   62.594   50.228   1038.7    849.7
     1     1    20     2    24     2     0     2     2.0   62.655   49.768     70.8    960.9
     2     1    20     2    24     2     0     2     2.0   63.103   50.142    495.1    907.9
     3     1    20     2    24     2     0     2     2.0   63.100   50.882   1072.2    843.9
     1     1    20     2    24     3     0     3     3.0   62.917   49.823     65.2    958.5
     2     1    20     2    24     3     0     3     3.0   63.600   50.408    513.3    902.8
     3     1    20     2    24     3     0     3     3.0   63.605   51.553   1112.5    835.6
     1     1    20     2    24     4     0     2     4.0   63.176   49.887     63.0    957.0
     2     1    20     2    24     4     0     2     4.0   64.103   50.746    559.8    893.6
     3     1    20     2    24     4     0     2     4.0   64.106   52.278   1127.7    830.5
     1     1    20     2    24     5     0     1     5.0   63.445   49.995     64.1    955.2
     2     1    20     2    24     5     0     1     5.0   64.625   51.190    588.8    890.4
     3     1    20     2    24     5     0     1     5.0   64.618   53.085   1098.5    844.2
     1     1    20     2    24     6     0     0     6.0   63.738   50.153     71.0    951.9
     2     1    20     2    24     6     0     0     6.0   65.172   51.666    571.7    901.4
     3     1    20     2    24     6     0     0     6.0   65.149   53.909   1061.3    850.7
     1     1    20     2    24     7     0     1     7.0   64.060   50.356     85.7    947.6
     2     1    20     2    24     7     0     1     7.0   65.718   52.118    544.7    905.9
     3     1    20     2    24     7     0     1     7.0   65.696   54.734   1027.3    852.9
     1     1    20     2    24     8     0     2     8.0   64.387   50.592     95.0    947.0
     2     1    20     2    24     8     0     2     8.0   66.255   52.548    500.7    913.2
     3     1    20     2    24     8     0     2     8.0   66.248   55.585    988.0    858.0
     1     1    20     2    24     9     0     3     9.0   64.694   50.844     85.1    950.4
     2     1    20     2    24     9     0     3     9.0   66.817   52.976    467.3    922.2
     3     1    20     2    24     9     0     3     9.0   66.803   56.484    944.3    864.3
     1     1    20     2    24    10     0     2    10.0   64.969   51.083     58.1    956.4
     2     1    20     2    24    10     0     2    10.0   67.410   53.484    457.0    921.4
     3     1    20     2    24    10     0     2    10.0   67.346   57.471    930.2    865.0
     1     1    20     2    24    11     0     1    11.0   65.212   51.292     35.5    960.8
     2     1    20     2    24    11     0     1    11.0   68.002   54.131    444.2    924.1
     3     1    20     2    24    11     0     1    11.0   67.871   58.556    948.8    856.4
     1     1    20     2    24    12     0     0    12.0   65.436   51.494     23.3    964.1
     2     1    20     2    24    12     0     0    12.0   68.585   54.848    402.9    929.3
     3     1    20     2    24    12     0     0    12.0   68.396   59.743    916.6    870.6
     1     1    20     2    24    13     0     1    13.0   65.643   51.681     16.5    966.8
     2     1    20     2    24    13     0     1    13.0   69.161   55.603    375.4    932.9
     3     1    20     2    24    13     0     1    13.0   68.918   60.902   1043.7    863.9
     1     1    20     2    24    14     0     2    14.0   65.836   51.838     13.0    969.3
     2     1    20     2    24    14     0     2    14.0   69.714   56.386    370.6    932.7
     3     1    20     2    24    14     0     2    14.0   69.381   62.133   1189.6    826.9
     1     1    20     2    24    15     0     3    15.0   66.018   51.975     11.4    972.0
     2     1    20     2    24    15     0     3    15.0   70.247   57.161    364.8    932.5
     3     1    20     2    24    15     0     3    15.0   69.815   63.460   1188.0    843.7
     1     1    20     2    24    16     0     2    16.0   66.208   52.115     10.3    973.1
     2     1    20     2    24    16     0     2    16.0   70.779   57.945    356.0    933.9
     3     1    20     2    24    16     0     2    16.0   70.221   64.780   1186.4    843.1
     1     1    20     2    24    17     0     1    17.0   66.417   52.282      9.4    974.0
     2     1    20     2    24    17     0     1    17.0   71.316   58.740    372.4    931.3
     3     1    20     2    24    17     0     1    17.0   70.631   66.059   1127.0    852.8
     1     1    20     2    24    18     0     0    18.0   66.648   52.480      9.1    975.2
     2     1    20     2    24    18     0     0    18.0   71.847   59.509    395.1    927.8
     3     1    20     2    24    18     0     0    18.0   71.052   67.339   1151.8    849.7
     1     1    20     2    24    19     0     1    19.0   66.898   52.701      9.8    976.9
     2     1    20     2    24    19     0     1    19.0   72.367   60.279    415.0    925.3
     3     1    20     2    24    19     0     1    19.0   71.478   68.668   1189.0    844.9
     1     1    20     2    24    20     0     2    20.0   67.161   52.938     11.9    976.6
     2     1    20     2    24    20     0     2    20.0   72.893   61.088    433.2    922.7
     3     1    20     2    24    20     0     2    20.0   71.901   70.085   1204.7    843.6
     1     1    20     2    24    21     0     3    21.0   67.415   53.207     15.4    975.7
     2     1    20     2    24    21     0     3    21.0   73.416   61.969    447.7    921.5
     3     1    20     2    24    21     0     3    21.0   72.310   71.577   1223.0    842.3
     1     1    20     2    24    22     0     2    22.0   67.661   53.526     18.8    975.9
     2     1    20     2    24    22     0     2    22.0   73.910   62.948    468.1    918.8
     3     1    20     2    24    22     0     2    22.0   72.700   73.150   1244.8    839.9
     1     1    20     2    24    23     0     1    23.0   67.906   53.904     19.8    977.8
     2     1    20     2    24    23     0     1    23.0   74.356   64.001    493.0    915.7
     3     1    20     2    24    23     0     1    23.0   73.062   74.820   1245.2    840.4
     1     1    20     2    25     0     0     0    24.0   68.145   54.337     16.9    978.7
     2     1    20     2    25     0     0     0    24.0   74.732   65.126    520.2    912.7
     3     1    20     2    25     0     0     0    24.0   73.420   76.585   1251.0    839.8
