     5     1
    GDAS    20     9    15     0     0
    GDAS    20     9    22     0     0
    GDAS    20     9    29     0     0
    GDAS    20    10     1     0     0
    GDAS    20    10     8     0     0
     3 FORWARD  OMEGA   
    20     9    23     0   62.085   49.588   100.0
    20     9    23     0   62.085   49.588   500.0
    20     9    23     0   62.085   49.588  1000.0
     1 PRESSURE
     1     1    20     9    23     0     0     0     0.0   62.085   49.588    100.0    970.8
     2     1    20     9    23     0     0     0     0.0   62.085   49.588    500.0    924.0
     3     1    20     9    23     0     0     0     0.0   62.085   49.588   1000.0    868.6
     1     1    20     9    23     1     0     1     1.0   61.957   50.218     89.0    972.2
     2     1    20     9    23     1     0     1     1.0   61.742   50.639    489.5    921.1
     3     1    20     9    23     1     0     1     1.0   61.620   50.586    983.3    866.2
     1     1    20     9    23     2     0     2     2.0   61.834   50.856     85.8    968.3
     2     1    20     9    23     2     0     2     2.0   61.426   51.670    481.8    920.0
     3     1    20     9    23     2     0     2     2.0   61.174   51.516    946.5    869.5
     1     1    20     9    23     3     0     3     3.0   61.708   51.498     87.4    966.5
     2     1    20     9    23     3     0     3     3.0   61.135   52.644    463.2    919.2
     3     1    20     9    23     3     0     3     3.0   60.742   52.413    877.9    875.3
     1     1    20     9    23     4     0     2     4.0   61.590   52.096     80.3    968.1
     2     1    20     9    23     4     0     2     4.0   60.836   53.573    468.7    918.9
     3     1    20     9    23     4     0     2     4.0   60.316   53.300    874.0    876.0
     1     1    20     9    23     5     0     1     5.0   61.472   52.669     78.2    967.4
     2     1    20     9    23     5     0     1     5.0   60.539   54.428    460.4    922.3
     3     1    20     9    23     5     0     1     5.0   59.902   54.148    868.4    873.8
     1     1    20     9    23     6     0     0     6.0   61.344   53.265     87.8    964.7
     2     1    20     9    23     6     0     0     6.0   60.244   55.245    445.8    925.6
     3     1    20     9    23     6     0     0     6.0   59.496   54.951    846.9    882.1
     1     1    20     9    23     7     0     1     7.0   61.201   53.844     86.4    967.4
     2     1    20     9    23     7     0     1     7.0   59.945   56.025    401.3    932.4
     3     1    20     9    23     7     0     1     7.0   59.092   55.695    794.1    889.0
     1     1    20     9    23     8     0     2     8.0   61.049   54.383     77.1    971.5
     2     1    20     9    23     8     0     2     8.0   59.655   56.777    376.1    936.8
     3     1    20     9    23     8     0     2     8.0   58.700   56.421    721.5    898.8
     1     1    20     9    23     9     0     3     9.0   60.890   54.905     66.0    973.1
     2     1    20     9    23     9     0     3     9.0   59.357   57.522    408.4    921.8
     3     1    20     9    23     9     0     3     9.0   58.317   57.154    746.4    890.7
     1     1    20     9    23    10     0     2    10.0   60.726   55.387     56.7    973.5
     2     1    20     9    23    10     0     2    10.0   59.016   58.277    439.1    901.1
     3     1    20     9    23    10     0     2    10.0   57.899   57.865    856.2    874.3
     1     1    20     9    23    11     0     1    11.0   60.551   55.823     48.0    974.1
     2     1    20     9    23    11     0     1    11.0   58.653   59.018    371.5    906.9
     3     1    20     9    23    11     0     1    11.0   57.443   58.567    937.1    853.1
     1     1    20     9    23    12     0     0    12.0   60.381   56.205     41.2    976.6
     2     1    20     9    23    12     0     0    12.0   58.311   59.673    322.1    934.8
     3     1    20     9    23    12     0     0    12.0   56.989   59.272    978.9    853.1
     1     1    20     9    23    13     0     1    13.0   60.217   56.561     42.0    978.7
     2     1    20     9    23    13     0     1    13.0   57.972   60.299    315.3    938.4
     3     1    20     9    23    13     0     1    13.0   56.510   59.983    973.1    843.0
     1     1    20     9    23    14     0     2    14.0   60.038   56.924     52.8    979.6
     2     1    20     9    23    14     0     2    14.0   57.606   60.968    314.5    934.6
     3     1    20     9    23    14     0     2    14.0   55.989   60.724    899.5    867.6
     1     1    20     9    23    15     0     3    15.0   59.829   57.310     82.7    971.6
     2     1    20     9    23    15     0     3    15.0   57.186   61.648    275.9    941.2
     3     1    20     9    23    15     0     3    15.0   55.424   61.474    824.3    885.6
     1     1    20     9    23    16     0     2    16.0   59.569   57.757    141.7    954.0
     2     1    20     9    23    16     0     2    16.0   56.771   62.269    217.7    959.1
     3     1    20     9    23    16     0     2    16.0   54.844   62.191    789.7    894.0
     1     1    20     9    23    17     0     1    17.0   59.253   58.257    165.8    936.0
     2     1    20     9    23    17     0     1    17.0   56.370   62.867    192.9    962.7
     3     1    20     9    23    17     0     1    17.0   54.277   62.860    779.9    897.4
     1     1    20     9    23    18     0     0    18.0   58.950   58.724    124.3    937.5
     2     1    20     9    23    18     0     0    18.0   55.960   63.463    200.0    964.2
     3     1    20     9    23    18     0     0    18.0   53.713   63.481    790.1    893.2
     1     1    20     9    23    19     0     1    19.0   58.713   59.101     85.1    949.0
     2     1    20     9    23    19     0     1    19.0   55.542   64.047    199.9    961.8
     3     1    20     9    23    19     0     1    19.0   53.153   64.042    755.1    888.4
     1     1    20     9    23    20     0     2    20.0   58.517   59.426     60.3    961.2
     2     1    20     9    23    20     0     2    20.0   55.134   64.622    195.2    966.0
     3     1    20     9    23    20     0     2    20.0   52.608   64.564    703.6    904.0
     1     1    20     9    23    21     0     3    21.0   58.343   59.723     43.3    970.5
     2     1    20     9    23    21     0     3    21.0   54.726   65.217    213.7    963.9
     3     1    20     9    23    21     0     3    21.0   52.084   65.043    724.8    902.5
     1     1    20     9    23    22     0     2    22.0   58.182   60.005     33.0    977.7
     2     1    20     9    23    22     0     2    22.0   54.318   65.832    231.0    955.5
     3     1    20     9    23    22     0     2    22.0   51.603   65.493    753.9    888.2
     1     1    20     9    23    23     0     1    23.0   58.024   60.256     29.0    979.5
     2     1    20     9    23    23     0     1    23.0   53.922   66.460    241.4    955.9
     3     1    20     9    23    23     0     1    23.0   51.169   65.957    724.9    889.8
     1     1    20     9    24     0     0     0    24.0   57.861   60.470     30.1    979.4
     2     1    20     9    24     0     0     0    24.0   53.537   67.109    291.9    950.7
     3     1    20     9    24     0     0     0    24.0   50.775   66.455    687.7    898.1
