     5     1
    GDAS    19    12    29     0     0
    GDAS    20     1     1     0     0
    GDAS    20     1     8     0     0
    GDAS    20     1    15     0     0
    GDAS    20     1    22     0     0
     3 FORWARD  OMEGA   
    20     1     6     0   62.085   49.588   100.0
    20     1     6     0   62.085   49.588   500.0
    20     1     6     0   62.085   49.588  1000.0
     1 PRESSURE
     1     1    20     1     6     0     0     0     0.0   62.085   49.588    100.0    983.3
     2     1    20     1     6     0     0     0     0.0   62.085   49.588    500.0    935.4
     3     1    20     1     6     0     0     0     0.0   62.085   49.588   1000.0    876.8
     1     1    20     1     6     1     0     1     1.0   61.997   50.002    100.4    985.4
     2     1    20     1     6     1     0     1     1.0   61.821   50.162    499.2    933.9
     3     1    20     1     6     1     0     1     1.0   61.838   50.174    975.9    878.9
     1     1    20     1     6     2     0     2     2.0   61.919   50.440    100.4    983.1
     2     1    20     1     6     2     0     2     2.0   61.569   50.739    495.0    931.9
     3     1    20     1     6     2     0     2     2.0   61.594   50.763    951.7    878.4
     1     1    20     1     6     3     0     3     3.0   61.845   50.909    101.0    980.6
     2     1    20     1     6     3     0     3     3.0   61.317   51.298    502.1    931.2
     3     1    20     1     6     3     0     3     3.0   61.344   51.333    939.3    880.5
     1     1    20     1     6     4     0     2     4.0   61.778   51.392    101.2    980.2
     2     1    20     1     6     4     0     2     4.0   61.073   51.844    518.0    929.2
     3     1    20     1     6     4     0     2     4.0   61.096   51.901    936.5    880.5
     1     1    20     1     6     5     0     1     5.0   61.728   51.871     98.5    981.0
     2     1    20     1     6     5     0     1     5.0   60.840   52.424    511.6    924.9
     3     1    20     1     6     5     0     1     5.0   60.852   52.496    910.9    878.3
     1     1    20     1     6     6     0     0     6.0   61.699   52.349     95.6    981.7
     2     1    20     1     6     6     0     0     6.0   60.597   53.036    470.5    930.9
     3     1    20     1     6     6     0     0     6.0   60.599   53.111    854.9    886.2
     1     1    20     1     6     7     0     1     7.0   61.687   52.818     94.6    981.3
     2     1    20     1     6     7     0     1     7.0   60.359   53.649    425.2    940.3
     3     1    20     1     6     7     0     1     7.0   60.348   53.735    798.3    895.4
     1     1    20     1     6     8     0     2     8.0   61.679   53.279     88.9    980.4
     2     1    20     1     6     8     0     2     8.0   60.142   54.259    389.8    944.5
     3     1    20     1     6     8     0     2     8.0   60.108   54.358    751.6    901.0
     1     1    20     1     6     9     0     3     9.0   61.677   53.724     71.0    982.3
     2     1    20     1     6     9     0     3     9.0   59.934   54.842    359.0    952.4
     3     1    20     1     6     9     0     3     9.0   59.861   54.948    716.3    910.8
     1     1    20     1     6    10     0     2    10.0   61.680   54.121     49.9    986.6
     2     1    20     1     6    10     0     2    10.0   59.741   55.398    332.9    957.6
     3     1    20     1     6    10     0     2    10.0   59.616   55.511    695.7    914.5
     1     1    20     1     6    11     0     1    11.0   61.688   54.456     37.1    991.6
     2     1    20     1     6    11     0     1    11.0   59.577   55.956    306.3    960.4
     3     1    20     1     6    11     0     1    11.0   59.396   56.055    693.9    915.9
     1     1    20     1     6    12     0     0    12.0   61.700   54.740     33.0    994.3
     2     1    20     1     6    12     0     0    12.0   59.444   56.483    285.9    965.4
     3     1    20     1     6    12     0     0    12.0   59.199   56.544    721.8    914.1
     1     1    20     1     6    13     0     1    13.0   61.717   54.992     34.3    995.6
     2     1    20     1     6    13     0     1    13.0   59.325   56.945    296.5    965.8
     3     1    20     1     6    13     0     1    13.0   59.012   56.969    783.2    906.6
     1     1    20     1     6    14     0     2    14.0   61.739   55.241     38.1    994.1
     2     1    20     1     6    14     0     2    14.0   59.196   57.348    325.9    952.1
     3     1    20     1     6    14     0     2    14.0   58.828   57.371    837.0    888.5
     1     1    20     1     6    15     0     3    15.0   61.769   55.497     41.2    993.1
     2     1    20     1     6    15     0     3    15.0   59.049   57.701    340.9    941.2
     3     1    20     1     6    15     0     3    15.0   58.649   57.764    855.7    880.3
     1     1    20     1     6    16     0     2    16.0   61.805   55.763     43.1    992.8
     2     1    20     1     6    16     0     2    16.0   58.903   58.022    324.9    936.6
     3     1    20     1     6    16     0     2    16.0   58.481   58.171    833.7    877.4
     1     1    20     1     6    17     0     1    17.0   61.847   56.038     43.8    993.2
     2     1    20     1     6    17     0     1    17.0   58.777   58.360    274.7    939.0
     3     1    20     1     6    17     0     1    17.0   58.318   58.608    771.1    883.6
     1     1    20     1     6    18     0     0    18.0   61.895   56.303     44.9    994.2
     2     1    20     1     6    18     0     0    18.0   58.680   58.713    200.8    946.9
     3     1    20     1     6    18     0     0    18.0   58.157   59.026    714.6    893.3
     1     1    20     1     6    19     0     1    19.0   61.953   56.542     47.8    994.3
     2     1    20     1     6    19     0     1    19.0   58.616   59.029    134.9    954.5
     3     1    20     1     6    19     0     1    19.0   57.998   59.390    705.8    903.8
     1     1    20     1     6    20     0     2    20.0   62.022   56.753     53.8    994.1
     2     1    20     1     6    20     0     2    20.0   58.575   59.293     91.8    968.0
     3     1    20     1     6    20     0     2    20.0   57.838   59.718    733.1    901.4
     1     1    20     1     6    21     0     3    21.0   62.106   56.944     64.5    993.3
     2     1    20     1     6    21     0     3    21.0   58.547   59.529     63.8    976.0
     3     1    20     1     6    21     0     3    21.0   57.677   60.028    773.9    897.9
     1     1    20     1     6    22     0     2    22.0   62.207   57.133     79.1    990.3
     2     1    20     1     6    22     0     2    22.0   58.531   59.747     44.8    983.8
     3     1    20     1     6    22     0     2    22.0   57.526   60.311    804.3    891.2
     1     1    20     1     6    23     0     1    23.0   62.329   57.342     94.5    985.6
     2     1    20     1     6    23     0     1    23.0   58.525   59.954     32.6    991.3
     3     1    20     1     6    23     0     1    23.0   57.392   60.551    806.0    891.6
     1     1    20     1     7     0     0     0    24.0   62.469   57.573    108.9    980.3
     2     1    20     1     7     0     0     0    24.0   58.528   60.149     25.9    995.2
     3     1    20     1     7     0     0     0    24.0   57.273   60.736    788.2    894.3
