     5     1
    GDAS    20     8     1     0     0
    GDAS    20     8     8     0     0
    GDAS    20     8    15     0     0
    GDAS    20     8    22     0     0
    GDAS    20     8    29     0     0
     3 FORWARD  OMEGA   
    20     8     9     0   62.085   49.588   100.0
    20     8     9     0   62.085   49.588   500.0
    20     8     9     0   62.085   49.588  1000.0
     1 PRESSURE
     1     1    20     8     9     0     0     0     0.0   62.085   49.588    100.0    990.0
     2     1    20     8     9     0     0     0     0.0   62.085   49.588    500.0    943.5
     3     1    20     8     9     0     0     0     0.0   62.085   49.588   1000.0    888.5
     1     1    20     8     9     1     0     1     1.0   61.931   49.638    112.4    988.3
     2     1    20     8     9     1     0     1     1.0   61.875   49.602    511.2    941.7
     3     1    20     8     9     1     0     1     1.0   61.931   49.757    990.2    889.8
     1     1    20     8     9     2     0     2     2.0   61.773   49.705    123.7    985.3
     2     1    20     8     9     2     0     2     2.0   61.665   49.640    525.8    938.7
     3     1    20     8     9     2     0     2     2.0   61.763   49.915    992.0    888.6
     1     1    20     8     9     3     0     3     3.0   61.618   49.789    134.9    982.4
     2     1    20     8     9     3     0     3     3.0   61.458   49.689    555.0    934.2
     3     1    20     8     9     3     0     3     3.0   61.583   50.058   1014.0    884.5
     1     1    20     8     9     4     0     2     4.0   61.458   49.872    145.1    980.0
     2     1    20     8     9     4     0     2     4.0   61.251   49.737    588.2    927.6
     3     1    20     8     9     4     0     2     4.0   61.396   50.189   1040.7    877.9
     1     1    20     8     9     5     0     1     5.0   61.285   49.936    152.1    978.0
     2     1    20     8     9     5     0     1     5.0   61.031   49.786    595.9    924.0
     3     1    20     8     9     5     0     1     5.0   61.200   50.315   1037.3    875.2
     1     1    20     8     9     6     0     0     6.0   61.089   49.994    154.1    976.3
     2     1    20     8     9     6     0     0     6.0   60.788   49.853    597.7    925.4
     3     1    20     8     9     6     0     0     6.0   60.992   50.451    973.6    879.6
     1     1    20     8     9     7     0     1     7.0   60.883   50.064    166.2    974.8
     2     1    20     8     9     7     0     1     7.0   60.534   49.935    665.9    920.1
     3     1    20     8     9     7     0     1     7.0   60.773   50.568    929.2    892.5
     1     1    20     8     9     8     0     2     8.0   60.670   50.143    203.0    968.8
     2     1    20     8     9     8     0     2     8.0   60.283   50.020    778.5    898.9
     3     1    20     8     9     8     0     2     8.0   60.556   50.651    962.4    884.3
     1     1    20     8     9     9     0     3     9.0   60.442   50.210    254.2    959.3
     2     1    20     8     9     9     0     3     9.0   60.026   50.106    820.2    886.1
     3     1    20     8     9     9     0     3     9.0   60.335   50.715   1026.8    873.5
     1     1    20     8     9    10     0     2    10.0   60.197   50.263    307.2    951.1
     2     1    20     8     9    10     0     2    10.0   59.760   50.174    828.2    896.3
     3     1    20     8     9    10     0     2    10.0   60.110   50.772   1088.9    863.7
     1     1    20     8     9    11     0     1    11.0   59.948   50.315    365.7    944.4
     2     1    20     8     9    11     0     1    11.0   59.496   50.223    866.7    891.9
     3     1    20     8     9    11     0     1    11.0   59.879   50.831   1146.8    859.1
     1     1    20     8     9    12     0     0    12.0   59.699   50.365    433.1    937.8
     2     1    20     8     9    12     0     0    12.0   59.217   50.254    891.4    888.8
     3     1    20     8     9    12     0     0    12.0   59.641   50.890   1213.6    854.0
     1     1    20     8     9    13     0     1    13.0   59.432   50.399    485.7    931.0
     2     1    20     8     9    13     0     1    13.0   58.915   50.257    895.1    891.0
     3     1    20     8     9    13     0     1    13.0   59.394   50.910   1276.2    847.7
     1     1    20     8     9    14     0     2    14.0   59.129   50.410    514.0    931.1
     2     1    20     8     9    14     0     2    14.0   58.589   50.234    909.6    888.8
     3     1    20     8     9    14     0     2    14.0   59.131   50.867   1327.8    844.6
     1     1    20     8     9    15     0     3    15.0   58.793   50.402    542.0    928.7
     2     1    20     8     9    15     0     3    15.0   58.241   50.185    933.8    882.4
     3     1    20     8     9    15     0     3    15.0   58.847   50.779   1368.4    839.8
     1     1    20     8     9    16     0     2    16.0   58.428   50.341    565.0    922.9
     2     1    20     8     9    16     0     2    16.0   57.882   50.085    945.1    878.8
     3     1    20     8     9    16     0     2    16.0   58.565   50.672   1381.3    836.8
     1     1    20     8     9    17     0     1    17.0   58.043   50.198    579.1    919.5
     2     1    20     8     9    17     0     1    17.0   57.517   49.925    945.4    881.8
     3     1    20     8     9    17     0     1    17.0   58.298   50.550   1366.6    837.7
     1     1    20     8     9    18     0     0    18.0   57.641   49.993    602.7    918.9
     2     1    20     8     9    18     0     0    18.0   57.139   49.715    953.9    884.9
     3     1    20     8     9    18     0     0    18.0   58.042   50.386   1327.3    839.7
     1     1    20     8     9    19     0     1    19.0   57.235   49.747    632.6    917.5
     2     1    20     8     9    19     0     1    19.0   56.777   49.495    969.8    882.1
     3     1    20     8     9    19     0     1    19.0   57.785   50.205   1275.3    846.5
     1     1    20     8     9    20     0     2    20.0   56.849   49.481    656.7    915.7
     2     1    20     8     9    20     0     2    20.0   56.446   49.303    981.7    880.5
     3     1    20     8     9    20     0     2    20.0   57.518   50.058   1234.6    851.7
     1     1    20     8     9    21     0     3    21.0   56.496   49.210    673.8    913.2
     2     1    20     8     9    21     0     3    21.0   56.139   49.147    998.7    879.5
     3     1    20     8     9    21     0     3    21.0   57.251   49.945   1214.2    855.2
     1     1    20     8     9    22     0     2    22.0   56.152   48.977    676.3    912.6
     2     1    20     8     9    22     0     2    22.0   55.828   49.053   1019.1    877.0
     3     1    20     8     9    22     0     2    22.0   56.972   49.865   1214.7    856.6
     1     1    20     8     9    23     0     1    23.0   55.796   48.801    663.7    917.0
     2     1    20     8     9    23     0     1    23.0   55.492   49.015   1029.6    878.2
     3     1    20     8     9    23     0     1    23.0   56.663   49.821   1224.3    854.4
     1     1    20     8    10     0     0     0    24.0   55.437   48.674    649.1    921.0
     2     1    20     8    10     0     0     0    24.0   55.139   49.015   1040.3    880.0
     3     1    20     8    10     0     0     0    24.0   56.325   49.817   1235.7    853.3
