     5     1
    GDAS    20     7     8     0     0
    GDAS    20     7    15     0     0
    GDAS    20     7    22     0     0
    GDAS    20     7    29     0     0
    GDAS    20     8     1     0     0
     3 FORWARD  OMEGA   
    20     7    15     0   62.085   49.588   100.0
    20     7    15     0   62.085   49.588   500.0
    20     7    15     0   62.085   49.588  1000.0
     1 PRESSURE
     1     1    20     7    15     0     0     0     0.0   62.085   49.588    100.0    985.7
     2     1    20     7    15     0     0     0     0.0   62.085   49.588    500.0    942.1
     3     1    20     7    15     0     0     0     0.0   62.085   49.588   1000.0    888.5
     1     1    20     7    15     1     0     1     1.0   62.020   49.586     97.4    987.1
     2     1    20     7    15     1     0     1     1.0   62.024   49.588    496.6    942.1
     3     1    20     7    15     1     0     1     1.0   62.188   49.831   1032.9    882.8
     1     1    20     7    15     2     0     2     2.0   61.957   49.572     90.8    988.8
     2     1    20     7    15     2     0     2     2.0   61.980   49.540    470.9    945.3
     3     1    20     7    15     2     0     2     2.0   62.310   50.107   1025.2    881.5
     1     1    20     7    15     3     0     3     3.0   61.898   49.555     82.0    990.6
     2     1    20     7    15     3     0     3     3.0   61.947   49.456    434.0    950.5
     3     1    20     7    15     3     0     3     3.0   62.432   50.382    969.6    886.1
     1     1    20     7    15     4     0     2     4.0   61.845   49.505     77.6    990.8
     2     1    20     7    15     4     0     2     4.0   61.909   49.318    420.7    954.9
     3     1    20     7    15     4     0     2     4.0   62.538   50.650    880.2    895.4
     1     1    20     7    15     5     0     1     5.0   61.798   49.385     82.0    989.3
     2     1    20     7    15     5     0     1     5.0   61.853   49.111    454.2    949.5
     3     1    20     7    15     5     0     1     5.0   62.611   50.939    744.1    906.1
     1     1    20     7    15     6     0     0     6.0   61.749   49.202     91.8    987.2
     2     1    20     7    15     6     0     0     6.0   61.769   48.844    525.6    939.5
     3     1    20     7    15     6     0     0     6.0   62.607   51.209    577.1    928.4
     1     1    20     7    15     7     0     1     7.0   61.677   48.992     99.9    985.3
     2     1    20     7    15     7     0     1     7.0   61.666   48.526    626.1    925.5
     3     1    20     7    15     7     0     1     7.0   62.526   51.395    460.1    946.2
     1     1    20     7    15     8     0     2     8.0   61.573   48.766    107.0    983.0
     2     1    20     7    15     8     0     2     8.0   61.596   48.174    735.6    910.7
     3     1    20     7    15     8     0     2     8.0   62.413   51.487    397.2    950.8
     1     1    20     7    15     9     0     3     9.0   61.458   48.505    116.9    979.9
     2     1    20     7    15     9     0     3     9.0   61.580   47.762    827.1    898.4
     3     1    20     7    15     9     0     3     9.0   62.291   51.509    358.2    953.7
     1     1    20     7    15    10     0     2    10.0   61.335   48.205    135.7    976.9
     2     1    20     7    15    10     0     2    10.0   61.589   47.290    909.7    893.4
     3     1    20     7    15    10     0     2    10.0   62.159   51.440    335.3    955.9
     1     1    20     7    15    11     0     1    11.0   61.187   47.862    166.6    972.1
     2     1    20     7    15    11     0     1    11.0   61.648   46.854   1025.9    881.4
     3     1    20     7    15    11     0     1    11.0   62.003   51.250    329.3    956.4
     1     1    20     7    15    12     0     0    12.0   61.001   47.498    210.4    968.0
     2     1    20     7    15    12     0     0    12.0   61.773   46.507   1137.0    867.6
     3     1    20     7    15    12     0     0    12.0   61.842   50.986    359.0    955.1
     1     1    20     7    15    13     0     1    13.0   60.828   47.146    274.0    959.2
     2     1    20     7    15    13     0     1    13.0   61.903   46.130   1200.1    864.7
     3     1    20     7    15    13     0     1    13.0   61.693   50.664    432.5    947.4
     1     1    20     7    15    14     0     2    14.0   60.699   46.826    341.5    950.8
     2     1    20     7    15    14     0     2    14.0   61.991   45.626   1301.1    866.4
     3     1    20     7    15    14     0     2    14.0   61.572   50.270    495.5    935.6
     1     1    20     7    15    15     0     3    15.0   60.609   46.567    392.7    943.3
     2     1    20     7    15    15     0     3    15.0   62.081   45.124   1539.6    845.0
     3     1    20     7    15    15     0     3    15.0   61.432   49.769    425.7    935.4
     1     1    20     7    15    16     0     2    16.0   60.560   46.311    437.5    941.3
     2     1    20     7    15    16     0     2    16.0   62.188   44.745   1771.0    808.3
     3     1    20     7    15    16     0     2    16.0   61.236   49.150    343.2    957.8
     1     1    20     7    15    17     0     1    17.0   60.545   45.991    505.1    934.4
     2     1    20     7    15    17     0     1    17.0   62.283   44.424   1917.9    793.3
     3     1    20     7    15    17     0     1    17.0   61.120   48.585    287.8    957.4
     1     1    20     7    15    18     0     0    18.0   60.545   45.605    598.2    924.3
     2     1    20     7    15    18     0     0    18.0   62.360   44.120   2021.2    782.8
     3     1    20     7    15    18     0     0    18.0   61.123   48.173    210.2    963.2
     1     1    20     7    15    19     0     1    19.0   60.581   45.249    679.9    911.4
     2     1    20     7    15    19     0     1    19.0   62.430   43.832   2098.0    774.6
     3     1    20     7    15    19     0     1    19.0   61.138   47.788    165.7    973.6
     1     1    20     7    15    20     0     2    20.0   60.655   44.961    727.9    906.5
     2     1    20     7    15    20     0     2    20.0   62.502   43.547   2144.0    770.4
     3     1    20     7    15    20     0     2    20.0   61.125   47.378    153.9    973.9
     1     1    20     7    15    21     0     3    21.0   60.757   44.699    749.6    903.8
     2     1    20     7    15    21     0     3    21.0   62.578   43.239   2164.9    769.8
     3     1    20     7    15    21     0     3    21.0   61.084   46.988    173.1    971.4
     1     1    20     7    15    22     0     2    22.0   60.860   44.383    752.5    904.0
     2     1    20     7    15    22     0     2    22.0   62.664   42.859   2196.2    770.5
     3     1    20     7    15    22     0     2    22.0   61.040   46.623    204.9    965.1
     1     1    20     7    15    23     0     1    23.0   60.949   43.965    742.7    905.1
     2     1    20     7    15    23     0     1    23.0   62.758   42.370   2261.3    766.6
     3     1    20     7    15    23     0     1    23.0   61.006   46.249    226.8    963.0
     1     1    20     7    16     0     0     0    24.0   61.041   43.491    766.7    910.0
     2     1    20     7    16     0     0     0    24.0   62.852   41.779   2376.6    758.2
     3     1    20     7    16     0     0     0    24.0   60.991   45.846    256.1    959.9
