     5     1
    GDAS    20     2    29     0     0
    GDAS    20     3     1     0     0
    GDAS    20     3     8     0     0
    GDAS    20     3    15     0     0
    GDAS    20     3    22     0     0
     3 FORWARD  OMEGA   
    20     3     2     0   62.085   49.588   100.0
    20     3     2     0   62.085   49.588   500.0
    20     3     2     0   62.085   49.588  1000.0
     1 PRESSURE
     1     1    20     3     2     0     0     0     0.0   62.085   49.588    100.0    978.6
     2     1    20     3     2     0     0     0     0.0   62.085   49.588    500.0    930.9
     3     1    20     3     2     0     0     0     0.0   62.085   49.588   1000.0    873.6
     1     1    20     3     2     1     0     1     1.0   62.256   49.808     91.2    978.4
     2     1    20     3     2     1     0     1     1.0   62.315   50.227    492.3    930.1
     3     1    20     3     2     1     0     1     1.0   62.236   50.336   1016.0    869.3
     1     1    20     3     2     2     0     2     2.0   62.432   49.952     86.7    977.2
     2     1    20     3     2     2     0     2     2.0   62.535   50.780    501.0    924.8
     3     1    20     3     2     2     0     2     2.0   62.397   51.035   1057.1    861.5
     1     1    20     3     2     3     0     3     3.0   62.612   50.004     85.8    975.4
     2     1    20     3     2     3     0     3     3.0   62.752   51.233    516.9    921.3
     3     1    20     3     2     3     0     3     3.0   62.567   51.670   1110.2    854.0
     1     1    20     3     2     4     0     2     4.0   62.795   50.006     84.8    973.3
     2     1    20     3     2     4     0     2     4.0   62.975   51.618    531.5    918.9
     3     1    20     3     2     4     0     2     4.0   62.738   52.280   1139.0    846.8
     1     1    20     3     2     5     0     1     5.0   62.980   50.010     81.2    972.1
     2     1    20     3     2     5     0     1     5.0   63.216   51.992    538.1    915.8
     3     1    20     3     2     5     0     1     5.0   62.933   52.876   1122.2    844.5
     1     1    20     3     2     6     0     0     6.0   63.168   50.014     75.5    971.2
     2     1    20     3     2     6     0     0     6.0   63.483   52.354    530.0    914.0
     3     1    20     3     2     6     0     0     6.0   63.164   53.423   1112.9    853.0
     1     1    20     3     2     7     0     1     7.0   63.349   50.039     71.4    970.5
     2     1    20     3     2     7     0     1     7.0   63.759   52.689    512.1    917.3
     3     1    20     3     2     7     0     1     7.0   63.388   53.963   1134.3    851.0
     1     1    20     3     2     8     0     2     8.0   63.529   50.104     72.5    969.3
     2     1    20     3     2     8     0     2     8.0   64.027   52.974    493.3    922.6
     3     1    20     3     2     8     0     2     8.0   63.593   54.532   1146.3    846.9
     1     1    20     3     2     9     0     3     9.0   63.720   50.195     81.1    967.2
     2     1    20     3     2     9     0     3     9.0   64.299   53.200    482.9    926.6
     3     1    20     3     2     9     0     3     9.0   63.805   55.110   1148.7    848.2
     1     1    20     3     2    10     0     2    10.0   63.924   50.315     97.8    962.9
     2     1    20     3     2    10     0     2    10.0   64.574   53.430    478.3    928.1
     3     1    20     3     2    10     0     2    10.0   64.013   55.708   1174.5    848.9
     1     1    20     3     2    11     0     1    11.0   64.134   50.485    114.9    959.1
     2     1    20     3     2    11     0     1    11.0   64.851   53.669    473.2    930.7
     3     1    20     3     2    11     0     1    11.0   64.198   56.326   1242.8    844.4
     1     1    20     3     2    12     0     0    12.0   64.345   50.695    120.1    958.3
     2     1    20     3     2    12     0     0    12.0   65.142   53.871    471.3    932.0
     3     1    20     3     2    12     0     0    12.0   64.364   56.928   1336.0    836.5
     1     1    20     3     2    13     0     1    13.0   64.547   50.885    109.2    961.3
     2     1    20     3     2    13     0     1    13.0   65.439   54.082    471.7    930.8
     3     1    20     3     2    13     0     1    13.0   64.519   57.538   1416.0    821.9
     1     1    20     3     2    14     0     2    14.0   64.731   51.031     90.5    965.9
     2     1    20     3     2    14     0     2    14.0   65.736   54.347    463.9    930.0
     3     1    20     3     2    14     0     2    14.0   64.671   58.174   1449.7    810.9
     1     1    20     3     2    15     0     3    15.0   64.896   51.159     72.8    970.3
     2     1    20     3     2    15     0     3    15.0   66.045   54.620    439.7    933.2
     3     1    20     3     2    15     0     3    15.0   64.826   58.805   1425.8    796.6
     1     1    20     3     2    16     0     2    16.0   65.055   51.263     55.7    972.3
     2     1    20     3     2    16     0     2    16.0   66.352   54.875    415.1    938.0
     3     1    20     3     2    16     0     2    16.0   64.961   59.483   1309.6    770.3
     1     1    20     3     2    17     0     1    17.0   65.209   51.326     40.7    974.2
     2     1    20     3     2    17     0     1    17.0   66.643   55.124    404.3    938.9
     3     1    20     3     2    17     0     1    17.0   65.041   60.224   1139.4    773.5
     1     1    20     3     2    18     0     0    18.0   65.363   51.367     31.0    975.2
     2     1    20     3     2    18     0     0    18.0   66.929   55.369    403.9    938.5
     3     1    20     3     2    18     0     0    18.0   65.082   60.852   1052.4    810.6
     1     1    20     3     2    19     0     1    19.0   65.515   51.418     25.5    976.2
     2     1    20     3     2    19     0     1    19.0   67.201   55.592    409.7    937.6
     3     1    20     3     2    19     0     1    19.0   65.121   61.369   1029.6    828.6
     1     1    20     3     2    20     0     2    20.0   65.662   51.502     22.2    976.9
     2     1    20     3     2    20     0     2    20.0   67.449   55.759    421.1    936.2
     3     1    20     3     2    20     0     2    20.0   65.174   61.829   1021.1    850.3
     1     1    20     3     2    21     0     3    21.0   65.804   51.613     18.9    977.6
     2     1    20     3     2    21     0     3    21.0   67.678   55.834    443.1    933.2
     3     1    20     3     2    21     0     3    21.0   65.255   62.269   1025.9    854.8
     1     1    20     3     2    22     0     2    22.0   65.930   51.774     13.7    979.6
     2     1    20     3     2    22     0     2    22.0   67.913   55.789    471.4    929.2
     3     1    20     3     2    22     0     2    22.0   65.350   62.754   1021.8    850.1
     1     1    20     3     2    23     0     1    23.0   66.030   51.997      7.5    982.1
     2     1    20     3     2    23     0     1    23.0   68.170   55.593    490.2    928.8
     3     1    20     3     2    23     0     1    23.0   65.446   63.302   1007.7    854.9
     1     1    20     3     3     0     0     0    24.0   66.121   52.285      1.0    982.1
     2     1    20     3     3     0     0     0    24.0   68.443   55.219    488.6    932.3
     3     1    20     3     3     0     0     0    24.0   65.554   63.845    993.5    868.4
