     5     1
    GDAS    20     2     1     0     0
    GDAS    20     2     8     0     0
    GDAS    20     2    15     0     0
    GDAS    20     2    22     0     0
    GDAS    21     3     1     0     0
     3 FORWARD  OMEGA   
    20     2     8     0   62.085   49.588   100.0
    20     2     8     0   62.085   49.588   500.0
    20     2     8     0   62.085   49.588  1000.0
     1 PRESSURE
     1     1    20     2     8     0     0     0     0.0   62.085   49.588    100.0    986.5
     2     1    20     2     8     0     0     0     0.0   62.085   49.588    500.0    935.2
     3     1    20     2     8     0     0     0     0.0   62.085   49.588   1000.0    875.6
     1     1    20     2     8     1     0     1     1.0   62.071   49.846     96.8    986.2
     2     1    20     2     8     1     0     1     1.0   62.002   49.929    485.1    938.3
     3     1    20     2     8     1     0     1     1.0   61.982   49.882    983.4    878.0
     1     1    20     2     8     2     0     2     2.0   62.056   50.120     96.2    984.3
     2     1    20     2     8     2     0     2     2.0   61.919   50.295    480.7    935.1
     3     1    20     2     8     2     0     2     2.0   61.871   50.196    968.6    877.4
     1     1    20     2     8     3     0     3     3.0   62.040   50.413     97.2    981.6
     2     1    20     2     8     3     0     3     3.0   61.831   50.683    477.8    931.1
     3     1    20     2     8     3     0     3     3.0   61.748   50.528    951.2    875.6
     1     1    20     2     8     4     0     2     4.0   62.025   50.724    100.3    980.1
     2     1    20     2     8     4     0     2     4.0   61.736   51.078    470.4    930.1
     3     1    20     2     8     4     0     2     4.0   61.611   50.856    925.3    877.1
     1     1    20     2     8     5     0     1     5.0   62.013   51.061    106.3    977.8
     2     1    20     2     8     5     0     1     5.0   61.629   51.469    463.2    931.9
     3     1    20     2     8     5     0     1     5.0   61.462   51.163    902.0    880.3
     1     1    20     2     8     6     0     0     6.0   62.008   51.433    107.4    976.7
     2     1    20     2     8     6     0     0     6.0   61.521   51.863    458.4    932.5
     3     1    20     2     8     6     0     0     6.0   61.310   51.457    891.9    882.0
     1     1    20     2     8     7     0     1     7.0   62.011   51.803     98.9    978.3
     2     1    20     2     8     7     0     1     7.0   61.408   52.254    456.7    931.7
     3     1    20     2     8     7     0     1     7.0   61.157   51.745    891.7    881.3
     1     1    20     2     8     8     0     2     8.0   62.022   52.131     90.3    980.4
     2     1    20     2     8     8     0     2     8.0   61.284   52.637    462.1    928.6
     3     1    20     2     8     8     0     2     8.0   61.005   52.043    893.5    880.4
     1     1    20     2     8     9     0     3     9.0   62.038   52.424     87.4    980.2
     2     1    20     2     8     9     0     3     9.0   61.161   53.029    478.1    923.9
     3     1    20     2     8     9     0     3     9.0   60.860   52.357    904.3    877.5
     1     1    20     2     8    10     0     2    10.0   62.050   52.706     88.0    979.4
     2     1    20     2     8    10     0     2    10.0   61.034   53.422    494.6    922.4
     3     1    20     2     8    10     0     2    10.0   60.704   52.657    926.0    873.1
     1     1    20     2     8    11     0     1    11.0   62.055   52.998     89.0    979.2
     2     1    20     2     8    11     0     1    11.0   60.898   53.820    502.2    924.8
     3     1    20     2     8    11     0     1    11.0   60.528   52.941    944.5    871.0
     1     1    20     2     8    12     0     0    12.0   62.048   53.302     89.8    976.9
     2     1    20     2     8    12     0     0    12.0   60.753   54.241    511.7    924.9
     3     1    20     2     8    12     0     0    12.0   60.341   53.242    957.4    870.5
     1     1    20     2     8    13     0     1    13.0   62.020   53.622     87.4    974.1
     2     1    20     2     8    13     0     1    13.0   60.588   54.637    526.7    923.2
     3     1    20     2     8    13     0     1    13.0   60.146   53.542    966.4    868.9
     1     1    20     2     8    14     0     2    14.0   61.965   53.961     73.7    972.8
     2     1    20     2     8    14     0     2    14.0   60.398   54.977    544.0    922.2
     3     1    20     2     8    14     0     2    14.0   59.940   53.812    971.3    865.9
     1     1    20     2     8    15     0     3    15.0   61.899   54.278     54.2    978.9
     2     1    20     2     8    15     0     3    15.0   60.194   55.285    559.5    919.7
     3     1    20     2     8    15     0     3    15.0   59.721   54.062    976.3    865.2
     1     1    20     2     8    16     0     2    16.0   61.840   54.532     43.0    983.6
     2     1    20     2     8    16     0     2    16.0   59.991   55.564    571.2    919.1
     3     1    20     2     8    16     0     2    16.0   59.495   54.293    986.9    865.8
     1     1    20     2     8    17     0     1    17.0   61.794   54.730     41.0    985.2
     2     1    20     2     8    17     0     1    17.0   59.797   55.807    585.0    918.3
     3     1    20     2     8    17     0     1    17.0   59.274   54.503    998.7    865.9
     1     1    20     2     8    18     0     0    18.0   61.756   54.875     43.8    986.2
     2     1    20     2     8    18     0     0    18.0   59.619   56.028    606.5    916.3
     3     1    20     2     8    18     0     0    18.0   59.069   54.704   1005.5    866.5
     1     1    20     2     8    19     0     1    19.0   61.724   54.997     47.8    985.9
     2     1    20     2     8    19     0     1    19.0   59.448   56.236    627.7    912.8
     3     1    20     2     8    19     0     1    19.0   58.870   54.903   1003.0    868.0
     1     1    20     2     8    20     0     2    20.0   61.697   55.130     49.9    984.9
     2     1    20     2     8    20     0     2    20.0   59.269   56.439    643.3    911.0
     3     1    20     2     8    20     0     2    20.0   58.664   55.099    993.6    870.3
     1     1    20     2     8    21     0     3    21.0   61.676   55.282     50.1    984.2
     2     1    20     2     8    21     0     3    21.0   59.091   56.667    658.5    909.2
     3     1    20     2     8    21     0     3    21.0   58.458   55.306    986.1    871.7
     1     1    20     2     8    22     0     2    22.0   61.664   55.441     50.3    984.2
     2     1    20     2     8    22     0     2    22.0   58.905   56.913    670.0    906.8
     3     1    20     2     8    22     0     2    22.0   58.246   55.534    979.2    872.3
     1     1    20     2     8    23     0     1    23.0   61.660   55.596     52.4    984.0
     2     1    20     2     8    23     0     1    23.0   58.697   57.166    669.0    902.3
     3     1    20     2     8    23     0     1    23.0   58.017   55.789    963.5    874.3
     1     1    20     2     9     0     0     0    24.0   61.665   55.747     56.2    983.8
     2     1    20     2     9     0     0     0    24.0   58.466   57.451    652.1    899.5
     3     1    20     2     9     0     0     0    24.0   57.772   56.081    942.4    874.6
