     5     1
    GDAS    20     3     1     0     0
    GDAS    20     3     8     0     0
    GDAS    20     3    15     0     0
    GDAS    20     3    22     0     0
    GDAS    20     3    29     0     0
     3 FORWARD  OMEGA   
    20     3    10     0   62.085   49.588   100.0
    20     3    10     0   62.085   49.588   500.0
    20     3    10     0   62.085   49.588  1000.0
     1 PRESSURE
     1     1    20     3    10     0     0     0     0.0   62.085   49.588    100.0    989.6
     2     1    20     3    10     0     0     0     0.0   62.085   49.588    500.0    940.9
     3     1    20     3    10     0     0     0     0.0   62.085   49.588   1000.0    883.3
     1     1    20     3    10     1     0     1     1.0   62.188   49.925     86.8    990.2
     2     1    20     3    10     1     0     1     1.0   62.222   50.322    477.9    939.9
     3     1    20     3    10     1     0     1     1.0   62.163   50.395    987.2    881.5
     1     1    20     3    10     2     0     2     2.0   62.295   50.246     73.6    990.4
     2     1    20     3    10     2     0     2     2.0   62.368   51.044    458.2    938.6
     3     1    20     3    10     2     0     2     2.0   62.239   51.194    961.1    881.1
     1     1    20     3    10     3     0     3     3.0   62.410   50.574     64.6    989.3
     2     1    20     3    10     3     0     3     3.0   62.520   51.770    444.5    939.5
     3     1    20     3    10     3     0     3     3.0   62.315   52.017    930.8    884.1
     1     1    20     3    10     4     0     2     4.0   62.530   50.921     61.4    988.3
     2     1    20     3    10     4     0     2     4.0   62.690   52.505    431.6    938.5
     3     1    20     3    10     4     0     2     4.0   62.408   52.851    904.5    884.8
     1     1    20     3    10     5     0     1     5.0   62.655   51.300     62.2    987.2
     2     1    20     3    10     5     0     1     5.0   62.887   53.263    418.5    936.4
     3     1    20     3    10     5     0     1     5.0   62.525   53.688    876.5    885.9
     1     1    20     3    10     6     0     0     6.0   62.789   51.706     61.7    986.3
     2     1    20     3    10     6     0     0     6.0   63.106   54.031    372.8    946.8
     3     1    20     3    10     6     0     0     6.0   62.667   54.515    834.0    891.0
     1     1    20     3    10     7     0     1     7.0   62.928   52.119     58.4    984.6
     2     1    20     3    10     7     0     1     7.0   63.319   54.780    332.0    947.6
     3     1    20     3    10     7     0     1     7.0   62.823   55.323    815.1    891.7
     1     1    20     3    10     8     0     2     8.0   63.071   52.538     54.5    981.1
     2     1    20     3    10     8     0     2     8.0   63.519   55.509    308.7    950.4
     3     1    20     3    10     8     0     2     8.0   62.980   56.136    810.9    896.1
     1     1    20     3    10     9     0     3     9.0   63.215   52.969     50.2    978.1
     2     1    20     3    10     9     0     3     9.0   63.700   56.194    244.7    961.1
     3     1    20     3    10     9     0     3     9.0   63.138   56.960    836.7    893.6
     1     1    20     3    10    10     0     2    10.0   63.358   53.379     39.9    981.5
     2     1    20     3    10    10     0     2    10.0   63.884   56.808    193.7    972.4
     3     1    20     3    10    10     0     2    10.0   63.302   57.839    875.7    877.7
     1     1    20     3    10    11     0     1    11.0   63.505   53.739     31.4    984.2
     2     1    20     3    10    11     0     1    11.0   64.080   57.404    177.7    969.7
     3     1    20     3    10    11     0     1    11.0   63.455   58.837    904.0    857.9
     1     1    20     3    10    12     0     0    12.0   63.661   54.068     29.9    984.9
     2     1    20     3    10    12     0     0    12.0   64.295   58.023    191.2    962.0
     3     1    20     3    10    12     0     0    12.0   63.563   60.029    806.7    872.0
     1     1    20     3    10    13     0     1    13.0   63.823   54.409     31.3    983.6
     2     1    20     3    10    13     0     1    13.0   64.511   58.610    246.7    941.1
     3     1    20     3    10    13     0     1    13.0   63.666   61.162    610.9    925.1
     1     1    20     3    10    14     0     2    14.0   63.984   54.789     30.5    982.8
     2     1    20     3    10    14     0     2    14.0   64.712   59.122    299.3    914.2
     3     1    20     3    10    14     0     2    14.0   63.796   62.198    554.1    929.7
     1     1    20     3    10    15     0     3    15.0   64.143   55.197     25.8    983.0
     2     1    20     3    10    15     0     3    15.0   64.861   59.570    272.6    889.2
     3     1    20     3    10    15     0     3    15.0   63.941   63.357    577.1    921.6
     1     1    20     3    10    16     0     2    16.0   64.287   55.578     18.2    985.3
     2     1    20     3    10    16     0     2    16.0   64.925   59.941    209.2    872.2
     3     1    20     3    10    16     0     2    16.0   64.082   64.622    612.1    925.5
     1     1    20     3    10    17     0     1    17.0   64.409   55.912     12.2    988.4
     2     1    20     3    10    17     0     1    17.0   64.945   60.237    160.5    880.6
     3     1    20     3    10    17     0     1    17.0   64.241   65.872    647.3    929.1
     1     1    20     3    10    18     0     0    18.0   64.517   56.213      8.8    989.7
     2     1    20     3    10    18     0     0    18.0   64.967   60.470    136.2    888.9
     3     1    20     3    10    18     0     0    18.0   64.403   67.060    736.4    907.9
     1     1    20     3    10    19     0     1    19.0   64.625   56.504      6.6    989.4
     2     1    20     3    10    19     0     1    19.0   64.986   60.657    122.6    894.8
     3     1    20     3    10    19     0     1    19.0   64.538   68.178    784.0    897.7
     1     1    20     3    10    20     0     2    20.0   64.734   56.795      4.4    989.3
     2     1    20     3    10    20     0     2    20.0   65.000   60.816    111.2    899.9
     3     1    20     3    10    20     0     2    20.0   64.648   69.292    815.3    894.6
     1     1    20     3    10    21     0     3    21.0   64.841   57.092      2.1    988.8
     2     1    20     3    10    21     0     3    21.0   65.009   60.962     97.0    906.7
     3     1    20     3    10    21     0     3    21.0   64.755   70.440    866.3    886.9
     1     1    20     3    10    22     0     2    22.0   64.946   57.382      1.6    987.5
     2     1    20     3    10    22     0     2    22.0   65.017   61.113     75.8    916.9
     3     1    20     3    10    22     0     2    22.0   64.860   71.615    879.2    892.3
     1     1    20     3    10    23     0     1    23.0   65.046   57.663      2.8    986.5
     2     1    20     3    10    23     0     1    23.0   65.027   61.282     48.3    928.8
     3     1    20     3    10    23     0     1    23.0   64.971   72.805    942.6    888.5
     1     1    20     3    11     0     0     0    24.0   65.148   57.951      6.3    985.7
     2     1    20     3    11     0     0     0    24.0   65.037   61.464     23.9    941.7
     3     1    20     3    11     0     0     0    24.0   65.092   73.944   1019.2    877.0
