     5     1
    GDAS    20     5    15     0     0
    GDAS    20     5    22     0     0
    GDAS    20     5    29     0     0
    GDAS    20     6     1     0     0
    GDAS    20     6     8     0     0
     3 FORWARD  OMEGA   
    20     5    28     0   62.085   49.588   100.0
    20     5    28     0   62.085   49.588   500.0
    20     5    28     0   62.085   49.588  1000.0
     1 PRESSURE
     1     1    20     5    28     0     0     0     0.0   62.085   49.588    100.0    991.6
     2     1    20     5    28     0     0     0     0.0   62.085   49.588    500.0    944.5
     3     1    20     5    28     0     0     0     0.0   62.085   49.588   1000.0    888.7
     1     1    20     5    28     1     0     1     1.0   62.035   49.845     97.4    992.0
     2     1    20     5    28     1     0     1     1.0   61.902   50.005    484.6    945.1
     3     1    20     5    28     1     0     1     1.0   61.861   49.986    990.5    888.0
     1     1    20     5    28     2     0     2     2.0   61.998   50.132     90.3    992.1
     2     1    20     5    28     2     0     2     2.0   61.721   50.487    457.3    945.1
     3     1    20     5    28     2     0     2     2.0   61.633   50.458    953.8    888.6
     1     1    20     5    28     3     0     3     3.0   61.967   50.459     81.3    991.1
     2     1    20     5    28     3     0     3     3.0   61.534   51.050    440.7    945.9
     3     1    20     5    28     3     0     3     3.0   61.396   50.999    919.4    892.8
     1     1    20     5    28     4     0     2     4.0   61.931   50.818     75.9    989.8
     2     1    20     5    28     4     0     2     4.0   61.359   51.664    433.6    945.2
     3     1    20     5    28     4     0     2     4.0   61.164   51.611    907.9    893.5
     1     1    20     5    28     5     0     1     5.0   61.891   51.193     76.0    988.5
     2     1    20     5    28     5     0     1     5.0   61.208   52.305    411.1    945.1
     3     1    20     5    28     5     0     1     5.0   60.949   52.310    866.5    891.6
     1     1    20     5    28     6     0     0     6.0   61.852   51.574     75.1    988.0
     2     1    20     5    28     6     0     0     6.0   61.057   52.952    390.0    946.1
     3     1    20     5    28     6     0     0     6.0   60.752   53.038    811.1    900.1
     1     1    20     5    28     7     0     1     7.0   61.817   51.962     67.4    988.9
     2     1    20     5    28     7     0     1     7.0   60.925   53.625    367.2    949.7
     3     1    20     5    28     7     0     1     7.0   60.589   53.788    757.8    904.9
     1     1    20     5    28     8     0     2     8.0   61.786   52.377     59.6    989.2
     2     1    20     5    28     8     0     2     8.0   60.840   54.319    327.3    957.0
     3     1    20     5    28     8     0     2     8.0   60.472   54.557    697.2    915.4
     1     1    20     5    28     9     0     3     9.0   61.767   52.831     60.1    987.5
     2     1    20     5    28     9     0     3     9.0   60.772   54.957    278.6    963.2
     3     1    20     5    28     9     0     3     9.0   60.376   55.276    639.5    923.1
     1     1    20     5    28    10     0     2    10.0   61.752   53.322     63.0    985.6
     2     1    20     5    28    10     0     2    10.0   60.702   55.569    230.6    968.0
     3     1    20     5    28    10     0     2    10.0   60.294   55.974    601.5    928.6
     1     1    20     5    28    11     0     1    11.0   61.722   53.844     57.5    984.5
     2     1    20     5    28    11     0     1    11.0   60.643   56.220    205.1    970.3
     3     1    20     5    28    11     0     1    11.0   60.223   56.693    590.6    928.7
     1     1    20     5    28    12     0     0    12.0   61.677   54.369     49.7    988.0
     2     1    20     5    28    12     0     0    12.0   60.602   56.902    210.4    970.3
     3     1    20     5    28    12     0     0    12.0   60.172   57.431    634.6    921.5
     1     1    20     5    28    13     0     1    13.0   61.628   54.869     48.2    990.2
     2     1    20     5    28    13     0     1    13.0   60.559   57.606    266.5    957.1
     3     1    20     5    28    13     0     1    13.0   60.120   58.245    798.9    877.7
     1     1    20     5    28    14     0     2    14.0   61.588   55.336     50.5    989.2
     2     1    20     5    28    14     0     2    14.0   60.484   58.396    385.6    921.5
     3     1    20     5    28    14     0     2    14.0   60.012   59.250    735.9    871.5
     1     1    20     5    28    15     0     3    15.0   61.555   55.779     51.4    987.3
     2     1    20     5    28    15     0     3    15.0   60.375   59.389    411.9    912.8
     3     1    20     5    28    15     0     3    15.0   59.885   60.251    643.8    920.2
     1     1    20     5    28    16     0     2    16.0   61.527   56.217     52.3    986.4
     2     1    20     5    28    16     0     2    16.0   60.265   60.346    325.6    953.8
     3     1    20     5    28    16     0     2    16.0   59.751   61.177    583.6    934.9
     1     1    20     5    28    17     0     1    17.0   61.502   56.670     60.2    985.3
     2     1    20     5    28    17     0     1    17.0   60.164   61.176    260.4    971.9
     3     1    20     5    28    17     0     1    17.0   59.577   62.080    521.8    943.1
     1     1    20     5    28    18     0     0    18.0   61.480   57.156     80.8    981.9
     2     1    20     5    28    18     0     0    18.0   60.043   61.993    223.6    977.4
     3     1    20     5    28    18     0     0    18.0   59.373   63.020    473.6    944.4
     1     1    20     5    28    19     0     1    19.0   61.440   57.732    116.3    972.3
     2     1    20     5    28    19     0     1    19.0   59.922   62.840    207.5    978.3
     3     1    20     5    28    19     0     1    19.0   59.160   63.946    427.9    953.3
     1     1    20     5    28    20     0     2    20.0   61.366   58.399    183.3    953.2
     2     1    20     5    28    20     0     2    20.0   59.821   63.684    188.4    979.7
     3     1    20     5    28    20     0     2    20.0   58.940   64.799    383.9    959.6
     1     1    20     5    28    21     0     3    21.0   61.216   59.243    354.6    917.5
     2     1    20     5    28    21     0     3    21.0   59.718   64.474    159.3    983.4
     3     1    20     5    28    21     0     3    21.0   58.721   65.609    353.3    961.9
     1     1    20     5    28    22     0     2    22.0   60.997   60.187    269.0    949.0
     2     1    20     5    28    22     0     2    22.0   59.618   65.223    147.6    985.4
     3     1    20     5    28    22     0     2    22.0   58.507   66.339    321.0    969.1
     1     1    20     5    28    23     0     1    23.0   60.838   60.973    147.6    980.3
     2     1    20     5    28    23     0     1    23.0   59.537   65.908    139.9    989.1
     3     1    20     5    28    23     0     1    23.0   58.311   66.949    300.1    977.2
     1     1    20     5    29     0     0     0    24.0   60.714   61.622    105.6    988.3
     2     1    20     5    29     0     0     0    24.0   59.475   66.537    132.5    992.2
     3     1    20     5    29     0     0     0    24.0   58.139   67.487    285.7    979.4
