     5     1
    GDAS    20     7    29     0     0
    GDAS    20     8     1     0     0
    GDAS    20     8     8     0     0
    GDAS    20     8    15     0     0
    GDAS    20     8    22     0     0
     3 FORWARD  OMEGA   
    20     8     3     0   62.085   49.588   100.0
    20     8     3     0   62.085   49.588   500.0
    20     8     3     0   62.085   49.588  1000.0
     1 PRESSURE
     1     1    20     8     3     0     0     0     0.0   62.085   49.588    100.0    981.7
     2     1    20     8     3     0     0     0     0.0   62.085   49.588    500.0    936.1
     3     1    20     8     3     0     0     0     0.0   62.085   49.588   1000.0    880.9
     1     1    20     8     3     1     0     1     1.0   62.110   49.941     93.1    983.0
     2     1    20     8     3     1     0     1     1.0   62.008   50.180    458.5    940.6
     3     1    20     8     3     1     0     1     1.0   62.010   50.165    964.0    885.1
     1     1    20     8     3     2     0     2     2.0   62.153   50.286     87.6    982.7
     2     1    20     8     3     2     0     2     2.0   61.959   50.768    421.5    942.5
     3     1    20     8     3     2     0     2     2.0   61.956   50.751    911.9    886.0
     1     1    20     8     3     3     0     3     3.0   62.212   50.629     84.4    982.3
     2     1    20     8     3     3     0     3     3.0   61.939   51.357    399.6    944.5
     3     1    20     8     3     3     0     3     3.0   61.918   51.347    849.1    893.1
     1     1    20     8     3     4     0     2     4.0   62.283   50.976     84.6    981.7
     2     1    20     8     3     4     0     2     4.0   61.949   51.945    382.5    945.8
     3     1    20     8     3     4     0     2     4.0   61.903   51.948    799.1    899.8
     1     1    20     8     3     5     0     1     5.0   62.365   51.328     85.8    981.1
     2     1    20     8     3     5     0     1     5.0   61.999   52.491    361.7    948.9
     3     1    20     8     3     5     0     1     5.0   61.920   52.540    762.7    903.7
     1     1    20     8     3     6     0     0     6.0   62.455   51.688     80.3    981.8
     2     1    20     8     3     6     0     0     6.0   62.086   52.975    353.6    951.3
     3     1    20     8     3     6     0     0     6.0   61.977   53.083    744.0    907.1
     1     1    20     8     3     7     0     1     7.0   62.551   52.038     67.0    983.9
     2     1    20     8     3     7     0     1     7.0   62.198   53.438    342.7    946.6
     3     1    20     8     3     7     0     1     7.0   62.063   53.604    715.6    902.8
     1     1    20     8     3     8     0     2     8.0   62.650   52.363     56.6    983.9
     2     1    20     8     3     8     0     2     8.0   62.324   53.894    296.7    950.0
     3     1    20     8     3     8     0     2     8.0   62.170   54.127    643.4    910.9
     1     1    20     8     3     9     0     3     9.0   62.762   52.681     55.5    981.6
     2     1    20     8     3     9     0     3     9.0   62.459   54.335    234.6    960.9
     3     1    20     8     3     9     0     3     9.0   62.303   54.633    551.4    925.2
     1     1    20     8     3    10     0     2    10.0   62.890   52.999     59.0    978.6
     2     1    20     8     3    10     0     2    10.0   62.598   54.764    186.9    968.3
     3     1    20     8     3    10     0     2    10.0   62.452   55.128    468.9    937.1
     1     1    20     8     3    11     0     1    11.0   63.021   53.308     52.7    980.0
     2     1    20     8     3    11     0     1    11.0   62.731   55.198    153.0    971.1
     3     1    20     8     3    11     0     1    11.0   62.599   55.637    405.0    946.2
     1     1    20     8     3    12     0     0    12.0   63.137   53.592     36.5    985.0
     2     1    20     8     3    12     0     0    12.0   62.850   55.639    122.9    977.1
     3     1    20     8     3    12     0     0    12.0   62.744   56.164    368.5    953.6
     1     1    20     8     3    13     0     1    13.0   63.238   53.849     24.5    988.6
     2     1    20     8     3    13     0     1    13.0   62.961   56.041     96.2    982.8
     3     1    20     8     3    13     0     1    13.0   62.902   56.671    359.1    953.3
     1     1    20     8     3    14     0     2    14.0   63.333   54.080     18.7    990.0
     2     1    20     8     3    14     0     2    14.0   63.076   56.359     75.3    986.6
     3     1    20     8     3    14     0     2    14.0   63.083   57.152    363.5    951.5
     1     1    20     8     3    15     0     3    15.0   63.425   54.284     16.3    990.3
     2     1    20     8     3    15     0     3    15.0   63.195   56.613     62.2    988.3
     3     1    20     8     3    15     0     3    15.0   63.281   57.651    385.1    943.9
     1     1    20     8     3    16     0     2    16.0   63.515   54.470     14.9    990.6
     2     1    20     8     3    16     0     2    16.0   63.315   56.844     56.4    990.2
     3     1    20     8     3    16     0     2    16.0   63.476   58.208    429.4    932.0
     1     1    20     8     3    17     0     1    17.0   63.605   54.640     13.4    991.2
     2     1    20     8     3    17     0     1    17.0   63.441   57.073     57.2    990.5
     3     1    20     8     3    17     0     1    17.0   63.636   58.859    532.0    914.4
     1     1    20     8     3    18     0     0    18.0   63.695   54.790     11.9    991.8
     2     1    20     8     3    18     0     0    18.0   63.577   57.301     62.3    988.1
     3     1    20     8     3    18     0     0    18.0   63.742   59.679    534.2    895.1
     1     1    20     8     3    19     0     1    19.0   63.784   54.924     10.8    992.0
     2     1    20     8     3    19     0     1    19.0   63.726   57.529     73.8    985.0
     3     1    20     8     3    19     0     1    19.0   63.818   60.464    273.3    958.2
     1     1    20     8     3    20     0     2    20.0   63.869   55.057     10.0    992.6
     2     1    20     8     3    20     0     2    20.0   63.894   57.775     94.2    979.8
     3     1    20     8     3    20     0     2    20.0   63.918   61.031    133.0    988.7
     1     1    20     8     3    21     0     3    21.0   63.950   55.193      9.4    993.5
     2     1    20     8     3    21     0     3    21.0   64.084   58.053    121.9    974.3
     3     1    20     8     3    21     0     3    21.0   64.017   61.425     79.8    998.3
     1     1    20     8     3    22     0     2    22.0   64.029   55.333      8.9    994.5
     2     1    20     8     3    22     0     2    22.0   64.281   58.349    148.9    967.3
     3     1    20     8     3    22     0     2    22.0   64.113   61.745     63.9    995.0
     1     1    20     8     3    23     0     1    23.0   64.110   55.476      8.1    995.8
     2     1    20     8     3    23     0     1    23.0   64.478   58.626    150.6    960.1
     3     1    20     8     3    23     0     1    23.0   64.209   62.016     59.4    994.8
     1     1    20     8     4     0     0     0    24.0   64.190   55.618      7.1    997.1
     2     1    20     8     4     0     0     0    24.0   64.671   58.829    106.7    958.2
     3     1    20     8     4     0     0     0    24.0   64.303   62.262     54.0    993.4
