     5     1
    GDAS    20     2     1     0     0
    GDAS    20     2     8     0     0
    GDAS    20     2    15     0     0
    GDAS    20     2    22     0     0
    GDAS    21     3     1     0     0
     3 FORWARD  OMEGA   
    20     2    14     0   62.085   49.588   100.0
    20     2    14     0   62.085   49.588   500.0
    20     2    14     0   62.085   49.588  1000.0
     1 PRESSURE
     1     1    20     2    14     0     0     0     0.0   62.085   49.588    100.0    987.4
     2     1    20     2    14     0     0     0     0.0   62.085   49.588    500.0    937.4
     3     1    20     2    14     0     0     0     0.0   62.085   49.588   1000.0    879.3
     1     1    20     2    14     1     0     1     1.0   62.162   49.714    100.0    986.8
     2     1    20     2    14     1     0     1     1.0   62.166   49.848    508.9    935.5
     3     1    20     2    14     1     0     1     1.0   62.197   49.845    995.4    879.1
     1     1    20     2    14     2     0     2     2.0   62.242   49.839    100.0    986.2
     2     1    20     2    14     2     0     2     2.0   62.252   50.099    513.3    934.5
     3     1    20     2    14     2     0     2     2.0   62.303   50.104    992.3    878.9
     1     1    20     2    14     3     0     3     3.0   62.325   49.963     99.9    985.8
     2     1    20     2    14     3     0     3     3.0   62.342   50.336    516.8    932.4
     3     1    20     2    14     3     0     3     3.0   62.397   50.351    994.8    877.1
     1     1    20     2    14     4     0     2     4.0   62.409   50.087    100.1    985.0
     2     1    20     2    14     4     0     2     4.0   62.433   50.568    518.7    930.7
     3     1    20     2    14     4     0     2     4.0   62.482   50.583    999.1    875.0
     1     1    20     2    14     5     0     1     5.0   62.493   50.213    100.6    984.1
     2     1    20     2    14     5     0     1     5.0   62.525   50.808    518.5    929.8
     3     1    20     2    14     5     0     1     5.0   62.564   50.798   1002.2    874.0
     1     1    20     2    14     6     0     0     6.0   62.578   50.344    100.8    983.4
     2     1    20     2    14     6     0     0     6.0   62.617   51.054    518.2    929.4
     3     1    20     2    14     6     0     0     6.0   62.643   50.993   1006.2    873.2
     1     1    20     2    14     7     0     1     7.0   62.662   50.473    100.7    983.0
     2     1    20     2    14     7     0     1     7.0   62.708   51.307    517.9    929.5
     3     1    20     2    14     7     0     1     7.0   62.722   51.180   1006.9    872.6
     1     1    20     2    14     8     0     2     8.0   62.745   50.589    100.7    982.8
     2     1    20     2    14     8     0     2     8.0   62.797   51.574    517.0    929.7
     3     1    20     2    14     8     0     2     8.0   62.806   51.376   1000.0    873.6
     1     1    20     2    14     9     0     3     9.0   62.829   50.691    100.7    982.8
     2     1    20     2    14     9     0     3     9.0   62.888   51.866    516.2    930.0
     3     1    20     2    14     9     0     3     9.0   62.897   51.585    988.9    875.2
     1     1    20     2    14    10     0     2    10.0   62.911   50.787    100.5    982.6
     2     1    20     2    14    10     0     2    10.0   62.968   52.172    512.9    929.1
     3     1    20     2    14    10     0     2    10.0   62.982   51.808    975.7    877.0
     1     1    20     2    14    11     0     1    11.0   62.990   50.882    100.0    982.6
     2     1    20     2    14    11     0     1    11.0   63.024   52.476    506.3    928.0
     3     1    20     2    14    11     0     1    11.0   63.046   52.046    958.5    878.5
     1     1    20     2    14    12     0     0    12.0   63.065   50.974     99.0    982.1
     2     1    20     2    14    12     0     0    12.0   63.058   52.785    499.4    927.1
     3     1    20     2    14    12     0     0    12.0   63.089   52.302    939.1    879.7
     1     1    20     2    14    13     0     1    13.0   63.141   51.082    100.4    981.9
     2     1    20     2    14    13     0     1    13.0   63.082   53.081    493.7    927.1
     3     1    20     2    14    13     0     1    13.0   63.122   52.562    929.9    880.3
     1     1    20     2    14    14     0     2    14.0   63.224   51.228    106.3    980.3
     2     1    20     2    14    14     0     2    14.0   63.106   53.342    487.6    929.7
     3     1    20     2    14    14     0     2    14.0   63.152   52.808    933.7    878.1
     1     1    20     2    14    15     0     3    15.0   63.313   51.410    115.7    978.2
     2     1    20     2    14    15     0     3    15.0   63.132   53.570    479.7    932.4
     3     1    20     2    14    15     0     3    15.0   63.180   53.035    939.7    876.2
     1     1    20     2    14    16     0     2    16.0   63.405   51.619    125.3    975.9
     2     1    20     2    14    16     0     2    16.0   63.166   53.793    474.6    935.3
     3     1    20     2    14    16     0     2    16.0   63.209   53.252    946.1    877.5
     1     1    20     2    14    17     0     1    17.0   63.496   51.848    133.9    974.4
     2     1    20     2    14    17     0     1    17.0   63.213   54.029    475.3    936.5
     3     1    20     2    14    17     0     1    17.0   63.248   53.470    954.5    878.1
     1     1    20     2    14    18     0     0    18.0   63.588   52.103    141.8    972.9
     2     1    20     2    14    18     0     0    18.0   63.274   54.277    480.4    934.8
     3     1    20     2    14    18     0     0    18.0   63.299   53.689    964.2    878.4
     1     1    20     2    14    19     0     1    19.0   63.682   52.379    144.0    972.4
     2     1    20     2    14    19     0     1    19.0   63.344   54.539    486.3    932.6
     3     1    20     2    14    19     0     1    19.0   63.358   53.919    968.0    878.4
     1     1    20     2    14    20     0     2    20.0   63.776   52.659    137.5    974.1
     2     1    20     2    14    20     0     2    20.0   63.412   54.821    488.0    931.4
     3     1    20     2    14    20     0     2    20.0   63.419   54.174    961.2    879.4
     1     1    20     2    14    21     0     3    21.0   63.867   52.936    123.9    977.6
     2     1    20     2    14    21     0     3    21.0   63.481   55.127    485.1    932.3
     3     1    20     2    14    21     0     3    21.0   63.482   54.451    951.4    880.2
     1     1    20     2    14    22     0     2    22.0   63.951   53.203    107.6    981.2
     2     1    20     2    14    22     0     2    22.0   63.548   55.444    487.2    934.8
     3     1    20     2    14    22     0     2    22.0   63.544   54.750    949.8    880.7
     1     1    20     2    14    23     0     1    23.0   64.034   53.454     95.1    984.5
     2     1    20     2    14    23     0     1    23.0   63.611   55.756    500.5    934.4
     3     1    20     2    14    23     0     1    23.0   63.601   55.078    964.8    879.0
     1     1    20     2    15     0     0     0    24.0   64.116   53.692     90.7    986.7
     2     1    20     2    15     0     0     0    24.0   63.671   56.060    519.1    933.0
     3     1    20     2    15     0     0     0    24.0   63.651   55.443    984.8    876.6
