     5     1
    GDAS    20     8    29     0     0
    GDAS    20     9     1     0     0
    GDAS    20     9     8     0     0
    GDAS    20     9    15     0     0
    GDAS    20     9    22     0     0
     3 FORWARD  OMEGA   
    20     9     5     0   62.085   49.588   100.0
    20     9     5     0   62.085   49.588   500.0
    20     9     5     0   62.085   49.588  1000.0
     1 PRESSURE
     1     1    20     9     5     0     0     0     0.0   62.085   49.588    100.0   1000.6
     2     1    20     9     5     0     0     0     0.0   62.085   49.588    500.0    954.9
     3     1    20     9     5     0     0     0     0.0   62.085   49.588   1000.0    899.4
     1     1    20     9     5     1     0     1     1.0   62.242   49.684     88.4   1000.7
     2     1    20     9     5     1     0     1     1.0   62.299   49.926    505.3    952.1
     3     1    20     9     5     1     0     1     1.0   62.274   49.895   1023.5    894.2
     1     1    20     9     5     2     0     2     2.0   62.396   49.755     81.6   1000.0
     2     1    20     9     5     2     0     2     2.0   62.520   50.272    501.1    949.2
     3     1    20     9     5     2     0     2     2.0   62.449   50.266   1027.1    891.1
     1     1    20     9     5     3     0     3     3.0   62.552   49.809     78.1    998.9
     2     1    20     9     5     3     0     3     3.0   62.751   50.646    486.3    948.9
     3     1    20     9     5     3     0     3     3.0   62.618   50.698   1013.6    890.8
     1     1    20     9     5     4     0     2     4.0   62.710   49.856     73.3    998.0
     2     1    20     9     5     4     0     2     4.0   62.990   51.027    470.0    950.7
     3     1    20     9     5     4     0     2     4.0   62.782   51.140    995.9    892.7
     1     1    20     9     5     5     0     1     5.0   62.865   49.901     64.4    997.7
     2     1    20     9     5     5     0     1     5.0   63.224   51.372    461.5    950.6
     3     1    20     9     5     5     0     1     5.0   62.928   51.551    982.8    894.5
     1     1    20     9     5     6     0     0     6.0   63.015   49.943     52.0    998.0
     2     1    20     9     5     6     0     0     6.0   63.447   51.678    461.3    948.3
     3     1    20     9     5     6     0     0     6.0   63.053   51.937    975.9    894.9
     1     1    20     9     5     7     0     1     7.0   63.158   49.995     40.4    998.2
     2     1    20     9     5     7     0     1     7.0   63.668   51.974    456.7    945.7
     3     1    20     9     5     7     0     1     7.0   63.173   52.319    966.6    892.5
     1     1    20     9     5     8     0     2     8.0   63.297   50.069     32.3    997.7
     2     1    20     9     5     8     0     2     8.0   63.891   52.278    435.4    947.2
     3     1    20     9     5     8     0     2     8.0   63.303   52.707    945.3    893.0
     1     1    20     9     5     9     0     3     9.0   63.436   50.164     27.3    997.1
     2     1    20     9     5     9     0     3     9.0   64.108   52.575    404.9    954.5
     3     1    20     9     5     9     0     3     9.0   63.446   53.088    920.9    896.9
     1     1    20     9     5    10     0     2    10.0   63.572   50.275     24.3    997.1
     2     1    20     9     5    10     0     2    10.0   64.315   52.893    370.4    961.9
     3     1    20     9     5    10     0     2    10.0   63.596   53.474    909.4    900.7
     1     1    20     9     5    11     0     1    11.0   63.695   50.403     22.1    997.0
     2     1    20     9     5    11     0     1    11.0   64.508   53.246    330.7    968.1
     3     1    20     9     5    11     0     1    11.0   63.741   53.878    927.6    901.4
     1     1    20     9     5    12     0     0    12.0   63.804   50.558     19.8    996.6
     2     1    20     9     5    12     0     0    12.0   64.678   53.621    306.5    973.9
     3     1    20     9     5    12     0     0    12.0   63.866   54.293    978.5    895.0
     1     1    20     9     5    13     0     1    13.0   63.904   50.720     18.8    996.2
     2     1    20     9     5    13     0     1    13.0   64.840   54.015    308.0    973.5
     3     1    20     9     5    13     0     1    13.0   63.952   54.714   1016.9    886.3
     1     1    20     9     5    14     0     2    14.0   64.005   50.861     21.0    995.3
     2     1    20     9     5    14     0     2    14.0   65.014   54.418    303.1    968.9
     3     1    20     9     5    14     0     2    14.0   64.008   55.144   1017.3    886.8
     1     1    20     9     5    15     0     3    15.0   64.115   50.984     28.2    994.5
     2     1    20     9     5    15     0     3    15.0   65.195   54.833    274.6    970.0
     3     1    20     9     5    15     0     3    15.0   64.032   55.603    998.9    890.0
     1     1    20     9     5    16     0     2    16.0   64.234   51.132     36.6    992.7
     2     1    20     9     5    16     0     2    16.0   65.376   55.257    241.7    977.1
     3     1    20     9     5    16     0     2    16.0   64.028   56.057    986.1    893.2
     1     1    20     9     5    17     0     1    17.0   64.356   51.319     39.8    992.7
     2     1    20     9     5    17     0     1    17.0   65.560   55.668    220.1    982.6
     3     1    20     9     5    17     0     1    17.0   64.013   56.445    982.3    895.4
     1     1    20     9     5    18     0     0    18.0   64.480   51.522     39.5    993.8
     2     1    20     9     5    18     0     0    18.0   65.746   56.073    204.1    984.5
     3     1    20     9     5    18     0     0    18.0   63.991   56.763    979.7    897.6
     1     1    20     9     5    19     0     1    19.0   64.600   51.712     37.0    995.2
     2     1    20     9     5    19     0     1    19.0   65.940   56.447    190.0    986.2
     3     1    20     9     5    19     0     1    19.0   63.965   57.043    988.9    898.4
     1     1    20     9     5    20     0     2    20.0   64.710   51.870     32.2    997.2
     2     1    20     9     5    20     0     2    20.0   66.144   56.788    182.0    986.3
     3     1    20     9     5    20     0     2    20.0   63.934   57.305   1015.5    890.7
     1     1    20     9     5    21     0     3    21.0   64.808   51.994     25.2    999.6
     2     1    20     9     5    21     0     3    21.0   66.357   57.116    176.8    986.0
     3     1    20     9     5    21     0     3    21.0   63.896   57.541   1058.3    882.1
     1     1    20     9     5    22     0     2    22.0   64.900   52.088     18.2   1002.0
     2     1    20     9     5    22     0     2    22.0   66.583   57.437    177.3    986.6
     3     1    20     9     5    22     0     2    22.0   63.851   57.760   1108.7    872.6
     1     1    20     9     5    23     0     1    23.0   64.991   52.156     12.8   1004.1
     2     1    20     9     5    23     0     1    23.0   66.829   57.784    189.3    985.4
     3     1    20     9     5    23     0     1    23.0   63.802   57.978   1164.1    864.5
     1     1    20     9     6     0     0     0    24.0   65.084   52.209      8.8   1004.8
     2     1    20     9     6     0     0     0    24.0   67.096   58.186    214.3    982.6
     3     1    20     9     6     0     0     0    24.0   63.750   58.200   1228.3    854.2
