     5     1
    GDAS    20     2     1     0     0
    GDAS    20     2     8     0     0
    GDAS    20     2    15     0     0
    GDAS    20     2    22     0     0
    GDAS    21     3     1     0     0
     3 FORWARD  OMEGA   
    20     2    10     0   62.085   49.588   100.0
    20     2    10     0   62.085   49.588   500.0
    20     2    10     0   62.085   49.588  1000.0
     1 PRESSURE
     1     1    20     2    10     0     0     0     0.0   62.085   49.588    100.0    972.8
     2     1    20     2    10     0     0     0     0.0   62.085   49.588    500.0    924.6
     3     1    20     2    10     0     0     0     0.0   62.085   49.588   1000.0    867.7
     1     1    20     2    10     1     0     1     1.0   62.199   50.017     92.1    973.4
     2     1    20     2    10     1     0     1     1.0   62.113   50.480    474.5    925.0
     3     1    20     2    10     1     0     1     1.0   61.986   50.440    987.7    867.2
     1     1    20     2    10     2     0     2     2.0   62.308   50.426     94.0    969.0
     2     1    20     2    10     2     0     2     2.0   62.126   51.325    489.6    918.0
     3     1    20     2    10     2     0     2     2.0   61.890   51.257    999.5    860.8
     1     1    20     2    10     3     0     3     3.0   62.422   50.828    103.9    965.3
     2     1    20     2    10     3     0     3     3.0   62.131   52.159    477.6    919.4
     3     1    20     2    10     3     0     3     3.0   61.793   52.053    987.6    862.0
     1     1    20     2    10     4     0     2     4.0   62.548   51.224    116.3    962.4
     2     1    20     2    10     4     0     2     4.0   62.144   52.963    476.3    919.4
     3     1    20     2    10     4     0     2     4.0   61.699   52.842    985.3    861.8
     1     1    20     2    10     5     0     1     5.0   62.683   51.621    121.1    961.3
     2     1    20     2    10     5     0     1     5.0   62.158   53.756    474.8    914.3
     3     1    20     2    10     5     0     1     5.0   61.627   53.604   1011.4    856.2
     1     1    20     2    10     6     0     0     6.0   62.817   52.014    115.3    961.7
     2     1    20     2    10     6     0     0     6.0   62.196   54.530    463.3    918.4
     3     1    20     2    10     6     0     0     6.0   61.579   54.343   1047.4    853.3
     1     1    20     2    10     7     0     1     7.0   62.954   52.406    106.2    959.7
     2     1    20     2    10     7     0     1     7.0   62.260   55.232    492.4    916.2
     3     1    20     2    10     7     0     1     7.0   61.544   55.065   1095.0    850.3
     1     1    20     2    10     8     0     2     8.0   63.104   52.802     98.9    957.4
     2     1    20     2    10     8     0     2     8.0   62.339   55.882    531.1    912.6
     3     1    20     2    10     8     0     2     8.0   61.517   55.770   1130.4    842.7
     1     1    20     2    10     9     0     3     9.0   63.264   53.187     90.4    958.8
     2     1    20     2    10     9     0     3     9.0   62.430   56.506    565.1    908.5
     3     1    20     2    10     9     0     3     9.0   61.498   56.467   1146.2    840.8
     1     1    20     2    10    10     0     2    10.0   63.430   53.525     80.6    962.5
     2     1    20     2    10    10     0     2    10.0   62.541   57.138    591.1    904.4
     3     1    20     2    10    10     0     2    10.0   61.487   57.174   1151.2    839.8
     1     1    20     2    10    11     0     1    11.0   63.602   53.794     71.9    964.9
     2     1    20     2    10    11     0     1    11.0   62.680   57.820    621.6    893.8
     3     1    20     2    10    11     0     1    11.0   61.482   57.900   1159.5    835.3
     1     1    20     2    10    12     0     0    12.0   63.782   53.991     65.3    965.8
     2     1    20     2    10    12     0     0    12.0   62.804   58.621    625.3    871.6
     3     1    20     2    10    12     0     0    12.0   61.457   58.666   1090.1    816.5
     1     1    20     2    10    13     0     1    13.0   63.976   54.152     62.8    965.1
     2     1    20     2    10    13     0     1    13.0   62.884   59.592    545.5    893.1
     3     1    20     2    10    13     0     1    13.0   61.404   59.543    969.4    843.7
     1     1    20     2    10    14     0     2    14.0   64.188   54.318     63.2    964.9
     2     1    20     2    10    14     0     2    14.0   62.975   60.658    374.8    936.5
     3     1    20     2    10    14     0     2    14.0   61.310   60.368    977.3    855.7
     1     1    20     2    10    15     0     3    15.0   64.417   54.489     64.3    964.4
     2     1    20     2    10    15     0     3    15.0   63.109   61.519    264.6    953.3
     3     1    20     2    10    15     0     3    15.0   61.250   60.980    963.7    866.8
     1     1    20     2    10    16     0     2    16.0   64.664   54.651     64.2    962.9
     2     1    20     2    10    16     0     2    16.0   63.270   62.280    267.6    951.7
     3     1    20     2    10    16     0     2    16.0   61.226   61.513    930.0    874.8
     1     1    20     2    10    17     0     1    17.0   64.929   54.790     57.7    961.5
     2     1    20     2    10    17     0     1    17.0   63.444   63.038    288.6    949.2
     3     1    20     2    10    17     0     1    17.0   61.235   62.074    909.1    879.4
     1     1    20     2    10    18     0     0    18.0   65.200   54.899     45.0    962.0
     2     1    20     2    10    18     0     0    18.0   63.613   63.789    307.4    947.3
     3     1    20     2    10    18     0     0    18.0   61.264   62.661    893.3    880.0
     1     1    20     2    10    19     0     1    19.0   65.460   55.030     35.0    965.3
     2     1    20     2    10    19     0     1    19.0   63.783   64.520    325.8    948.1
     3     1    20     2    10    19     0     1    19.0   61.306   63.282    877.2    881.2
     1     1    20     2    10    20     0     2    20.0   65.710   55.221     30.0    967.3
     2     1    20     2    10    20     0     2    20.0   63.968   65.222    334.9    950.7
     3     1    20     2    10    20     0     2    20.0   61.372   63.953    855.5    885.1
     1     1    20     2    10    21     0     3    21.0   65.958   55.456     27.8    967.4
     2     1    20     2    10    21     0     3    21.0   64.170   65.882    348.1    951.2
     3     1    20     2    10    21     0     3    21.0   61.467   64.662    827.6    888.4
     1     1    20     2    10    22     0     2    22.0   66.212   55.734     25.3    965.8
     2     1    20     2    10    22     0     2    22.0   64.390   66.539    371.3    943.4
     3     1    20     2    10    22     0     2    22.0   61.581   65.400    792.0    892.0
     1     1    20     2    10    23     0     1    23.0   66.475   56.079     21.8    965.2
     2     1    20     2    10    23     0     1    23.0   64.629   67.213    383.6    938.4
     3     1    20     2    10    23     0     1    23.0   61.696   66.158    747.6    899.2
     1     1    20     2    11     0     0     0    24.0   66.751   56.525     20.8    966.3
     2     1    20     2    11     0     0     0    24.0   64.869   67.924    381.1    935.0
     3     1    20     2    11     0     0     0    24.0   61.822   66.926    760.6    906.9
