     5     1
    GDAS    20     4     8     0     0
    GDAS    20     4    15     0     0
    GDAS    20     4    22     0     0
    GDAS    20     4    29     0     0
    GDAS    20     5     1     0     0
     3 FORWARD  OMEGA   
    20     4    21     0   62.085   49.588   100.0
    20     4    21     0   62.085   49.588   500.0
    20     4    21     0   62.085   49.588  1000.0
     1 PRESSURE
     1     1    20     4    21     0     0     0     0.0   62.085   49.588    100.0    994.9
     2     1    20     4    21     0     0     0     0.0   62.085   49.588    500.0    946.5
     3     1    20     4    21     0     0     0     0.0   62.085   49.588   1000.0    889.4
     1     1    20     4    21     1     0     1     1.0   62.060   49.733    102.7    994.8
     2     1    20     4    21     1     0     1     1.0   62.074   49.861    532.3    942.9
     3     1    20     4    21     1     0     1     1.0   62.107   49.906   1043.8    884.1
     1     1    20     4    21     2     0     2     2.0   62.031   49.883    104.5    994.8
     2     1    20     4    21     2     0     2     2.0   62.048   50.152    558.2    938.5
     3     1    20     4    21     2     0     2     2.0   62.129   50.247   1078.1    877.7
     1     1    20     4    21     3     0     3     3.0   61.994   50.041    105.2    994.7
     2     1    20     4    21     3     0     3     3.0   62.009   50.469    573.2    934.8
     3     1    20     4    21     3     0     3     3.0   62.154   50.620   1103.5    873.2
     1     1    20     4    21     4     0     2     4.0   61.955   50.201    105.0    993.1
     2     1    20     4    21     4     0     2     4.0   61.965   50.796    581.7    931.5
     3     1    20     4    21     4     0     2     4.0   62.183   51.035   1124.2    867.8
     1     1    20     4    21     5     0     1     5.0   61.920   50.359    104.1    991.7
     2     1    20     4    21     5     0     1     5.0   61.923   51.120    581.3    929.3
     3     1    20     4    21     5     0     1     5.0   62.210   51.497   1131.2    866.4
     1     1    20     4    21     6     0     0     6.0   61.887   50.517    102.2    990.7
     2     1    20     4    21     6     0     0     6.0   61.882   51.438    572.7    930.5
     3     1    20     4    21     6     0     0     6.0   62.234   51.999   1140.4    867.1
     1     1    20     4    21     7     0     1     7.0   61.854   50.685     98.8    989.7
     2     1    20     4    21     7     0     1     7.0   61.849   51.752    564.1    931.7
     3     1    20     4    21     7     0     1     7.0   62.258   52.532   1151.0    862.5
     1     1    20     4    21     8     0     2     8.0   61.821   50.875     93.9    989.1
     2     1    20     4    21     8     0     2     8.0   61.829   52.077    560.0    931.8
     3     1    20     4    21     8     0     2     8.0   62.284   53.092   1137.8    861.9
     1     1    20     4    21     9     0     3     9.0   61.785   51.080     88.1    989.1
     2     1    20     4    21     9     0     3     9.0   61.820   52.427    560.0    930.9
     3     1    20     4    21     9     0     3     9.0   62.313   53.696   1130.1    864.0
     1     1    20     4    21    10     0     2    10.0   61.745   51.298     83.2    989.1
     2     1    20     4    21    10     0     2    10.0   61.813   52.800    577.6    929.6
     3     1    20     4    21    10     0     2    10.0   62.346   54.334   1143.0    860.6
     1     1    20     4    21    11     0     1    11.0   61.699   51.524     80.1    988.5
     2     1    20     4    21    11     0     1    11.0   61.808   53.183    628.1    922.7
     3     1    20     4    21    11     0     1    11.0   62.379   54.970   1151.5    859.8
     1     1    20     4    21    12     0     0    12.0   61.647   51.754     78.5    987.8
     2     1    20     4    21    12     0     0    12.0   61.807   53.575    709.7    910.6
     3     1    20     4    21    12     0     0    12.0   62.408   55.604   1177.2    861.4
     1     1    20     4    21    13     0     1    13.0   61.587   51.957     75.3    987.2
     2     1    20     4    21    13     0     1    13.0   61.802   53.960    812.9    895.8
     3     1    20     4    21    13     0     1    13.0   62.438   56.255   1222.4    854.7
     1     1    20     4    21    14     0     2    14.0   61.517   52.099     69.0    986.8
     2     1    20     4    21    14     0     2    14.0   61.789   54.318    929.0    884.5
     3     1    20     4    21    14     0     2    14.0   62.485   56.919   1273.0    850.3
     1     1    20     4    21    15     0     3    15.0   61.438   52.181     60.7    986.3
     2     1    20     4    21    15     0     3    15.0   61.777   54.659   1064.1    871.4
     3     1    20     4    21    15     0     3    15.0   62.552   57.602   1335.3    836.5
     1     1    20     4    21    16     0     2    16.0   61.350   52.214     54.0    986.4
     2     1    20     4    21    16     0     2    16.0   61.781   54.970   1200.6    855.2
     3     1    20     4    21    16     0     2    16.0   62.632   58.317   1373.9    816.9
     1     1    20     4    21    17     0     1    17.0   61.249   52.208     51.3    985.9
     2     1    20     4    21    17     0     1    17.0   61.815   55.245   1298.9    842.5
     3     1    20     4    21    17     0     1    17.0   62.727   59.079   1359.4    805.8
     1     1    20     4    21    18     0     0    18.0   61.131   52.160     53.1    984.9
     2     1    20     4    21    18     0     0    18.0   61.885   55.505   1363.3    837.5
     3     1    20     4    21    18     0     0    18.0   62.833   59.799   1274.5    837.7
     1     1    20     4    21    19     0     1    19.0   60.993   52.060     62.4    983.0
     2     1    20     4    21    19     0     1    19.0   61.990   55.771   1405.2    830.6
     3     1    20     4    21    19     0     1    19.0   62.927   60.400   1152.7    864.6
     1     1    20     4    21    20     0     2    20.0   60.835   51.885     81.1    979.0
     2     1    20     4    21    20     0     2    20.0   62.110   56.026   1396.1    829.2
     3     1    20     4    21    20     0     2    20.0   63.013   60.932   1073.7    876.7
     1     1    20     4    21    21     0     3    21.0   60.651   51.611    103.3    972.6
     2     1    20     4    21    21     0     3    21.0   62.228   56.235   1336.2    836.6
     3     1    20     4    21    21     0     3    21.0   63.100   61.412   1059.0    881.2
     1     1    20     4    21    22     0     2    22.0   60.437   51.265    120.8    966.9
     2     1    20     4    21    22     0     2    22.0   62.319   56.354   1260.1    845.9
     3     1    20     4    21    22     0     2    22.0   63.198   61.852   1091.9    872.8
     1     1    20     4    21    23     0     1    23.0   60.199   50.900    131.4    962.7
     2     1    20     4    21    23     0     1    23.0   62.364   56.345   1185.4    852.5
     3     1    20     4    21    23     0     1    23.0   63.300   62.245   1110.2    868.8
     1     1    20     4    22     0     0     0    24.0   59.937   50.543    140.3    959.3
     2     1    20     4    22     0     0     0    24.0   62.367   56.197   1113.1    859.3
     3     1    20     4    22     0     0     0    24.0   63.402   62.593   1104.3    871.1
