     5     1
    GDAS    20     4    29     0     0
    GDAS    20     5     1     0     0
    GDAS    20     5     8     0     0
    GDAS    20     5    15     0     0
    GDAS    20     5    22     0     0
     3 FORWARD  OMEGA   
    20     5     3     0   62.085   49.588   100.0
    20     5     3     0   62.085   49.588   500.0
    20     5     3     0   62.085   49.588  1000.0
     1 PRESSURE
     1     1    20     5     3     0     0     0     0.0   62.085   49.588    100.0    997.3
     2     1    20     5     3     0     0     0     0.0   62.085   49.588    500.0    948.8
     3     1    20     5     3     0     0     0     0.0   62.085   49.588   1000.0    890.7
     1     1    20     5     3     1     0     1     1.0   62.102   49.651     90.7    998.7
     2     1    20     5     3     1     0     1     1.0   62.071   49.699    498.7    949.2
     3     1    20     5     3     1     0     1     1.0   61.999   49.821    987.4    893.2
     1     1    20     5     3     2     0     2     2.0   62.123   49.711     85.1    999.5
     2     1    20     5     3     2     0     2     2.0   62.065   49.828    498.9    949.0
     3     1    20     5     3     2     0     2     2.0   61.920   50.051    979.5    893.1
     1     1    20     5     3     3     0     3     3.0   62.149   49.768     83.2    999.7
     2     1    20     5     3     3     0     3     3.0   62.063   49.975    499.4    948.9
     3     1    20     5     3     3     0     3     3.0   61.844   50.284    976.4    891.5
     1     1    20     5     3     4     0     2     4.0   62.178   49.826     81.3    999.6
     2     1    20     5     3     4     0     2     4.0   62.064   50.128    495.3    948.5
     3     1    20     5     3     4     0     2     4.0   61.769   50.522    971.0    890.1
     1     1    20     5     3     5     0     1     5.0   62.208   49.888     75.7   1000.6
     2     1    20     5     3     5     0     1     5.0   62.069   50.272    482.3    949.5
     3     1    20     5     3     5     0     1     5.0   61.698   50.759    957.1    891.0
     1     1    20     5     3     6     0     0     6.0   62.240   49.954     66.7   1001.7
     2     1    20     5     3     6     0     0     6.0   62.079   50.409    459.8    951.8
     3     1    20     5     3     6     0     0     6.0   61.632   50.986    936.2    893.0
     1     1    20     5     3     7     0     1     7.0   62.277   50.023     56.5   1001.7
     2     1    20     5     3     7     0     1     7.0   62.099   50.541    430.8    954.5
     3     1    20     5     3     7     0     1     7.0   61.582   51.202    904.4    895.9
     1     1    20     5     3     8     0     2     8.0   62.324   50.093     46.9   1001.2
     2     1    20     5     3     8     0     2     8.0   62.130   50.677    399.6    957.4
     3     1    20     5     3     8     0     2     8.0   61.555   51.408    859.6    900.9
     1     1    20     5     3     9     0     3     9.0   62.381   50.165     38.1   1000.8
     2     1    20     5     3     9     0     3     9.0   62.173   50.821    368.4    959.9
     3     1    20     5     3     9     0     3     9.0   61.547   51.607    806.8    906.9
     1     1    20     5     3    10     0     2    10.0   62.444   50.231     30.2   1001.2
     2     1    20     5     3    10     0     2    10.0   62.224   50.964    340.9    962.2
     3     1    20     5     3    10     0     2    10.0   61.553   51.802    748.9    913.6
     1     1    20     5     3    11     0     1    11.0   62.511   50.281     23.3   1001.7
     2     1    20     5     3    11     0     1    11.0   62.283   51.096    317.8    964.3
     3     1    20     5     3    11     0     1    11.0   61.569   51.994    681.8    921.1
     1     1    20     5     3    12     0     0    12.0   62.582   50.316     17.4   1002.3
     2     1    20     5     3    12     0     0    12.0   62.348   51.218    296.1    966.6
     3     1    20     5     3    12     0     0    12.0   61.597   52.177    604.9    930.4
     1     1    20     5     3    13     0     1    13.0   62.652   50.328     13.1   1002.0
     2     1    20     5     3    13     0     1    13.0   62.422   51.317    271.4    968.7
     3     1    20     5     3    13     0     1    13.0   61.632   52.346    529.7    938.7
     1     1    20     5     3    14     0     2    14.0   62.716   50.306     10.5   1001.0
     2     1    20     5     3    14     0     2    14.0   62.503   51.375    241.7    972.0
     3     1    20     5     3    14     0     2    14.0   61.670   52.493    463.3    946.0
     1     1    20     5     3    15     0     3    15.0   62.775   50.251      9.3    999.3
     2     1    20     5     3    15     0     3    15.0   62.595   51.383    208.8    976.1
     3     1    20     5     3    15     0     3    15.0   61.709   52.604    404.7    952.8
     1     1    20     5     3    16     0     2    16.0   62.836   50.174      8.7    998.5
     2     1    20     5     3    16     0     2    16.0   62.708   51.351    181.8    980.0
     3     1    20     5     3    16     0     2    16.0   61.763   52.674    360.6    958.8
     1     1    20     5     3    17     0     1    17.0   62.904   50.086      8.0    997.6
     2     1    20     5     3    17     0     1    17.0   62.854   51.301    165.2    981.4
     3     1    20     5     3    17     0     1    17.0   61.850   52.702    334.7    961.6
     1     1    20     5     3    18     0     0    18.0   62.977   49.987      7.0    996.5
     2     1    20     5     3    18     0     0    18.0   63.028   51.239    156.9    981.9
     3     1    20     5     3    18     0     0    18.0   61.974   52.682    326.2    963.2
     1     1    20     5     3    19     0     1    19.0   63.058   49.880      6.2    995.6
     2     1    20     5     3    19     0     1    19.0   63.232   51.185    156.6    980.0
     3     1    20     5     3    19     0     1    19.0   62.132   52.671    328.2    961.0
     1     1    20     5     3    20     0     2    20.0   63.150   49.767      5.7    994.6
     2     1    20     5     3    20     0     2    20.0   63.466   51.153    166.7    976.9
     3     1    20     5     3    20     0     2    20.0   62.316   52.723    328.0    959.4
     1     1    20     5     3    21     0     3    21.0   63.253   49.650      5.4    993.5
     2     1    20     5     3    21     0     3    21.0   63.735   51.136    195.3    971.5
     3     1    20     5     3    21     0     3    21.0   62.519   52.832    323.1    958.0
     1     1    20     5     3    22     0     2    22.0   63.364   49.531      5.1    992.9
     2     1    20     5     3    22     0     2    22.0   64.037   51.148    246.4    962.2
     3     1    20     5     3    22     0     2    22.0   62.741   52.972    306.0    956.8
     1     1    20     5     3    23     0     1    23.0   63.482   49.411      4.4    992.6
     2     1    20     5     3    23     0     1    23.0   64.360   51.223    283.0    956.7
     3     1    20     5     3    23     0     1    23.0   62.996   53.097    268.4    959.3
     1     1    20     5     4     0     0     0    24.0   63.607   49.285      3.4    992.6
     2     1    20     5     4     0     0     0    24.0   64.703   51.305    271.8    961.0
     3     1    20     5     4     0     0     0    24.0   63.292   53.168    222.2    969.0
