     5     1
    GDAS    20     4     8     0     0
    GDAS    20     4    15     0     0
    GDAS    20     4    22     0     0
    GDAS    20     4    29     0     0
    GDAS    20     5     1     0     0
     3 FORWARD  OMEGA   
    20     4    17     0   62.085   49.588   100.0
    20     4    17     0   62.085   49.588   500.0
    20     4    17     0   62.085   49.588  1000.0
     1 PRESSURE
     1     1    20     4    17     0     0     0     0.0   62.085   49.588    100.0    963.9
     2     1    20     4    17     0     0     0     0.0   62.085   49.588    500.0    916.5
     3     1    20     4    17     0     0     0     0.0   62.085   49.588   1000.0    860.6
     1     1    20     4    17     1     0     1     1.0   62.303   49.435     89.9    961.9
     2     1    20     4    17     1     0     1     1.0   62.488   49.583    481.8    913.5
     3     1    20     4    17     1     0     1     1.0   62.498   49.756   1009.3    855.7
     1     1    20     4    17     2     0     2     2.0   62.541   49.282     76.2    959.9
     2     1    20     4    17     2     0     2     2.0   62.914   49.474    450.8    911.1
     3     1    20     4    17     2     0     2     2.0   62.958   49.847   1011.9    851.3
     1     1    20     4    17     3     0     3     3.0   62.795   49.138     59.0    957.3
     2     1    20     4    17     3     0     3     3.0   63.338   49.263    413.9    914.4
     3     1    20     4    17     3     0     3     3.0   63.438   49.860   1009.3    849.1
     1     1    20     4    17     4     0     2     4.0   63.054   48.989     42.0    956.6
     2     1    20     4    17     4     0     2     4.0   63.759   48.928    372.0    921.1
     3     1    20     4    17     4     0     2     4.0   63.924   49.749   1011.7    848.0
     1     1    20     4    17     5     0     1     5.0   63.300   48.821     29.6    960.2
     2     1    20     4    17     5     0     1     5.0   64.174   48.490    351.0    925.9
     3     1    20     4    17     5     0     1     5.0   64.418   49.515   1006.6    846.0
     1     1    20     4    17     6     0     0     6.0   63.530   48.649     22.5    961.7
     2     1    20     4    17     6     0     0     6.0   64.582   47.983    370.2    924.0
     3     1    20     4    17     6     0     0     6.0   64.899   49.146    964.3    847.6
     1     1    20     4    17     7     0     1     7.0   63.750   48.482     19.3    962.4
     2     1    20     4    17     7     0     1     7.0   64.980   47.368    392.0    916.9
     3     1    20     4    17     7     0     1     7.0   65.354   48.592    900.8    862.4
     1     1    20     4    17     8     0     2     8.0   63.963   48.314     19.2    962.5
     2     1    20     4    17     8     0     2     8.0   65.341   46.674    401.3    922.8
     3     1    20     4    17     8     0     2     8.0   65.773   47.878    870.3    873.8
     1     1    20     4    17     9     0     3     9.0   64.173   48.138     21.6    962.3
     2     1    20     4    17     9     0     3     9.0   65.656   45.950    416.1    922.6
     3     1    20     4    17     9     0     3     9.0   66.153   47.031    825.6    879.1
     1     1    20     4    17    10     0     2    10.0   64.375   47.961     25.5    962.0
     2     1    20     4    17    10     0     2    10.0   65.908   45.178    421.7    922.9
     3     1    20     4    17    10     0     2    10.0   66.496   46.134    770.7    890.7
     1     1    20     4    17    11     0     1    11.0   64.569   47.807     29.6    963.2
     2     1    20     4    17    11     0     1    11.0   66.099   44.355    430.5    928.7
     3     1    20     4    17    11     0     1    11.0   66.780   45.213    771.5    893.6
     1     1    20     4    17    12     0     0    12.0   64.757   47.686     34.0    964.2
     2     1    20     4    17    12     0     0    12.0   66.240   43.578    433.1    933.1
     3     1    20     4    17    12     0     0    12.0   66.989   44.248    804.3    891.9
     1     1    20     4    17    13     0     1    13.0   64.939   47.581     39.8    963.7
     2     1    20     4    17    13     0     1    13.0   66.328   42.847    457.7    930.1
     3     1    20     4    17    13     0     1    13.0   67.101   43.251    817.1    890.7
     1     1    20     4    17    14     0     2    14.0   65.112   47.463     46.0    963.9
     2     1    20     4    17    14     0     2    14.0   66.349   42.139    493.8    926.1
     3     1    20     4    17    14     0     2    14.0   67.102   42.245    835.8    889.6
     1     1    20     4    17    15     0     3    15.0   65.276   47.334     51.6    964.7
     2     1    20     4    17    15     0     3    15.0   66.290   41.447    529.2    919.1
     3     1    20     4    17    15     0     3    15.0   66.969   41.270    887.1    871.6
     1     1    20     4    17    16     0     2    16.0   65.432   47.198     55.8    966.3
     2     1    20     4    17    16     0     2    16.0   66.159   40.764    554.7    917.2
     3     1    20     4    17    16     0     2    16.0   66.718   40.362    937.5    863.4
     1     1    20     4    17    17     0     1    17.0   65.578   47.051     58.7    967.9
     2     1    20     4    17    17     0     1    17.0   65.945   40.013    644.4    912.3
     3     1    20     4    17    17     0     1    17.0   66.412   39.457    999.8    861.6
     1     1    20     4    17    18     0     0    18.0   65.710   46.891     61.3    969.4
     2     1    20     4    17    18     0     0    18.0   65.631   39.261    745.7    897.8
     3     1    20     4    17    18     0     0    18.0   66.023   38.490   1039.2    863.8
     1     1    20     4    17    19     0     1    19.0   65.835   46.714     63.3    970.4
     2     1    20     4    17    19     0     1    19.0   65.269   38.672    800.9    893.9
     3     1    20     4    17    19     0     1    19.0   65.593   37.695   1007.8    873.9
     1     1    20     4    17    20     0     2    20.0   65.963   46.519     64.2    971.1
     2     1    20     4    17    20     0     2    20.0   64.892   38.246    937.2    879.1
     3     1    20     4    17    20     0     2    20.0   65.156   37.124   1144.0    851.0
     1     1    20     4    17    21     0     3    21.0   66.091   46.308     65.2    972.4
     2     1    20     4    17    21     0     3    21.0   64.492   37.958   1074.1    858.4
     3     1    20     4    17    21     0     3    21.0   64.719   36.753   1325.0    831.1
     1     1    20     4    17    22     0     2    22.0   66.215   46.069     67.3    973.8
     2     1    20     4    17    22     0     2    22.0   64.090   37.840   1133.5    852.9
     3     1    20     4    17    22     0     2    22.0   64.272   36.581   1476.5    818.9
     1     1    20     4    17    23     0     1    23.0   66.337   45.802     70.1    975.0
     2     1    20     4    17    23     0     1    23.0   63.703   37.873   1158.1    851.0
     3     1    20     4    17    23     0     1    23.0   63.801   36.571   1583.7    804.7
     1     1    20     4    18     0     0     0    24.0   66.452   45.520     71.9    976.3
     2     1    20     4    18     0     0     0    24.0   63.340   38.009   1219.6    840.9
     3     1    20     4    18     0     0     0    24.0   63.315   36.649   1633.9    792.2
