     5     1
    GDAS    20     8    29     0     0
    GDAS    20     9     1     0     0
    GDAS    20     9     8     0     0
    GDAS    20     9    15     0     0
    GDAS    20     9    22     0     0
     3 FORWARD  OMEGA   
    20     9     4     0   62.085   49.588   100.0
    20     9     4     0   62.085   49.588   500.0
    20     9     4     0   62.085   49.588  1000.0
     1 PRESSURE
     1     1    20     9     4     0     0     0     0.0   62.085   49.588    100.0   1006.3
     2     1    20     9     4     0     0     0     0.0   62.085   49.588    500.0    960.0
     3     1    20     9     4     0     0     0     0.0   62.085   49.588   1000.0    903.8
     1     1    20     9     4     1     0     1     1.0   62.095   49.802     96.5   1006.4
     2     1    20     9     4     1     0     1     1.0   62.055   49.894    483.5    961.1
     3     1    20     9     4     1     0     1     1.0   62.064   49.826    989.8    903.3
     1     1    20     9     4     2     0     2     2.0   62.104   50.013     92.2   1006.9
     2     1    20     9     4     2     0     2     2.0   62.022   50.202    465.5    963.5
     3     1    20     9     4     2     0     2     2.0   62.037   50.087    967.2    907.4
     1     1    20     9     4     3     0     3     3.0   62.110   50.219     89.5   1005.9
     2     1    20     9     4     3     0     3     3.0   61.982   50.507    460.1    961.3
     3     1    20     9     4     3     0     3     3.0   62.006   50.371    963.6    907.2
     1     1    20     9     4     4     0     2     4.0   62.112   50.417     86.1   1004.8
     2     1    20     9     4     4     0     2     4.0   61.943   50.801    454.8    958.4
     3     1    20     9     4     4     0     2     4.0   61.975   50.668    971.8    901.7
     1     1    20     9     4     5     0     1     5.0   62.114   50.600     79.0   1004.8
     2     1    20     9     4     5     0     1     5.0   61.910   51.075    438.4    959.0
     3     1    20     9     4     5     0     1     5.0   61.936   50.968    962.4    899.6
     1     1    20     9     4     6     0     0     6.0   62.118   50.765     68.1   1005.5
     2     1    20     9     4     6     0     0     6.0   61.883   51.335    414.5    962.5
     3     1    20     9     4     6     0     0     6.0   61.881   51.273    922.7    903.5
     1     1    20     9     4     7     0     1     7.0   62.124   50.924     58.2   1005.8
     2     1    20     9     4     7     0     1     7.0   61.860   51.594    391.8    965.6
     3     1    20     9     4     7     0     1     7.0   61.829   51.569    869.4    911.1
     1     1    20     9     4     8     0     2     8.0   62.128   51.092     52.4   1005.5
     2     1    20     9     4     8     0     2     8.0   61.838   51.850    371.3    967.0
     3     1    20     9     4     8     0     2     8.0   61.787   51.843    820.8    915.8
     1     1    20     9     4     9     0     3     9.0   62.129   51.269     48.6   1005.1
     2     1    20     9     4     9     0     3     9.0   61.816   52.093    349.3    968.6
     3     1    20     9     4     9     0     3     9.0   61.752   52.094    778.1    920.2
     1     1    20     9     4    10     0     2    10.0   62.134   51.447     46.0   1005.3
     2     1    20     9     4    10     0     2    10.0   61.794   52.332    330.7    970.7
     3     1    20     9     4    10     0     2    10.0   61.718   52.339    746.3    923.6
     1     1    20     9     4    11     0     1    11.0   62.146   51.624     44.4   1005.2
     2     1    20     9     4    11     0     1    11.0   61.767   52.579    319.9    971.1
     3     1    20     9     4    11     0     1    11.0   61.680   52.594    725.9    924.8
     1     1    20     9     4    12     0     0    12.0   62.164   51.807     43.0   1005.1
     2     1    20     9     4    12     0     0    12.0   61.734   52.830    313.6    970.9
     3     1    20     9     4    12     0     0    12.0   61.631   52.856    712.6    925.3
     1     1    20     9     4    13     0     1    13.0   62.185   51.982     37.5   1004.6
     2     1    20     9     4    13     0     1    13.0   61.690   53.081    308.9    969.8
     3     1    20     9     4    13     0     1    13.0   61.567   53.118    702.1    924.7
     1     1    20     9     4    14     0     2    14.0   62.208   52.119     28.8   1005.5
     2     1    20     9     4    14     0     2    14.0   61.630   53.335    292.0    969.1
     3     1    20     9     4    14     0     2    14.0   61.483   53.372    674.4    925.0
     1     1    20     9     4    15     0     3    15.0   62.235   52.212     20.8   1006.1
     2     1    20     9     4    15     0     3    15.0   61.549   53.593    248.8    973.0
     3     1    20     9     4    15     0     3    15.0   61.379   53.615    606.3    932.1
     1     1    20     9     4    16     0     2    16.0   62.266   52.280     15.5   1007.7
     2     1    20     9     4    16     0     2    16.0   61.459   53.844    201.5    982.2
     3     1    20     9     4    16     0     2    16.0   61.262   53.844    529.3    945.2
     1     1    20     9     4    17     0     1    17.0   62.303   52.346     13.1   1008.0
     2     1    20     9     4    17     0     1    17.0   61.380   54.077    170.2    986.7
     3     1    20     9     4    17     0     1    17.0   61.146   54.051    480.4    953.0
     1     1    20     9     4    18     0     0    18.0   62.344   52.409     12.1   1008.3
     2     1    20     9     4    18     0     0    18.0   61.316   54.296    153.8    989.2
     3     1    20     9     4    18     0     0    18.0   61.032   54.240    459.3    956.0
     1     1    20     9     4    19     0     1    19.0   62.391   52.471     11.6   1007.4
     2     1    20     9     4    19     0     1    19.0   61.257   54.496    145.9    989.8
     3     1    20     9     4    19     0     1    19.0   60.918   54.408    451.9    955.0
     1     1    20     9     4    20     0     2    20.0   62.439   52.533     11.1   1006.6
     2     1    20     9     4    20     0     2    20.0   61.196   54.672    140.3    990.4
     3     1    20     9     4    20     0     2    20.0   60.806   54.556    444.8    954.9
     1     1    20     9     4    21     0     3    21.0   62.489   52.594     10.7   1005.8
     2     1    20     9     4    21     0     3    21.0   61.132   54.822    134.4    990.8
     3     1    20     9     4    21     0     3    21.0   60.700   54.683    433.9    955.6
     1     1    20     9     4    22     0     2    22.0   62.542   52.655     10.3   1005.7
     2     1    20     9     4    22     0     2    22.0   61.067   54.963    128.9    992.1
     3     1    20     9     4    22     0     2    22.0   60.594   54.805    421.4    958.1
     1     1    20     9     4    23     0     1    23.0   62.595   52.719      9.9   1005.5
     2     1    20     9     4    23     0     1    23.0   61.001   55.104    125.4    992.3
     3     1    20     9     4    23     0     1    23.0   60.483   54.936    413.6    960.0
     1     1    20     9     5     0     0     0    24.0   62.648   52.787      9.4   1005.2
     2     1    20     9     5     0     0     0    24.0   60.935   55.242    124.2    992.0
     3     1    20     9     5     0     0     0    24.0   60.370   55.071    413.6    960.6
