     5     1
    GDAS    20     5     1     0     0
    GDAS    20     5     8     0     0
    GDAS    20     5    15     0     0
    GDAS    20     5    22     0     0
    GDAS    20     5    29     0     0
     3 FORWARD  OMEGA   
    20     5     9     0   62.085   49.588   100.0
    20     5     9     0   62.085   49.588   500.0
    20     5     9     0   62.085   49.588  1000.0
     1 PRESSURE
     1     1    20     5     9     0     0     0     0.0   62.085   49.588    100.0    989.7
     2     1    20     5     9     0     0     0     0.0   62.085   49.588    500.0    942.2
     3     1    20     5     9     0     0     0     0.0   62.085   49.588   1000.0    885.9
     1     1    20     5     9     1     0     1     1.0   62.034   49.561    107.2    989.2
     2     1    20     5     9     1     0     1     1.0   61.998   49.561    484.3    944.5
     3     1    20     5     9     1     0     1     1.0   62.027   49.703    949.1    891.0
     1     1    20     5     9     2     0     2     2.0   61.979   49.510    110.0    989.1
     2     1    20     5     9     2     0     2     2.0   61.910   49.461    463.6    946.7
     3     1    20     5     9     2     0     2     2.0   61.957   49.715    874.5    899.7
     1     1    20     5     9     3     0     3     3.0   61.918   49.437    108.2    989.0
     2     1    20     5     9     3     0     3     3.0   61.818   49.299    442.4    948.9
     3     1    20     5     9     3     0     3     3.0   61.878   49.618    796.2    908.9
     1     1    20     5     9     4     0     2     4.0   61.859   49.331    105.7    989.5
     2     1    20     5     9     4     0     2     4.0   61.727   49.083    428.1    950.9
     3     1    20     5     9     4     0     2     4.0   61.804   49.437    744.9    916.7
     1     1    20     5     9     5     0     1     5.0   61.809   49.183    105.8    989.1
     2     1    20     5     9     5     0     1     5.0   61.647   48.811    418.3    949.7
     3     1    20     5     9     5     0     1     5.0   61.750   49.199    726.2    917.4
     1     1    20     5     9     6     0     0     6.0   61.768   48.992    107.5    988.5
     2     1    20     5     9     6     0     0     6.0   61.579   48.490    405.6    949.8
     3     1    20     5     9     6     0     0     6.0   61.714   48.907    719.8    916.4
     1     1    20     5     9     7     0     1     7.0   61.729   48.772    107.7    985.9
     2     1    20     5     9     7     0     1     7.0   61.520   48.138    394.4    949.4
     3     1    20     5     9     7     0     1     7.0   61.687   48.589    709.7    914.7
     1     1    20     5     9     8     0     2     8.0   61.691   48.535    105.0    984.1
     2     1    20     5     9     8     0     2     8.0   61.471   47.770    384.9    949.2
     3     1    20     5     9     8     0     2     8.0   61.663   48.259    695.5    914.8
     1     1    20     5     9     9     0     3     9.0   61.660   48.276    100.2    982.5
     2     1    20     5     9     9     0     3     9.0   61.436   47.399    376.6    949.7
     3     1    20     5     9     9     0     3     9.0   61.643   47.907    689.2    914.5
     1     1    20     5     9    10     0     2    10.0   61.638   48.012     94.2    982.2
     2     1    20     5     9    10     0     2    10.0   61.411   47.032    350.8    950.0
     3     1    20     5     9    10     0     2    10.0   61.638   47.554    682.6    913.3
     1     1    20     5     9    11     0     1    11.0   61.619   47.768     87.2    983.0
     2     1    20     5     9    11     0     1    11.0   61.388   46.681    306.9    957.4
     3     1    20     5     9    11     0     1    11.0   61.650   47.201    644.2    916.2
     1     1    20     5     9    12     0     0    12.0   61.600   47.542     76.5    984.1
     2     1    20     5     9    12     0     0    12.0   61.367   46.356    274.1    963.7
     3     1    20     5     9    12     0     0    12.0   61.673   46.833    574.0    926.2
     1     1    20     5     9    13     0     1    13.0   61.586   47.333     65.0    984.8
     2     1    20     5     9    13     0     1    13.0   61.355   46.058    261.3    964.9
     3     1    20     5     9    13     0     1    13.0   61.715   46.493    534.2    936.9
     1     1    20     5     9    14     0     2    14.0   61.579   47.142     56.3    984.8
     2     1    20     5     9    14     0     2    14.0   61.361   45.777    250.9    964.6
     3     1    20     5     9    14     0     2    14.0   61.776   46.210    536.5    934.2
     1     1    20     5     9    15     0     3    15.0   61.578   46.979     50.9    984.9
     2     1    20     5     9    15     0     3    15.0   61.393   45.511    234.4    968.0
     3     1    20     5     9    15     0     3    15.0   61.846   45.949    517.1    934.3
     1     1    20     5     9    16     0     2    16.0   61.578   46.844     47.5    985.3
     2     1    20     5     9    16     0     2    16.0   61.449   45.285    218.0    972.4
     3     1    20     5     9    16     0     2    16.0   61.926   45.736    475.9    945.3
     1     1    20     5     9    17     0     1    17.0   61.573   46.734     44.5    985.7
     2     1    20     5     9    17     0     1    17.0   61.516   45.119    202.3    976.3
     3     1    20     5     9    17     0     1    17.0   62.015   45.609    446.1    950.9
     1     1    20     5     9    18     0     0    18.0   61.565   46.647     42.0    986.0
     2     1    20     5     9    18     0     0    18.0   61.587   45.009    185.8    980.1
     3     1    20     5     9    18     0     0    18.0   62.106   45.563    429.4    952.6
     1     1    20     5     9    19     0     1    19.0   61.552   46.574     41.0    986.1
     2     1    20     5     9    19     0     1    19.0   61.648   44.936    171.6    982.3
     3     1    20     5     9    19     0     1    19.0   62.181   45.576    418.9    951.5
     1     1    20     5     9    20     0     2    20.0   61.532   46.503     41.9    985.8
     2     1    20     5     9    20     0     2    20.0   61.696   44.879    161.8    983.3
     3     1    20     5     9    20     0     2    20.0   62.230   45.625    406.9    951.9
     1     1    20     5     9    21     0     3    21.0   61.503   46.436     44.2    985.3
     2     1    20     5     9    21     0     3    21.0   61.732   44.841    155.8    983.9
     3     1    20     5     9    21     0     3    21.0   62.250   45.713    398.3    952.0
     1     1    20     5     9    22     0     2    22.0   61.465   46.375     44.9    985.0
     2     1    20     5     9    22     0     2    22.0   61.761   44.818    150.9    984.4
     3     1    20     5     9    22     0     2    22.0   62.243   45.807    390.2    951.6
     1     1    20     5     9    23     0     1    23.0   61.422   46.319     42.0    985.3
     2     1    20     5     9    23     0     1    23.0   61.788   44.803    145.6    985.4
     3     1    20     5     9    23     0     1    23.0   62.217   45.867    370.4    953.0
     1     1    20     5    10     0     0     0    24.0   61.377   46.269     37.0    985.7
     2     1    20     5    10     0     0     0    24.0   61.810   44.797    141.0    986.2
     3     1    20     5    10     0     0     0    24.0   62.174   45.879    333.1    956.8
