     5     1
    GDAS    20     1    29     0     0
    GDAS    20     2     1     0     0
    GDAS    20     2     8     0     0
    GDAS    20     2    15     0     0
    GDAS    20     2    22     0     0
     3 FORWARD  OMEGA   
    20     2     7     0   62.085   49.588   100.0
    20     2     7     0   62.085   49.588   500.0
    20     2     7     0   62.085   49.588  1000.0
     1 PRESSURE
     1     1    20     2     7     0     0     0     0.0   62.085   49.588    100.0    976.3
     2     1    20     2     7     0     0     0     0.0   62.085   49.588    500.0    926.6
     3     1    20     2     7     0     0     0     0.0   62.085   49.588   1000.0    867.7
     1     1    20     2     7     1     0     1     1.0   62.059   49.460    106.7    975.9
     2     1    20     2     7     1     0     1     1.0   62.073   49.485    500.8    926.9
     3     1    20     2     7     1     0     1     1.0   62.072   49.572   1002.0    868.2
     1     1    20     2     7     2     0     2     2.0   62.008   49.332    112.1    976.2
     2     1    20     2     7     2     0     2     2.0   62.035   49.389    501.6    927.8
     3     1    20     2     7     2     0     2     2.0   62.036   49.589   1008.8    868.2
     1     1    20     2     7     3     0     3     3.0   61.932   49.202    116.3    975.8
     2     1    20     2     7     3     0     3     3.0   61.970   49.302    503.9    928.2
     3     1    20     2     7     3     0     3     3.0   61.980   49.646   1021.6    867.3
     1     1    20     2     7     4     0     2     4.0   61.839   49.063    119.5    975.2
     2     1    20     2     7     4     0     2     4.0   61.883   49.198    503.5    927.5
     3     1    20     2     7     4     0     2     4.0   61.907   49.699   1035.7    864.9
     1     1    20     2     7     5     0     1     5.0   61.730   48.908    120.7    974.2
     2     1    20     2     7     5     0     1     5.0   61.773   49.049    494.6    928.2
     3     1    20     2     7     5     0     1     5.0   61.815   49.699   1047.0    863.5
     1     1    20     2     7     6     0     0     6.0   61.605   48.740    119.2    973.4
     2     1    20     2     7     6     0     0     6.0   61.637   48.855    478.6    929.2
     3     1    20     2     7     6     0     0     6.0   61.699   49.643   1056.5    862.0
     1     1    20     2     7     7     0     1     7.0   61.472   48.576    116.6    973.1
     2     1    20     2     7     7     0     1     7.0   61.478   48.624    464.2    930.3
     3     1    20     2     7     7     0     1     7.0   61.562   49.539   1063.6    860.4
     1     1    20     2     7     8     0     2     8.0   61.339   48.436    114.7    973.0
     2     1    20     2     7     8     0     2     8.0   61.301   48.370    456.6    930.2
     3     1    20     2     7     8     0     2     8.0   61.404   49.402   1067.5    859.2
     1     1    20     2     7     9     0     3     9.0   61.205   48.325    113.9    973.0
     2     1    20     2     7     9     0     3     9.0   61.104   48.100    455.0    930.1
     3     1    20     2     7     9     0     3     9.0   61.223   49.243   1068.0    858.1
     1     1    20     2     7    10     0     2    10.0   61.062   48.240    113.4    973.3
     2     1    20     2     7    10     0     2    10.0   60.888   47.819    448.9    930.2
     3     1    20     2     7    10     0     2    10.0   61.024   49.064   1061.2    857.6
     1     1    20     2     7    11     0     1    11.0   60.906   48.177    112.3    974.1
     2     1    20     2     7    11     0     1    11.0   60.655   47.538    436.6    933.6
     3     1    20     2     7    11     0     1    11.0   60.810   48.845   1043.6    860.1
     1     1    20     2     7    12     0     0    12.0   60.738   48.138    113.0    974.7
     2     1    20     2     7    12     0     0    12.0   60.406   47.274    433.1    935.7
     3     1    20     2     7    12     0     0    12.0   60.574   48.582   1022.1    864.1
     1     1    20     2     7    13     0     1    13.0   60.559   48.105    117.6    974.2
     2     1    20     2     7    13     0     1    13.0   60.143   47.019    442.3    934.4
     3     1    20     2     7    13     0     1    13.0   60.323   48.300   1007.3    866.5
     1     1    20     2     7    14     0     2    14.0   60.364   48.056    126.6    973.0
     2     1    20     2     7    14     0     2    14.0   59.862   46.745    461.0    931.9
     3     1    20     2     7    14     0     2    14.0   60.064   48.033   1008.4    867.1
     1     1    20     2     7    15     0     3    15.0   60.150   47.991    139.0    971.3
     2     1    20     2     7    15     0     3    15.0   59.563   46.440    475.2    928.8
     3     1    20     2     7    15     0     3    15.0   59.801   47.779   1020.1    864.6
     1     1    20     2     7    16     0     2    16.0   59.920   47.914    153.4    970.2
     2     1    20     2     7    16     0     2    16.0   59.245   46.115    467.3    929.7
     3     1    20     2     7    16     0     2    16.0   59.531   47.512   1021.0    863.8
     1     1    20     2     7    17     0     1    17.0   59.683   47.827    165.9    969.2
     2     1    20     2     7    17     0     1    17.0   58.903   45.788    441.2    935.5
     3     1    20     2     7    17     0     1    17.0   59.254   47.236   1015.0    866.7
     1     1    20     2     7    18     0     0    18.0   59.440   47.727    172.6    969.0
     2     1    20     2     7    18     0     0    18.0   58.549   45.450    420.7    941.5
     3     1    20     2     7    18     0     0    18.0   58.969   46.983   1032.2    867.2
     1     1    20     2     7    19     0     1    19.0   59.196   47.610    170.8    969.0
     2     1    20     2     7    19     0     1    19.0   58.205   45.083    413.1    940.9
     3     1    20     2     7    19     0     1    19.0   58.676   46.723   1055.1    861.1
     1     1    20     2     7    20     0     2    20.0   58.954   47.477    159.9    970.4
     2     1    20     2     7    20     0     2    20.0   57.880   44.684    408.0    940.5
     3     1    20     2     7    20     0     2    20.0   58.377   46.425   1053.5    864.0
     1     1    20     2     7    21     0     3    21.0   58.719   47.337    145.6    973.2
     2     1    20     2     7    21     0     3    21.0   57.569   44.248    394.8    941.7
     3     1    20     2     7    21     0     3    21.0   58.065   46.123   1036.4    870.1
     1     1    20     2     7    22     0     2    22.0   58.494   47.207    135.0    975.5
     2     1    20     2     7    22     0     2    22.0   57.270   43.831    374.0    946.7
     3     1    20     2     7    22     0     2    22.0   57.752   45.823   1019.1    874.2
     1     1    20     2     7    23     0     1    23.0   58.276   47.090    130.7    976.4
     2     1    20     2     7    23     0     1    23.0   56.985   43.518    360.5    953.0
     3     1    20     2     7    23     0     1    23.0   57.446   45.526   1011.0    872.7
     1     1    20     2     8     0     0     0    24.0   58.061   46.977    133.4    976.3
     2     1    20     2     8     0     0     0    24.0   56.716   43.298    361.2    955.3
     3     1    20     2     8     0     0     0    24.0   57.147   45.247   1007.6    871.3
