     5     1
    GDAS    20     1    15     0     0
    GDAS    20     1    22     0     0
    GDAS    20     1    29     0     0
    GDAS    20     2     1     0     0
    GDAS    20     2     8     0     0
     3 FORWARD  OMEGA   
    20     1    24     0   62.085   49.588   100.0
    20     1    24     0   62.085   49.588   500.0
    20     1    24     0   62.085   49.588  1000.0
     1 PRESSURE
     1     1    20     1    24     0     0     0     0.0   62.085   49.588    100.0    967.4
     2     1    20     1    24     0     0     0     0.0   62.085   49.588    500.0    918.0
     3     1    20     1    24     0     0     0     0.0   62.085   49.588   1000.0    859.9
     1     1    20     1    24     1     0     1     1.0   61.962   49.970    100.2    968.1
     2     1    20     1    24     1     0     1     1.0   61.783   50.130    527.1    912.9
     3     1    20     1    24     1     0     1     1.0   61.768   50.104   1048.9    853.0
     1     1    20     1    24     2     0     2     2.0   61.848   50.363    102.6    964.6
     2     1    20     1    24     2     0     2     2.0   61.500   50.665    556.2    906.4
     3     1    20     1    24     2     0     2     2.0   61.469   50.640   1096.5    843.3
     1     1    20     1    24     3     0     3     3.0   61.737   50.768    110.1    960.7
     2     1    20     1    24     3     0     3     3.0   61.238   51.186    603.2    900.6
     3     1    20     1    24     3     0     3     3.0   61.184   51.197   1145.6    837.0
     1     1    20     1    24     4     0     2     4.0   61.629   51.184    120.9    957.1
     2     1    20     1    24     4     0     2     4.0   60.986   51.706    653.8    891.9
     3     1    20     1    24     4     0     2     4.0   60.907   51.776   1183.4    830.5
     1     1    20     1    24     5     0     1     5.0   61.524   51.600    126.5    955.8
     2     1    20     1    24     5     0     1     5.0   60.743   52.265    680.2    885.5
     3     1    20     1    24     5     0     1     5.0   60.643   52.359   1192.7    827.0
     1     1    20     1    24     6     0     0     6.0   61.427   52.010    123.8    956.2
     2     1    20     1    24     6     0     0     6.0   60.521   52.871    688.0    884.7
     3     1    20     1    24     6     0     0     6.0   60.403   52.940   1189.1    829.3
     1     1    20     1    24     7     0     1     7.0   61.341   52.416    119.8    955.5
     2     1    20     1    24     7     0     1     7.0   60.331   53.500    695.4    885.5
     3     1    20     1    24     7     0     1     7.0   60.191   53.518   1196.4    829.5
     1     1    20     1    24     8     0     2     8.0   61.264   52.825    120.3    952.9
     2     1    20     1    24     8     0     2     8.0   60.181   54.110    706.2    881.8
     3     1    20     1    24     8     0     2     8.0   60.008   54.096   1209.2    823.6
     1     1    20     1    24     9     0     3     9.0   61.195   53.229    120.8    952.1
     2     1    20     1    24     9     0     3     9.0   60.067   54.688    719.3    884.1
     3     1    20     1    24     9     0     3     9.0   59.861   54.654   1215.0    827.1
     1     1    20     1    24    10     0     2    10.0   61.135   53.621    116.1    954.3
     2     1    20     1    24    10     0     2    10.0   59.974   55.266    738.5    884.3
     3     1    20     1    24    10     0     2    10.0   59.740   55.199   1223.8    830.1
     1     1    20     1    24    11     0     1    11.0   61.085   53.997    105.4    958.1
     2     1    20     1    24    11     0     1    11.0   59.886   55.872    773.0    880.9
     3     1    20     1    24    11     0     1    11.0   59.631   55.767   1255.5    827.5
     1     1    20     1    24    12     0     0    12.0   61.051   54.352     95.9    960.6
     2     1    20     1    24    12     0     0    12.0   59.807   56.491    824.9    874.4
     3     1    20     1    24    12     0     0    12.0   59.533   56.367   1316.9    820.8
     1     1    20     1    24    13     0     1    13.0   61.024   54.692     91.0    961.2
     2     1    20     1    24    13     0     1    13.0   59.740   57.094    889.0    865.4
     3     1    20     1    24    13     0     1    13.0   59.449   56.984   1393.3    810.7
     1     1    20     1    24    14     0     2    14.0   60.997   55.020     89.5    961.2
     2     1    20     1    24    14     0     2    14.0   59.679   57.689    959.9    844.1
     3     1    20     1    24    14     0     2    14.0   59.371   57.620   1443.3    790.1
     1     1    20     1    24    15     0     3    15.0   60.968   55.342     89.2    958.8
     2     1    20     1    24    15     0     3    15.0   59.613   58.347    972.2    820.1
     3     1    20     1    24    15     0     3    15.0   59.283   58.300   1425.1    775.9
     1     1    20     1    24    16     0     2    16.0   60.940   55.652     87.3    957.2
     2     1    20     1    24    16     0     2    16.0   59.524   59.130    821.2    824.6
     3     1    20     1    24    16     0     2    16.0   59.172   59.047   1281.5    779.2
     1     1    20     1    24    17     0     1    17.0   60.915   55.946     81.9    956.7
     2     1    20     1    24    17     0     1    17.0   59.431   59.963    682.1    882.8
     3     1    20     1    24    17     0     1    17.0   59.063   59.807   1166.9    824.5
     1     1    20     1    24    18     0     0    18.0   60.896   56.226     75.6    957.7
     2     1    20     1    24    18     0     0    18.0   59.339   60.715    627.1    897.3
     3     1    20     1    24    18     0     0    18.0   58.976   60.477   1172.0    830.9
     1     1    20     1    24    19     0     1    19.0   60.892   56.486     75.8    957.5
     2     1    20     1    24    19     0     1    19.0   59.261   61.376    611.0    902.9
     3     1    20     1    24    19     0     1    19.0   58.904   61.064   1189.0    832.0
     1     1    20     1    24    20     0     2    20.0   60.907   56.726     82.9    956.2
     2     1    20     1    24    20     0     2    20.0   59.206   62.012    623.1    906.3
     3     1    20     1    24    20     0     2    20.0   58.853   61.619   1188.2    834.9
     1     1    20     1    24    21     0     3    21.0   60.939   56.945     95.8    953.6
     2     1    20     1    24    21     0     3    21.0   59.174   62.621    644.9    897.1
     3     1    20     1    24    21     0     3    21.0   58.836   62.174   1175.9    838.4
     1     1    20     1    24    22     0     2    22.0   60.983   57.150    111.0    949.3
     2     1    20     1    24    22     0     2    22.0   59.158   63.199    657.5    894.6
     3     1    20     1    24    22     0     2    22.0   58.845   62.734   1156.8    837.8
     1     1    20     1    24    23     0     1    23.0   61.035   57.353    124.2    945.9
     2     1    20     1    24    23     0     1    23.0   59.158   63.746    674.2    897.5
     3     1    20     1    24    23     0     1    23.0   58.871   63.301   1140.0    840.5
     1     1    20     1    25     0     0     0    24.0   61.096   57.560    134.7    943.5
     2     1    20     1    25     0     0     0    24.0   59.181   64.274    697.5    895.3
     3     1    20     1    25     0     0     0    24.0   58.912   63.873   1147.7    845.0
