     5     1
    GDAS    20     5     1     0     0
    GDAS    20     5     8     0     0
    GDAS    20     5    15     0     0
    GDAS    20     5    22     0     0
    GDAS    20     5    29     0     0
     3 FORWARD  OMEGA   
    20     5    12     0   62.085   49.588   100.0
    20     5    12     0   62.085   49.588   500.0
    20     5    12     0   62.085   49.588  1000.0
     1 PRESSURE
     1     1    20     5    12     0     0     0     0.0   62.085   49.588    100.0    978.3
     2     1    20     5    12     0     0     0     0.0   62.085   49.588    500.0    933.6
     3     1    20     5    12     0     0     0     0.0   62.085   49.588   1000.0    879.0
     1     1    20     5    12     1     0     1     1.0   62.291   49.699     91.8    977.4
     2     1    20     5    12     1     0     1     1.0   62.409   50.080    491.7    932.2
     3     1    20     5    12     1     0     1     1.0   62.419   50.139   1012.6    874.9
     1     1    20     5    12     2     0     2     2.0   62.489   49.806     82.6    977.1
     2     1    20     5    12     2     0     2     2.0   62.735   50.542    489.4    929.1
     3     1    20     5    12     2     0     2     2.0   62.770   50.694   1024.5    869.9
     1     1    20     5    12     3     0     3     3.0   62.679   49.916     70.7    977.3
     2     1    20     5    12     3     0     3     3.0   63.056   51.016    518.2    927.2
     3     1    20     5    12     3     0     3     3.0   63.129   51.277   1051.0    867.4
     1     1    20     5    12     4     0     2     4.0   62.869   50.022     57.8    977.6
     2     1    20     5    12     4     0     2     4.0   63.394   51.482    560.5    915.7
     3     1    20     5    12     4     0     2     4.0   63.495   51.869   1082.3    859.1
     1     1    20     5    12     5     0     1     5.0   63.065   50.109     47.4    977.5
     2     1    20     5    12     5     0     1     5.0   63.759   51.862    577.8    911.4
     3     1    20     5    12     5     0     1     5.0   63.880   52.461   1073.8    857.5
     1     1    20     5    12     6     0     0     6.0   63.268   50.177     41.0    976.6
     2     1    20     5    12     6     0     0     6.0   64.144   52.175    562.5    913.1
     3     1    20     5    12     6     0     0     6.0   64.281   53.046   1028.3    870.4
     1     1    20     5    12     7     0     1     7.0   63.480   50.235     38.0    975.1
     2     1    20     5    12     7     0     1     7.0   64.533   52.445    529.9    924.5
     3     1    20     5    12     7     0     1     7.0   64.691   53.573    980.0    879.9
     1     1    20     5    12     8     0     2     8.0   63.704   50.297     37.7    973.6
     2     1    20     5    12     8     0     2     8.0   64.920   52.698    499.2    932.0
     3     1    20     5    12     8     0     2     8.0   65.111   54.030    931.0    885.9
     1     1    20     5    12     9     0     3     9.0   63.939   50.363     40.5    971.8
     2     1    20     5    12     9     0     3     9.0   65.305   52.953    478.4    935.6
     3     1    20     5    12     9     0     3     9.0   65.538   54.443    883.8    890.9
     1     1    20     5    12    10     0     2    10.0   64.177   50.427     43.0    970.3
     2     1    20     5    12    10     0     2    10.0   65.691   53.214    465.1    935.9
     3     1    20     5    12    10     0     2    10.0   65.961   54.848    834.9    894.9
     1     1    20     5    12    11     0     1    11.0   64.405   50.475     40.6    970.4
     2     1    20     5    12    11     0     1    11.0   66.071   53.468    455.6    938.3
     3     1    20     5    12    11     0     1    11.0   66.375   55.259    773.4    903.2
     1     1    20     5    12    12     0     0    12.0   64.617   50.508     33.1    971.5
     2     1    20     5    12    12     0     0    12.0   66.448   53.764    476.9    939.0
     3     1    20     5    12    12     0     0    12.0   66.788   55.696    711.3    910.5
     1     1    20     5    12    13     0     1    13.0   64.811   50.524     23.2    972.7
     2     1    20     5    12    13     0     1    13.0   66.840   54.124    566.0    929.3
     3     1    20     5    12    13     0     1    13.0   67.204   56.171    654.6    917.9
     1     1    20     5    12    14     0     2    14.0   64.985   50.516     14.5    973.7
     2     1    20     5    12    14     0     2    14.0   67.263   54.544    640.4    913.8
     3     1    20     5    12    14     0     2    14.0   67.626   56.706    607.0    922.6
     1     1    20     5    12    15     0     3    15.0   65.137   50.486      9.6    974.7
     2     1    20     5    12    15     0     3    15.0   67.690   55.040    640.0    922.3
     3     1    20     5    12    15     0     3    15.0   68.041   57.308    544.3    928.2
     1     1    20     5    12    16     0     2    16.0   65.264   50.440      9.0    975.6
     2     1    20     5    12    16     0     2    16.0   68.096   55.617    634.8    925.0
     3     1    20     5    12    16     0     2    16.0   68.418   57.885    526.8    942.1
     1     1    20     5    12    17     0     1    17.0   65.358   50.386     10.1    976.5
     2     1    20     5    12    17     0     1    17.0   68.459   56.197    661.8    922.9
     3     1    20     5    12    17     0     1    17.0   68.747   58.483    565.9    935.3
     1     1    20     5    12    18     0     0    18.0   65.416   50.326     11.0    977.0
     2     1    20     5    12    18     0     0    18.0   68.751   56.705    734.1    920.3
     3     1    20     5    12    18     0     0    18.0   69.031   59.140    630.3    934.5
     1     1    20     5    12    19     0     1    19.0   65.448   50.261     11.2    977.1
     2     1    20     5    12    19     0     1    19.0   69.010   57.140    877.4    908.4
     3     1    20     5    12    19     0     1    19.0   69.277   59.724    697.5    922.1
     1     1    20     5    12    20     0     2    20.0   65.469   50.186     10.8    977.0
     2     1    20     5    12    20     0     2    20.0   69.281   57.470   1038.9    882.3
     3     1    20     5    12    20     0     2    20.0   69.509   60.089    732.2    919.3
     1     1    20     5    12    21     0     3    21.0   65.482   50.095      9.6    976.8
     2     1    20     5    12    21     0     3    21.0   69.582   57.667   1149.5    871.8
     3     1    20     5    12    21     0     3    21.0   69.729   60.249    747.2    919.0
     1     1    20     5    12    22     0     2    22.0   65.498   49.973      8.6    976.7
     2     1    20     5    12    22     0     2    22.0   69.921   57.784   1192.3    865.3
     3     1    20     5    12    22     0     2    22.0   69.961   60.274    745.1    918.5
     1     1    20     5    12    23     0     1    23.0   65.523   49.809      9.2    977.3
     2     1    20     5    12    23     0     1    23.0   70.299   57.844   1171.1    871.7
     3     1    20     5    12    23     0     1    23.0   70.233   60.241    720.5    922.5
     1     1    20     5    13     0     0     0    24.0   65.558   49.611     11.6    977.8
     2     1    20     5    13     0     0     0    24.0   70.711   57.860   1147.4    877.1
     3     1    20     5    13     0     0     0    24.0   70.559   60.136    690.0    927.8
