     5     1
    GDAS    20     4     1     0     0
    GDAS    20     4     8     0     0
    GDAS    20     4    15     0     0
    GDAS    20     4    22     0     0
    GDAS    20     4    29     0     0
     3 FORWARD  OMEGA   
    20     4    11     0   62.085   49.588   100.0
    20     4    11     0   62.085   49.588   500.0
    20     4    11     0   62.085   49.588  1000.0
     1 PRESSURE
     1     1    20     4    11     0     0     0     0.0   62.085   49.588    100.0    981.6
     2     1    20     4    11     0     0     0     0.0   62.085   49.588    500.0    934.1
     3     1    20     4    11     0     0     0     0.0   62.085   49.588   1000.0    876.2
     1     1    20     4    11     1     0     1     1.0   61.961   49.878    101.5    982.5
     2     1    20     4    11     1     0     1     1.0   61.851   49.795    506.9    933.8
     3     1    20     4    11     1     0     1     1.0   61.930   49.905   1011.9    876.1
     1     1    20     4    11     2     0     2     2.0   61.847   50.135    100.5    981.9
     2     1    20     4    11     2     0     2     2.0   61.644   49.977    512.8    931.7
     3     1    20     4    11     2     0     2     2.0   61.793   50.213   1016.3    872.2
     1     1    20     4    11     3     0     3     3.0   61.742   50.351     97.9    981.4
     2     1    20     4    11     3     0     3     3.0   61.460   50.136    509.7    930.2
     3     1    20     4    11     3     0     3     3.0   61.673   50.518    995.7    872.2
     1     1    20     4    11     4     0     2     4.0   61.646   50.534     95.7    981.1
     2     1    20     4    11     4     0     2     4.0   61.304   50.286    498.0    931.3
     3     1    20     4    11     4     0     2     4.0   61.564   50.809    956.6    877.1
     1     1    20     4    11     5     0     1     5.0   61.562   50.692     94.9    981.0
     2     1    20     4    11     5     0     1     5.0   61.178   50.430    486.1    932.7
     3     1    20     4    11     5     0     1     5.0   61.462   51.064    920.3    882.0
     1     1    20     4    11     6     0     0     6.0   61.490   50.826     94.8    981.1
     2     1    20     4    11     6     0     0     6.0   61.080   50.565    477.1    933.8
     3     1    20     4    11     6     0     0     6.0   61.367   51.276    898.9    885.3
     1     1    20     4    11     7     0     1     7.0   61.425   50.946     94.8    981.0
     2     1    20     4    11     7     0     1     7.0   60.997   50.692    470.4    934.8
     3     1    20     4    11     7     0     1     7.0   61.285   51.460    888.1    886.0
     1     1    20     4    11     8     0     2     8.0   61.360   51.060     94.8    981.0
     2     1    20     4    11     8     0     2     8.0   60.919   50.814    465.5    935.4
     3     1    20     4    11     8     0     2     8.0   61.217   51.628    876.3    887.6
     1     1    20     4    11     9     0     3     9.0   61.298   51.166     94.8    981.1
     2     1    20     4    11     9     0     3     9.0   60.844   50.928    463.2    935.6
     3     1    20     4    11     9     0     3     9.0   61.161   51.776    859.6    889.8
     1     1    20     4    11    10     0     2    10.0   61.235   51.257     94.7    981.3
     2     1    20     4    11    10     0     2    10.0   60.769   51.023    455.1    935.4
     3     1    20     4    11    10     0     2    10.0   61.112   51.909    839.7    892.9
     1     1    20     4    11    11     0     1    11.0   61.170   51.326     94.4    981.6
     2     1    20     4    11    11     0     1    11.0   60.691   51.089    434.5    938.0
     3     1    20     4    11    11     0     1    11.0   61.064   52.030    822.4    895.4
     1     1    20     4    11    12     0     0    12.0   61.101   51.373     93.8    981.8
     2     1    20     4    11    12     0     0    12.0   60.609   51.121    404.2    941.9
     3     1    20     4    11    12     0     0    12.0   61.017   52.136    807.1    896.5
     1     1    20     4    11    13     0     1    13.0   61.029   51.400     93.5    981.7
     2     1    20     4    11    13     0     1    13.0   60.522   51.124    369.3    946.0
     3     1    20     4    11    13     0     1    13.0   60.973   52.227    797.0    897.5
     1     1    20     4    11    14     0     2    14.0   60.954   51.410     93.4    981.3
     2     1    20     4    11    14     0     2    14.0   60.429   51.104    333.3    949.1
     3     1    20     4    11    14     0     2    14.0   60.937   52.303    796.4    896.9
     1     1    20     4    11    15     0     3    15.0   60.875   51.404     92.8    980.7
     2     1    20     4    11    15     0     3    15.0   60.331   51.062    295.5    952.6
     3     1    20     4    11    15     0     3    15.0   60.908   52.364    803.8    895.6
     1     1    20     4    11    16     0     2    16.0   60.791   51.370     91.0    981.0
     2     1    20     4    11    16     0     2    16.0   60.224   50.990    263.5    956.8
     3     1    20     4    11    16     0     2    16.0   60.881   52.411    809.4    893.8
     1     1    20     4    11    17     0     1    17.0   60.696   51.299     88.9    981.5
     2     1    20     4    11    17     0     1    17.0   60.102   50.879    245.7    958.5
     3     1    20     4    11    17     0     1    17.0   60.847   52.432    806.2    894.5
     1     1    20     4    11    18     0     0    18.0   60.590   51.195     88.0    981.7
     2     1    20     4    11    18     0     0    18.0   59.961   50.731    242.1    958.4
     3     1    20     4    11    18     0     0    18.0   60.805   52.425    798.3    895.8
     1     1    20     4    11    19     0     1    19.0   60.475   51.064     88.9    980.8
     2     1    20     4    11    19     0     1    19.0   59.804   50.523    242.6    958.3
     3     1    20     4    11    19     0     1    19.0   60.754   52.381    786.6    897.1
     1     1    20     4    11    20     0     2    20.0   60.356   50.911     92.3    979.6
     2     1    20     4    11    20     0     2    20.0   59.639   50.250    239.6    959.7
     3     1    20     4    11    20     0     2    20.0   60.691   52.293    770.7    899.0
     1     1    20     4    11    21     0     3    21.0   60.233   50.721     99.3    977.6
     2     1    20     4    11    21     0     3    21.0   59.466   49.935    235.6    962.0
     3     1    20     4    11    21     0     3    21.0   60.616   52.158    750.5    901.2
     1     1    20     4    11    22     0     2    22.0   60.100   50.498    108.5    974.9
     2     1    20     4    11    22     0     2    22.0   59.282   49.612    236.0    964.1
     3     1    20     4    11    22     0     2    22.0   60.531   51.973    724.6    903.6
     1     1    20     4    11    23     0     1    23.0   59.954   50.254    119.3    972.6
     2     1    20     4    11    23     0     1    23.0   59.078   49.303    240.0    963.9
     3     1    20     4    11    23     0     1    23.0   60.439   51.734    695.1    906.6
     1     1    20     4    12     0     0     0    24.0   59.797   50.002    132.0    971.8
     2     1    20     4    12     0     0     0    24.0   58.848   49.013    237.7    963.1
     3     1    20     4    12     0     0     0    24.0   60.339   51.436    671.1    909.3
