     5     1
    GDAS    20     1    15     0     0
    GDAS    20     1    22     0     0
    GDAS    20     1    29     0     0
    GDAS    20     2     1     0     0
    GDAS    20     2     8     0     0
     3 FORWARD  OMEGA   
    20     1    28     0   62.085   49.588   100.0
    20     1    28     0   62.085   49.588   500.0
    20     1    28     0   62.085   49.588  1000.0
     1 PRESSURE
     1     1    20     1    28     0     0     0     0.0   62.085   49.588    100.0    990.6
     2     1    20     1    28     0     0     0     0.0   62.085   49.588    500.0    938.1
     3     1    20     1    28     0     0     0     0.0   62.085   49.588   1000.0    877.7
     1     1    20     1    28     1     0     1     1.0   62.011   49.705     99.6    992.0
     2     1    20     1    28     1     0     1     1.0   61.904   49.612    489.3    940.5
     3     1    20     1    28     1     0     1     1.0   61.875   49.550    971.7    882.0
     1     1    20     1    28     2     0     2     2.0   61.949   49.837     99.5    992.0
     2     1    20     1    28     2     0     2     2.0   61.732   49.664    484.7    940.0
     3     1    20     1    28     2     0     2     2.0   61.671   49.555    950.4    883.7
     1     1    20     1    28     3     0     3     3.0   61.896   49.983     99.5    991.8
     2     1    20     1    28     3     0     3     3.0   61.569   49.736    484.9    939.0
     3     1    20     1    28     3     0     3     3.0   61.470   49.590    938.0    884.2
     1     1    20     1    28     4     0     2     4.0   61.854   50.141     97.7    990.9
     2     1    20     1    28     4     0     2     4.0   61.417   49.826    483.7    937.8
     3     1    20     1    28     4     0     2     4.0   61.277   49.642    928.5    883.8
     1     1    20     1    28     5     0     1     5.0   61.828   50.306     93.2    991.0
     2     1    20     1    28     5     0     1     5.0   61.282   49.933    475.8    938.3
     3     1    20     1    28     5     0     1     5.0   61.098   49.696    915.4    884.4
     1     1    20     1    28     6     0     0     6.0   61.820   50.483     87.9    991.5
     2     1    20     1    28     6     0     0     6.0   61.167   50.048    461.0    939.8
     3     1    20     1    28     6     0     0     6.0   60.939   49.743    897.1    885.9
     1     1    20     1    28     7     0     1     7.0   61.826   50.666     84.0    992.0
     2     1    20     1    28     7     0     1     7.0   61.069   50.176    446.2    942.4
     3     1    20     1    28     7     0     1     7.0   60.798   49.799    879.5    888.3
     1     1    20     1    28     8     0     2     8.0   61.843   50.854     82.3    991.9
     2     1    20     1    28     8     0     2     8.0   60.987   50.324    437.1    943.4
     3     1    20     1    28     8     0     2     8.0   60.671   49.877    869.2    889.0
     1     1    20     1    28     9     0     3     9.0   61.871   51.050     81.7    991.9
     2     1    20     1    28     9     0     3     9.0   60.922   50.495    432.3    943.9
     3     1    20     1    28     9     0     3     9.0   60.560   49.974    865.7    888.8
     1     1    20     1    28    10     0     2    10.0   61.911   51.266     80.8    991.8
     2     1    20     1    28    10     0     2    10.0   60.872   50.697    426.3    944.1
     3     1    20     1    28    10     0     2    10.0   60.460   50.093    861.3    888.1
     1     1    20     1    28    11     0     1    11.0   61.962   51.512     77.8    991.9
     2     1    20     1    28    11     0     1    11.0   60.835   50.940    412.7    945.8
     3     1    20     1    28    11     0     1    11.0   60.367   50.237    847.0    889.3
     1     1    20     1    28    12     0     0    12.0   62.027   51.793     72.2    991.8
     2     1    20     1    28    12     0     0    12.0   60.818   51.233    391.8    949.3
     3     1    20     1    28    12     0     0    12.0   60.284   50.411    819.9    892.1
     1     1    20     1    28    13     0     1    13.0   62.101   52.096     66.1    992.1
     2     1    20     1    28    13     0     1    13.0   60.812   51.554    374.9    952.5
     3     1    20     1    28    13     0     1    13.0   60.212   50.597    790.9    896.5
     1     1    20     1    28    14     0     2    14.0   62.178   52.398     64.0    992.1
     2     1    20     1    28    14     0     2    14.0   60.806   51.875    366.6    953.2
     3     1    20     1    28    14     0     2    14.0   60.148   50.774    773.1    898.5
     1     1    20     1    28    15     0     3    15.0   62.258   52.698     67.3    990.9
     2     1    20     1    28    15     0     3    15.0   60.799   52.198    360.4    952.6
     3     1    20     1    28    15     0     3    15.0   60.088   50.943    767.7    898.9
     1     1    20     1    28    16     0     2    16.0   62.341   53.003     75.0    988.8
     2     1    20     1    28    16     0     2    16.0   60.801   52.530    351.7    952.2
     3     1    20     1    28    16     0     2    16.0   60.044   51.103    762.1    897.9
     1     1    20     1    28    17     0     1    17.0   62.423   53.331     81.0    985.9
     2     1    20     1    28    17     0     1    17.0   60.818   52.878    341.3    951.9
     3     1    20     1    28    17     0     1    17.0   60.026   51.259    744.0    900.3
     1     1    20     1    28    18     0     0    18.0   62.502   53.669     79.9    985.9
     2     1    20     1    28    18     0     0    18.0   60.850   53.247    333.2    953.8
     3     1    20     1    28    18     0     0    18.0   60.037   51.421    715.1    904.2
     1     1    20     1    28    19     0     1    19.0   62.579   53.986     71.9    987.4
     2     1    20     1    28    19     0     1    19.0   60.893   53.635    326.8    956.7
     3     1    20     1    28    19     0     1    19.0   60.068   51.598    687.1    909.4
     1     1    20     1    28    20     0     2    20.0   62.658   54.264     62.4    989.0
     2     1    20     1    28    20     0     2    20.0   60.946   54.051    322.7    960.6
     3     1    20     1    28    20     0     2    20.0   60.109   51.794    670.5    912.0
     1     1    20     1    28    21     0     3    21.0   62.741   54.516     56.1    989.5
     2     1    20     1    28    21     0     3    21.0   61.007   54.497    329.7    960.9
     3     1    20     1    28    21     0     3    21.0   60.158   52.011    665.1    913.2
     1     1    20     1    28    22     0     2    22.0   62.831   54.754     51.6    989.6
     2     1    20     1    28    22     0     2    22.0   61.068   54.949    353.9    958.3
     3     1    20     1    28    22     0     2    22.0   60.212   52.250    662.9    914.0
     1     1    20     1    28    23     0     1    23.0   62.928   54.981     46.4    989.0
     2     1    20     1    28    23     0     1    23.0   61.127   55.404    383.6    950.8
     3     1    20     1    28    23     0     1    23.0   60.273   52.511    656.9    916.0
     1     1    20     1    29     0     0     0    24.0   63.029   55.188     38.1    990.6
     2     1    20     1    29     0     0     0    24.0   61.189   55.877    406.8    944.8
     3     1    20     1    29     0     0     0    24.0   60.335   52.790    649.3    918.0
