     5     1
    GDAS    20     2    15     0     0
    GDAS    20     2    22     0     0
    GDAS    20     2    29     0     0
    GDAS    20     3     1     0     0
    GDAS    20     3     8     0     0
     3 FORWARD  OMEGA   
    20     2    27     0   62.085   49.588   100.0
    20     2    27     0   62.085   49.588   500.0
    20     2    27     0   62.085   49.588  1000.0
     1 PRESSURE
     1     1    20     2    27     0     0     0     0.0   62.085   49.588    100.0    972.9
     2     1    20     2    27     0     0     0     0.0   62.085   49.588    500.0    924.0
     3     1    20     2    27     0     0     0     0.0   62.085   49.588   1000.0    866.2
     1     1    20     2    27     1     0     1     1.0   62.126   49.799     96.6    973.2
     2     1    20     2    27     1     0     1     1.0   62.096   49.946    507.1    923.0
     3     1    20     2    27     1     0     1     1.0   62.105   50.001   1011.7    864.1
     1     1    20     2    27     2     0     2     2.0   62.153   50.009     93.6    973.6
     2     1    20     2    27     2     0     2     2.0   62.106   50.312    503.4    921.2
     3     1    20     2    27     2     0     2     2.0   62.114   50.423   1003.2    862.1
     1     1    20     2    27     3     0     3     3.0   62.170   50.224     90.6    972.7
     2     1    20     2    27     3     0     3     3.0   62.119   50.694    487.5    920.6
     3     1    20     2    27     3     0     3     3.0   62.118   50.856    973.8    863.1
     1     1    20     2    27     4     0     2     4.0   62.186   50.453     87.8    971.8
     2     1    20     2    27     4     0     2     4.0   62.132   51.098    467.2    922.1
     3     1    20     2    27     4     0     2     4.0   62.114   51.297    941.2    868.2
     1     1    20     2    27     5     0     1     5.0   62.206   50.698     86.0    970.8
     2     1    20     2    27     5     0     1     5.0   62.136   51.527    449.1    924.5
     3     1    20     2    27     5     0     1     5.0   62.098   51.743    921.8    870.5
     1     1    20     2    27     6     0     0     6.0   62.225   50.962     85.6    969.6
     2     1    20     2    27     6     0     0     6.0   62.129   51.984    432.3    926.7
     3     1    20     2    27     6     0     0     6.0   62.072   52.199    913.7    871.3
     1     1    20     2    27     7     0     1     7.0   62.243   51.239     86.1    969.9
     2     1    20     2    27     7     0     1     7.0   62.118   52.448    420.2    929.0
     3     1    20     2    27     7     0     1     7.0   62.043   52.671    912.0    871.6
     1     1    20     2    27     8     0     2     8.0   62.260   51.516     85.3    970.6
     2     1    20     2    27     8     0     2     8.0   62.110   52.903    416.2    929.9
     3     1    20     2    27     8     0     2     8.0   62.017   53.157    915.0    871.2
     1     1    20     2    27     9     0     3     9.0   62.278   51.788     81.4    971.8
     2     1    20     2    27     9     0     3     9.0   62.104   53.341    418.0    927.9
     3     1    20     2    27     9     0     3     9.0   61.990   53.658    932.3    867.3
     1     1    20     2    27    10     0     2    10.0   62.299   52.052     73.4    973.5
     2     1    20     2    27    10     0     2    10.0   62.101   53.764    412.9    925.2
     3     1    20     2    27    10     0     2    10.0   61.957   54.172    950.0    862.1
     1     1    20     2    27    11     0     1    11.0   62.325   52.306     64.7    974.8
     2     1    20     2    27    11     0     1    11.0   62.105   54.174    387.5    928.5
     3     1    20     2    27    11     0     1    11.0   61.914   54.692    954.6    867.0
     1     1    20     2    27    12     0     0    12.0   62.353   52.555     57.8    975.1
     2     1    20     2    27    12     0     0    12.0   62.119   54.572    351.8    937.2
     3     1    20     2    27    12     0     0    12.0   61.867   55.214    960.1    869.7
     1     1    20     2    27    13     0     1    13.0   62.380   52.805     54.5    975.2
     2     1    20     2    27    13     0     1    13.0   62.135   54.980    329.5    943.7
     3     1    20     2    27    13     0     1    13.0   61.823   55.736    955.8    868.0
     1     1    20     2    27    14     0     2    14.0   62.404   53.066     56.1    974.5
     2     1    20     2    27    14     0     2    14.0   62.153   55.423    321.8    944.3
     3     1    20     2    27    14     0     2    14.0   61.789   56.249    936.1    871.4
     1     1    20     2    27    15     0     3    15.0   62.427   53.345     55.9    974.0
     2     1    20     2    27    15     0     3    15.0   62.173   55.917    318.4    945.6
     3     1    20     2    27    15     0     3    15.0   61.760   56.762    906.1    874.5
     1     1    20     2    27    16     0     2    16.0   62.452   53.621     47.5    975.2
     2     1    20     2    27    16     0     2    16.0   62.191   56.445    313.5    946.3
     3     1    20     2    27    16     0     2    16.0   61.742   57.290    875.4    877.8
     1     1    20     2    27    17     0     1    17.0   62.482   53.869     34.6    977.7
     2     1    20     2    27    17     0     1    17.0   62.205   56.971    311.3    948.3
     3     1    20     2    27    17     0     1    17.0   61.736   57.847    864.6    876.1
     1     1    20     2    27    18     0     0    18.0   62.516   54.082     24.1    980.7
     2     1    20     2    27    18     0     0    18.0   62.216   57.508    324.2    943.1
     3     1    20     2    27    18     0     0    18.0   61.730   58.447    879.5    863.4
     1     1    20     2    27    19     0     1    19.0   62.547   54.269     17.6    982.6
     2     1    20     2    27    19     0     1    19.0   62.223   58.058    354.7    933.9
     3     1    20     2    27    19     0     1    19.0   61.705   59.121    893.0    848.1
     1     1    20     2    27    20     0     2    20.0   62.574   54.441     13.9    984.0
     2     1    20     2    27    20     0     2    20.0   62.220   58.638    418.4    916.0
     3     1    20     2    27    20     0     2    20.0   61.634   59.840    833.1    862.9
     1     1    20     2    27    21     0     3    21.0   62.602   54.600     11.5    985.4
     2     1    20     2    27    21     0     3    21.0   62.196   59.317    451.0    900.2
     3     1    20     2    27    21     0     3    21.0   61.531   60.543    702.1    900.3
     1     1    20     2    27    22     0     2    22.0   62.634   54.741      9.9    986.1
     2     1    20     2    27    22     0     2    22.0   62.137   60.094    300.2    925.6
     3     1    20     2    27    22     0     2    22.0   61.424   61.156    638.2    922.5
     1     1    20     2    27    23     0     1    23.0   62.671   54.859      8.7    986.2
     2     1    20     2    27    23     0     1    23.0   62.115   60.663    139.5    976.2
     3     1    20     2    27    23     0     1    23.0   61.320   61.663    638.1    918.8
     1     1    20     2    28     0     0     0    24.0   62.712   54.959      7.1    986.0
     2     1    20     2    28     0     0     0    24.0   62.119   61.055     90.4    992.6
     3     1    20     2    28     0     0     0    24.0   61.226   62.106    638.4    921.0
