     5     1
    GDAS    20     2    22     0     0
    GDAS    20     2    29     0     0
    GDAS    20     3     1     0     0
    GDAS    20     3     8     0     0
    GDAS    20     3    15     0     0
     3 FORWARD  OMEGA   
    20     2    29     0   62.085   49.588   100.0
    20     2    29     0   62.085   49.588   500.0
    20     2    29     0   62.085   49.588  1000.0
     1 PRESSURE
     1     1    20     2    29     0     0     0     0.0   62.085   49.588    100.0    970.4
     2     1    20     2    29     0     0     0     0.0   62.085   49.588    500.0    922.6
     3     1    20     2    29     0     0     0     0.0   62.085   49.588   1000.0    866.3
     1     1    20     2    29     1     0     1     1.0   62.153   49.538     99.5    969.0
     2     1    20     2    29     1     0     1     1.0   62.272   49.735    490.0    920.9
     3     1    20     2    29     1     0     1     1.0   62.282   49.824    989.8    862.7
     1     1    20     2    29     2     0     2     2.0   62.218   49.545     96.8    968.1
     2     1    20     2    29     2     0     2     2.0   62.436   49.917    476.1    921.9
     3     1    20     2    29     2     0     2     2.0   62.469   50.074    956.9    867.9
     1     1    20     2    29     3     0     3     3.0   62.279   49.609     92.7    967.7
     2     1    20     2    29     3     0     3     3.0   62.578   50.160    474.5    921.3
     3     1    20     2    29     3     0     3     3.0   62.652   50.341    957.3    868.4
     1     1    20     2    29     4     0     2     4.0   62.340   49.711     89.4    967.6
     2     1    20     2    29     4     0     2     4.0   62.718   50.427    490.5    917.1
     3     1    20     2    29     4     0     2     4.0   62.854   50.601    997.9    859.7
     1     1    20     2    29     5     0     1     5.0   62.403   49.827     87.3    967.2
     2     1    20     2    29     5     0     1     5.0   62.853   50.694    501.7    912.7
     3     1    20     2    29     5     0     1     5.0   63.084   50.852   1034.5    851.8
     1     1    20     2    29     6     0     0     6.0   62.467   49.957     86.2    966.5
     2     1    20     2    29     6     0     0     6.0   62.964   50.982    470.9    913.2
     3     1    20     2    29     6     0     0     6.0   63.335   51.091   1042.4    848.6
     1     1    20     2    29     7     0     1     7.0   62.527   50.101     85.5    965.5
     2     1    20     2    29     7     0     1     7.0   63.053   51.279    421.0    923.8
     3     1    20     2    29     7     0     1     7.0   63.589   51.332   1040.7    848.7
     1     1    20     2    29     8     0     2     8.0   62.577   50.260     84.3    964.6
     2     1    20     2    29     8     0     2     8.0   63.125   51.569    394.8    925.1
     3     1    20     2    29     8     0     2     8.0   63.833   51.604   1050.9    845.2
     1     1    20     2    29     9     0     3     9.0   62.616   50.430     83.0    963.9
     2     1    20     2    29     9     0     3     9.0   63.151   51.863    372.0    925.4
     3     1    20     2    29     9     0     3     9.0   64.063   51.927   1057.2    841.9
     1     1    20     2    29    10     0     2    10.0   62.649   50.616     82.7    963.6
     2     1    20     2    29    10     0     2    10.0   63.162   52.151    361.9    927.6
     3     1    20     2    29    10     0     2    10.0   64.278   52.260   1076.1    847.2
     1     1    20     2    29    11     0     1    11.0   62.678   50.827     85.5    963.1
     2     1    20     2    29    11     0     1    11.0   63.210   52.427    388.7    923.5
     3     1    20     2    29    11     0     1    11.0   64.471   52.570   1130.6    843.1
     1     1    20     2    29    12     0     0    12.0   62.704   51.069     94.7    961.7
     2     1    20     2    29    12     0     0    12.0   63.281   52.716    455.9    913.3
     3     1    20     2    29    12     0     0    12.0   64.634   52.857   1198.7    835.7
     1     1    20     2    29    13     0     1    13.0   62.734   51.363    105.4    958.6
     2     1    20     2    29    13     0     1    13.0   63.361   53.054    552.5    900.6
     3     1    20     2    29    13     0     1    13.0   64.785   53.153   1268.8    829.9
     1     1    20     2    29    14     0     2    14.0   62.778   51.721    111.4    957.2
     2     1    20     2    29    14     0     2    14.0   63.487   53.435    662.7    890.2
     3     1    20     2    29    14     0     2    14.0   64.959   53.489   1374.9    822.2
     1     1    20     2    29    15     0     3    15.0   62.837   52.148    116.8    955.4
     2     1    20     2    29    15     0     3    15.0   63.652   53.850    863.4    877.1
     3     1    20     2    29    15     0     3    15.0   65.153   53.849   1535.5    803.9
     1     1    20     2    29    16     0     2    16.0   62.899   52.622    128.1    951.1
     2     1    20     2    29    16     0     2    16.0   63.807   54.327   1109.0    835.6
     3     1    20     2    29    16     0     2    16.0   65.361   54.226   1684.3    782.7
     1     1    20     2    29    17     0     1    17.0   62.969   53.148    138.5    947.0
     2     1    20     2    29    17     0     1    17.0   63.936   54.857   1277.9    820.0
     3     1    20     2    29    17     0     1    17.0   65.575   54.635   1813.4    771.7
     1     1    20     2    29    18     0     0    18.0   63.056   53.746    119.7    951.5
     2     1    20     2    29    18     0     0    18.0   64.030   55.428   1426.3    807.9
     3     1    20     2    29    18     0     0    18.0   65.791   55.066   1982.1    756.8
     1     1    20     2    29    19     0     1    19.0   63.144   54.293     98.1    959.3
     2     1    20     2    29    19     0     1    19.0   64.157   56.029   1570.1    792.5
     3     1    20     2    29    19     0     1    19.0   66.017   55.514   2116.0    735.7
     1     1    20     2    29    20     0     2    20.0   63.246   54.808     96.1    957.0
     2     1    20     2    29    20     0     2    20.0   64.330   56.674   1697.1    783.5
     3     1    20     2    29    20     0     2    20.0   66.239   55.990   2163.2    735.6
     1     1    20     2    29    21     0     3    21.0   63.364   55.336     94.5    956.7
     2     1    20     2    29    21     0     3    21.0   64.496   57.366   1820.8    772.2
     3     1    20     2    29    21     0     3    21.0   66.458   56.435   2234.6    733.6
     1     1    20     2    29    22     0     2    22.0   63.476   55.825     78.6    962.5
     2     1    20     2    29    22     0     2    22.0   64.702   58.085   1986.9    753.4
     3     1    20     2    29    22     0     2    22.0   66.695   56.875   2352.6    718.0
     1     1    20     2    29    23     0     1    23.0   63.590   56.260     59.7    967.8
     2     1    20     2    29    23     0     1    23.0   64.980   58.885   2113.4    712.2
     3     1    20     2    29    23     0     1    23.0   66.942   57.432   2470.0    705.5
     1     1    20     3     1     0     0     0    24.0   63.726   56.687     47.3    971.8
     2     1    20     3     1     0     0     0    24.0   65.248   59.900   2062.5    685.8
     3     1    20     3     1     0     0     0    24.0   67.178   58.166   2613.5    692.0
