     5     1
    GDAS    20     3    29     0     0
    GDAS    20     4     1     0     0
    GDAS    20     4     8     0     0
    GDAS    20     4    15     0     0
    GDAS    20     4    22     0     0
     3 FORWARD  OMEGA   
    20     4     2     0   62.085   49.588   100.0
    20     4     2     0   62.085   49.588   500.0
    20     4     2     0   62.085   49.588  1000.0
     1 PRESSURE
     1     1    20     4     2     0     0     0     0.0   62.085   49.588    100.0    966.9
     2     1    20     4     2     0     0     0     0.0   62.085   49.588    500.0    918.3
     3     1    20     4     2     0     0     0     0.0   62.085   49.588   1000.0    861.2
     1     1    20     4     2     1     0     1     1.0   62.233   49.756     96.2    965.7
     2     1    20     4     2     1     0     1     1.0   62.265   50.111    492.5    917.7
     3     1    20     4     2     1     0     1     1.0   62.240   50.091   1009.2    858.7
     1     1    20     4     2     2     0     2     2.0   62.382   49.917     94.7    963.9
     2     1    20     4     2     2     0     2     2.0   62.446   50.640    502.8    913.3
     3     1    20     4     2     2     0     2     2.0   62.401   50.643   1029.7    853.0
     1     1    20     4     2     3     0     3     3.0   62.531   50.070     94.8    961.8
     2     1    20     4     2     3     0     3     3.0   62.634   51.164    526.9    907.3
     3     1    20     4     2     3     0     3     3.0   62.582   51.234   1062.6    846.8
     1     1    20     4     2     4     0     2     4.0   62.681   50.224     96.0    960.3
     2     1    20     4     2     4     0     2     4.0   62.830   51.690    544.4    904.2
     3     1    20     4     2     4     0     2     4.0   62.766   51.867   1086.7    842.3
     1     1    20     4     2     5     0     1     5.0   62.833   50.387     97.8    958.9
     2     1    20     4     2     5     0     1     5.0   63.028   52.228    548.4    902.2
     3     1    20     4     2     5     0     1     5.0   62.936   52.545   1089.0    838.9
     1     1    20     4     2     6     0     0     6.0   62.985   50.558     98.9    957.9
     2     1    20     4     2     6     0     0     6.0   63.232   52.782    533.5    899.7
     3     1    20     4     2     6     0     0     6.0   63.101   53.264   1085.4    839.2
     1     1    20     4     2     7     0     1     7.0   63.137   50.750    102.0    956.8
     2     1    20     4     2     7     0     1     7.0   63.438   53.309    499.6    906.1
     3     1    20     4     2     7     0     1     7.0   63.262   54.000   1087.4    843.6
     1     1    20     4     2     8     0     2     8.0   63.295   50.976    111.7    954.3
     2     1    20     4     2     8     0     2     8.0   63.636   53.795    469.7    913.6
     3     1    20     4     2     8     0     2     8.0   63.417   54.729   1077.3    840.1
     1     1    20     4     2     9     0     3     9.0   63.458   51.244    130.9    950.0
     2     1    20     4     2     9     0     3     9.0   63.826   54.280    454.6    914.8
     3     1    20     4     2     9     0     3     9.0   63.565   55.436   1054.0    844.5
     1     1    20     4     2    10     0     2    10.0   63.613   51.567    160.2    945.4
     2     1    20     4     2    10     0     2    10.0   64.010   54.787    442.1    915.9
     3     1    20     4     2    10     0     2    10.0   63.708   56.127   1055.6    850.9
     1     1    20     4     2    11     0     1    11.0   63.756   51.946    208.8    940.7
     2     1    20     4     2    11     0     1    11.0   64.179   55.309    435.2    919.0
     3     1    20     4     2    11     0     1    11.0   63.852   56.812   1107.6    848.7
     1     1    20     4     2    12     0     0    12.0   63.899   52.382    263.0    932.1
     2     1    20     4     2    12     0     0    12.0   64.333   55.815    459.3    919.4
     3     1    20     4     2    12     0     0    12.0   63.997   57.490   1178.1    834.7
     1     1    20     4     2    13     0     1    13.0   64.038   52.859    262.5    933.1
     2     1    20     4     2    13     0     1    13.0   64.481   56.340    492.9    914.3
     3     1    20     4     2    13     0     1    13.0   64.125   58.217   1247.0    818.7
     1     1    20     4     2    14     0     2    14.0   64.164   53.337    232.1    945.3
     2     1    20     4     2    14     0     2    14.0   64.621   56.936    502.6    916.5
     3     1    20     4     2    14     0     2    14.0   64.219   59.053   1347.4    794.1
     1     1    20     4     2    15     0     3    15.0   64.288   53.841    250.3    943.7
     2     1    20     4     2    15     0     3    15.0   64.760   57.613    529.0    913.5
     3     1    20     4     2    15     0     3    15.0   64.266   60.081   1267.0    780.0
     1     1    20     4     2    16     0     2    16.0   64.424   54.413    312.4    934.6
     2     1    20     4     2    16     0     2    16.0   64.904   58.323    624.6    893.5
     3     1    20     4     2    16     0     2    16.0   64.272   61.158   1144.8    833.3
     1     1    20     4     2    17     0     1    17.0   64.552   55.056    333.1    931.3
     2     1    20     4     2    17     0     1    17.0   64.996   59.097    839.3    839.3
     3     1    20     4     2    17     0     1    17.0   64.262   62.098   1126.3    844.7
     1     1    20     4     2    18     0     0    18.0   64.643   55.773    336.8    935.7
     2     1    20     4     2    18     0     0    18.0   64.997   60.124    939.7    771.8
     3     1    20     4     2    18     0     0    18.0   64.239   62.963   1108.1    843.6
     1     1    20     4     2    19     0     1    19.0   64.714   56.521    346.9    937.2
     2     1    20     4     2    19     0     1    19.0   64.922   61.211    850.5    828.3
     3     1    20     4     2    19     0     1    19.0   64.206   63.790   1092.5    851.6
     1     1    20     4     2    20     0     2    20.0   64.785   57.224    353.6    937.7
     2     1    20     4     2    20     0     2    20.0   64.859   61.989    669.2    886.2
     3     1    20     4     2    20     0     2    20.0   64.171   64.585   1080.2    859.8
     1     1    20     4     2    21     0     3    21.0   64.828   57.887    392.2    932.8
     2     1    20     4     2    21     0     3    21.0   64.828   62.615    490.2    913.5
     3     1    20     4     2    21     0     3    21.0   64.156   65.350   1045.0    870.3
     1     1    20     4     2    22     0     2    22.0   64.881   58.519    487.8    904.2
     2     1    20     4     2    22     0     2    22.0   64.841   63.312    430.5    925.1
     3     1    20     4     2    22     0     2    22.0   64.156   66.101   1105.4    863.2
     1     1    20     4     2    23     0     1    23.0   64.976   59.153    594.8    863.6
     2     1    20     4     2    23     0     1    23.0   64.865   64.034    423.6    933.1
     3     1    20     4     2    23     0     1    23.0   64.167   66.878   1192.9    846.3
     1     1    20     4     3     0     0     0    24.0   65.043   59.924    557.0    821.7
     2     1    20     4     3     0     0     0    24.0   64.856   64.769    437.6    938.8
     3     1    20     4     3     0     0     0    24.0   64.198   67.708   1235.4    840.3
