     5     1
    GDAS    19    12    29     0     0
    GDAS    20     1     1     0     0
    GDAS    20     1     8     0     0
    GDAS    20     1    15     0     0
    GDAS    20     1    22     0     0
     3 FORWARD  OMEGA   
    20     1     7     0   62.085   49.588   100.0
    20     1     7     0   62.085   49.588   500.0
    20     1     7     0   62.085   49.588  1000.0
     1 PRESSURE
     1     1    20     1     7     0     0     0     0.0   62.085   49.588    100.0    994.1
     2     1    20     1     7     0     0     0     0.0   62.085   49.588    500.0    943.6
     3     1    20     1     7     0     0     0     0.0   62.085   49.588   1000.0    884.7
     1     1    20     1     7     1     0     1     1.0   62.257   49.861     91.5    993.8
     2     1    20     1     7     1     0     1     1.0   62.275   50.415    493.3    940.8
     3     1    20     1     7     1     0     1     1.0   62.229   50.457    987.3    882.8
     1     1    20     1     7     2     0     2     2.0   62.421   50.114     86.4    992.1
     2     1    20     1     7     2     0     2     2.0   62.468   51.285    503.4    935.6
     3     1    20     1     7     2     0     2     2.0   62.385   51.338    992.0    878.6
     1     1    20     1     7     3     0     3     3.0   62.582   50.367     84.0    990.4
     2     1    20     1     7     3     0     3     3.0   62.658   52.186    507.8    933.5
     3     1    20     1     7     3     0     3     3.0   62.521   52.226   1001.3    876.2
     1     1    20     1     7     4     0     2     4.0   62.747   50.623     86.3    988.9
     2     1    20     1     7     4     0     2     4.0   62.846   53.097    483.3    930.9
     3     1    20     1     7     4     0     2     4.0   62.661   53.117    987.5    873.8
     1     1    20     1     7     5     0     1     5.0   62.922   50.885     94.4    987.3
     2     1    20     1     7     5     0     1     5.0   63.065   54.017    427.3    944.3
     3     1    20     1     7     5     0     1     5.0   62.817   54.025    973.0    879.8
     1     1    20     1     7     6     0     0     6.0   63.110   51.156    106.9    984.0
     2     1    20     1     7     6     0     0     6.0   63.309   54.938    375.8    946.6
     3     1    20     1     7     6     0     0     6.0   62.966   54.947    957.5    875.3
     1     1    20     1     7     7     0     1     7.0   63.300   51.448    118.9    980.1
     2     1    20     1     7     7     0     1     7.0   63.547   55.798    350.7    953.6
     3     1    20     1     7     7     0     1     7.0   63.110   55.894    979.3    881.2
     1     1    20     1     7     8     0     2     8.0   63.481   51.766    133.7    976.4
     2     1    20     1     7     8     0     2     8.0   63.786   56.533    363.8    957.0
     3     1    20     1     7     8     0     2     8.0   63.258   56.849   1089.9    869.4
     1     1    20     1     7     9     0     3     9.0   63.651   52.110    153.8    972.4
     2     1    20     1     7     9     0     3     9.0   64.038   57.165    426.6    950.7
     3     1    20     1     7     9     0     3     9.0   63.391   57.831   1186.1    846.5
     1     1    20     1     7    10     0     2    10.0   63.812   52.487    160.9    972.2
     2     1    20     1     7    10     0     2    10.0   64.264   57.835    504.2    933.2
     3     1    20     1     7    10     0     2    10.0   63.493   58.914   1115.4    833.8
     1     1    20     1     7    11     0     1    11.0   63.965   52.874    141.0    976.9
     2     1    20     1     7    11     0     1    11.0   64.457   58.538    593.4    910.0
     3     1    20     1     7    11     0     1    11.0   63.518   60.153    912.3    873.9
     1     1    20     1     7    12     0     0    12.0   64.104   53.213    108.2    984.1
     2     1    20     1     7    12     0     0    12.0   64.601   59.196    669.5    876.3
     3     1    20     1     7    12     0     0    12.0   63.470   61.374    766.3    913.0
     1     1    20     1     7    13     0     1    13.0   64.233   53.490     90.3    988.1
     2     1    20     1     7    13     0     1    13.0   64.649   59.874    537.0    859.8
     3     1    20     1     7    13     0     1    13.0   63.411   62.467    686.0    924.6
     1     1    20     1     7    14     0     2    14.0   64.359   53.728     82.6    990.6
     2     1    20     1     7    14     0     2    14.0   64.636   60.410    342.5    896.8
     3     1    20     1     7    14     0     2    14.0   63.375   63.497    672.5    928.9
     1     1    20     1     7    15     0     3    15.0   64.483   53.941     80.2    992.1
     2     1    20     1     7    15     0     3    15.0   64.639   60.750    221.9    922.8
     3     1    20     1     7    15     0     3    15.0   63.352   64.502    706.0    928.9
     1     1    20     1     7    16     0     2    16.0   64.610   54.146     80.0    992.3
     2     1    20     1     7    16     0     2    16.0   64.650   60.996    134.5    941.3
     3     1    20     1     7    16     0     2    16.0   63.349   65.444    780.8    916.9
     1     1    20     1     7    17     0     1    17.0   64.738   54.358     80.0    991.7
     2     1    20     1     7    17     0     1    17.0   64.655   61.202     72.6    957.4
     3     1    20     1     7    17     0     1    17.0   63.374   66.328    815.0    909.0
     1     1    20     1     7    18     0     0    18.0   64.866   54.576     79.9    990.9
     2     1    20     1     7    18     0     0    18.0   64.657   61.369     39.9    967.5
     3     1    20     1     7    18     0     0    18.0   63.415   67.212    835.3    904.2
     1     1    20     1     7    19     0     1    19.0   64.994   54.780     78.1    989.4
     2     1    20     1     7    19     0     1    19.0   64.660   61.499     25.6    974.1
     3     1    20     1     7    19     0     1    19.0   63.455   68.119    852.1    902.3
     1     1    20     1     7    20     0     2    20.0   65.125   54.945     72.1    989.5
     2     1    20     1     7    20     0     2    20.0   64.661   61.595     19.2    978.9
     3     1    20     1     7    20     0     2    20.0   63.485   69.032    854.1    901.5
     1     1    20     1     7    21     0     3    21.0   65.257   55.068     63.4    991.2
     2     1    20     1     7    21     0     3    21.0   64.661   61.667     16.4    982.6
     3     1    20     1     7    21     0     3    21.0   63.501   69.954    847.3    902.8
     1     1    20     1     7    22     0     2    22.0   65.389   55.160     55.6    993.5
     2     1    20     1     7    22     0     2    22.0   64.659   61.731     14.7    985.0
     3     1    20     1     7    22     0     2    22.0   63.501   70.867    862.3    901.3
     1     1    20     1     7    23     0     1    23.0   65.519   55.242     49.5    995.2
     2     1    20     1     7    23     0     1    23.0   64.655   61.801     13.4    987.6
     3     1    20     1     7    23     0     1    23.0   63.493   71.750    884.3    898.4
     1     1    20     1     8     0     0     0    24.0   65.648   55.317     44.2    996.7
     2     1    20     1     8     0     0     0    24.0   64.648   61.879     12.5    990.2
     3     1    20     1     8     0     0     0    24.0   63.474   72.619    897.5    897.2
