     5     1
    GDAS    20     3     8     0     0
    GDAS    20     3    15     0     0
    GDAS    20     3    22     0     0
    GDAS    20     3    29     0     0
    GDAS    20     4     1     0     0
     3 FORWARD  OMEGA   
    20     3    21     0   62.085   49.588   100.0
    20     3    21     0   62.085   49.588   500.0
    20     3    21     0   62.085   49.588  1000.0
     1 PRESSURE
     1     1    20     3    21     0     0     0     0.0   62.085   49.588    100.0    984.0
     2     1    20     3    21     0     0     0     0.0   62.085   49.588    500.0    934.6
     3     1    20     3    21     0     0     0     0.0   62.085   49.588   1000.0    875.7
     1     1    20     3    21     1     0     1     1.0   61.916   49.757    100.9    984.6
     2     1    20     3    21     1     0     1     1.0   61.762   49.657    543.1    928.9
     3     1    20     3    21     1     0     1     1.0   61.807   49.762   1040.8    870.8
     1     1    20     3    21     2     0     2     2.0   61.745   49.908    103.2    982.9
     2     1    20     3    21     2     0     2     2.0   61.449   49.659    586.8    921.4
     3     1    20     3    21     2     0     2     2.0   61.523   49.874   1085.9    863.5
     1     1    20     3    21     3     0     3     3.0   61.569   50.047    104.7    981.4
     2     1    20     3    21     3     0     3     3.0   61.137   49.650    628.3    914.8
     3     1    20     3    21     3     0     3     3.0   61.235   49.968   1141.4    855.9
     1     1    20     3    21     4     0     2     4.0   61.395   50.176    104.5    980.5
     2     1    20     3    21     4     0     2     4.0   60.821   49.635    662.1    908.2
     3     1    20     3    21     4     0     2     4.0   60.945   50.051   1198.5    846.2
     1     1    20     3    21     5     0     1     5.0   61.232   50.291    103.4    979.9
     2     1    20     3    21     5     0     1     5.0   60.501   49.588    679.4    905.0
     3     1    20     3    21     5     0     1     5.0   60.654   50.088   1231.2    839.8
     1     1    20     3    21     6     0     0     6.0   61.078   50.388    102.4    979.5
     2     1    20     3    21     6     0     0     6.0   60.182   49.525    679.5    904.5
     3     1    20     3    21     6     0     0     6.0   60.361   50.079   1228.7    838.4
     1     1    20     3    21     7     0     1     7.0   60.926   50.476    102.2    979.2
     2     1    20     3    21     7     0     1     7.0   59.872   49.475    671.1    907.4
     3     1    20     3    21     7     0     1     7.0   60.076   50.064   1196.3    841.1
     1     1    20     3    21     8     0     2     8.0   60.768   50.567    103.8    978.4
     2     1    20     3    21     8     0     2     8.0   59.575   49.450    660.1    910.3
     3     1    20     3    21     8     0     2     8.0   59.800   50.050   1156.4    848.7
     1     1    20     3    21     9     0     3     9.0   60.602   50.661    107.4    977.2
     2     1    20     3    21     9     0     3     9.0   59.284   49.452    639.8    913.9
     3     1    20     3    21     9     0     3     9.0   59.529   50.032   1121.3    855.2
     1     1    20     3    21    10     0     2    10.0   60.422   50.757    113.2    975.3
     2     1    20     3    21    10     0     2    10.0   58.992   49.464    610.8    919.4
     3     1    20     3    21    10     0     2    10.0   59.254   50.017   1097.5    861.1
     1     1    20     3    21    11     0     1    11.0   60.222   50.848    122.6    973.0
     2     1    20     3    21    11     0     1    11.0   58.696   49.469    584.3    922.3
     3     1    20     3    21    11     0     1    11.0   58.968   50.000   1082.3    863.9
     1     1    20     3    21    12     0     0    12.0   60.006   50.923    138.0    970.0
     2     1    20     3    21    12     0     0    12.0   58.391   49.474    563.8    923.5
     3     1    20     3    21    12     0     0    12.0   58.673   49.981   1068.0    864.1
     1     1    20     3    21    13     0     1    13.0   59.772   50.993    151.5    969.4
     2     1    20     3    21    13     0     1    13.0   58.064   49.473    547.1    924.8
     3     1    20     3    21    13     0     1    13.0   58.368   49.952   1056.0    863.8
     1     1    20     3    21    14     0     2    14.0   59.521   51.068    155.8    971.3
     2     1    20     3    21    14     0     2    14.0   57.712   49.457    536.1    927.6
     3     1    20     3    21    14     0     2    14.0   58.057   49.913   1033.5    863.7
     1     1    20     3    21    15     0     3    15.0   59.259   51.138    158.0    973.3
     2     1    20     3    21    15     0     3    15.0   57.337   49.423    531.3    930.1
     3     1    20     3    21    15     0     3    15.0   57.740   49.871    996.4    870.9
     1     1    20     3    21    16     0     2    16.0   58.992   51.180    162.4    974.8
     2     1    20     3    21    16     0     2    16.0   56.950   49.356    535.0    931.7
     3     1    20     3    21    16     0     2    16.0   57.416   49.800    961.2    879.4
     1     1    20     3    21    17     0     1    17.0   58.719   51.189    168.0    974.7
     2     1    20     3    21    17     0     1    17.0   56.577   49.264    536.1    930.9
     3     1    20     3    21    17     0     1    17.0   57.091   49.693    943.0    884.8
     1     1    20     3    21    18     0     0    18.0   58.431   51.177    175.1    975.0
     2     1    20     3    21    18     0     0    18.0   56.220   49.158    514.7    933.4
     3     1    20     3    21    18     0     0    18.0   56.773   49.577    935.2    885.8
     1     1    20     3    21    19     0     1    19.0   58.132   51.142    183.3    974.8
     2     1    20     3    21    19     0     1    19.0   55.892   49.054    470.0    940.9
     3     1    20     3    21    19     0     1    19.0   56.475   49.475    922.1    887.1
     1     1    20     3    21    20     0     2    20.0   57.842   51.089    189.2    976.3
     2     1    20     3    21    20     0     2    20.0   55.595   48.956    415.1    951.8
     3     1    20     3    21    20     0     2    20.0   56.203   49.396    896.9    890.3
     1     1    20     3    21    21     0     3    21.0   57.578   51.032    194.5    979.2
     2     1    20     3    21    21     0     3    21.0   55.321   48.844    361.1    961.2
     3     1    20     3    21    21     0     3    21.0   55.954   49.338    862.1    895.2
     1     1    20     3    21    22     0     2    22.0   57.336   50.976    201.9    981.0
     2     1    20     3    21    22     0     2    22.0   55.072   48.731    314.4    968.1
     3     1    20     3    21    22     0     2    22.0   55.722   49.301    823.2    901.9
     1     1    20     3    21    23     0     1    23.0   57.104   50.918    210.5    981.6
     2     1    20     3    21    23     0     1    23.0   54.856   48.629    279.3    972.9
     3     1    20     3    21    23     0     1    23.0   55.502   49.290    783.2    908.3
     1     1    20     3    22     0     0     0    24.0   56.875   50.862    216.0    980.5
     2     1    20     3    22     0     0     0    24.0   54.671   48.512    258.1    975.3
     3     1    20     3    22     0     0     0    24.0   55.300   49.302    740.4    915.0
