     5     1
    GDAS    20     1    29     0     0
    GDAS    20     2     1     0     0
    GDAS    20     2     8     0     0
    GDAS    20     2    15     0     0
    GDAS    20     2    22     0     0
     3 FORWARD  OMEGA   
    20     2     6     0   62.085   49.588   100.0
    20     2     6     0   62.085   49.588   500.0
    20     2     6     0   62.085   49.588  1000.0
     1 PRESSURE
     1     1    20     2     6     0     0     0     0.0   62.085   49.588    100.0    972.1
     2     1    20     2     6     0     0     0     0.0   62.085   49.588    500.0    922.2
     3     1    20     2     6     0     0     0     0.0   62.085   49.588   1000.0    863.5
     1     1    20     2     6     1     0     1     1.0   62.036   49.800     95.1    973.5
     2     1    20     2     6     1     0     1     1.0   61.881   49.788    495.4    923.3
     3     1    20     2     6     1     0     1     1.0   61.843   49.792    978.2    866.3
     1     1    20     2     6     2     0     2     2.0   62.001   50.015     89.1    974.8
     2     1    20     2     6     2     0     2     2.0   61.690   49.997    498.1    921.7
     3     1    20     2     6     2     0     2     2.0   61.608   50.009    963.7    866.6
     1     1    20     2     6     3     0     3     3.0   61.978   50.228     79.8    974.4
     2     1    20     2     6     3     0     3     3.0   61.503   50.218    500.0    918.3
     3     1    20     2     6     3     0     3     3.0   61.372   50.240    951.5    865.1
     1     1    20     2     6     4     0     2     4.0   61.969   50.429     70.7    974.4
     2     1    20     2     6     4     0     2     4.0   61.328   50.448    493.1    917.7
     3     1    20     2     6     4     0     2     4.0   61.146   50.474    936.5    865.7
     1     1    20     2     6     5     0     1     5.0   61.973   50.620     66.8    973.3
     2     1    20     2     6     5     0     1     5.0   61.181   50.687    480.3    918.7
     3     1    20     2     6     5     0     1     5.0   60.943   50.701    919.5    866.9
     1     1    20     2     6     6     0     0     6.0   61.993   50.809     69.4    971.8
     2     1    20     2     6     6     0     0     6.0   61.058   50.934    464.6    920.7
     3     1    20     2     6     6     0     0     6.0   60.759   50.914    901.1    868.0
     1     1    20     2     6     7     0     1     7.0   62.023   50.993     75.4    969.4
     2     1    20     2     6     7     0     1     7.0   60.960   51.195    448.7    922.8
     3     1    20     2     6     7     0     1     7.0   60.598   51.123    880.9    869.2
     1     1    20     2     6     8     0     2     8.0   62.062   51.164     78.4    968.7
     2     1    20     2     6     8     0     2     8.0   60.886   51.478    435.9    924.3
     3     1    20     2     6     8     0     2     8.0   60.469   51.351    859.4    871.0
     1     1    20     2     6     9     0     3     9.0   62.113   51.320     76.3    969.2
     2     1    20     2     6     9     0     3     9.0   60.832   51.778    427.8    925.3
     3     1    20     2     6     9     0     3     9.0   60.368   51.598    839.8    873.0
     1     1    20     2     6    10     0     2    10.0   62.178   51.451     71.6    970.4
     2     1    20     2     6    10     0     2    10.0   60.790   52.073    420.7    925.2
     3     1    20     2     6    10     0     2    10.0   60.286   51.850    826.2    874.4
     1     1    20     2     6    11     0     1    11.0   62.261   51.557     67.6    971.0
     2     1    20     2     6    11     0     1    11.0   60.758   52.347    406.4    925.6
     3     1    20     2     6    11     0     1    11.0   60.220   52.088    816.7    875.2
     1     1    20     2     6    12     0     0    12.0   62.360   51.637     65.5    971.5
     2     1    20     2     6    12     0     0    12.0   60.734   52.603    381.0    928.2
     3     1    20     2     6    12     0     0    12.0   60.169   52.309    802.3    877.2
     1     1    20     2     6    13     0     1    13.0   62.466   51.703     65.1    971.4
     2     1    20     2     6    13     0     1    13.0   60.724   52.833    350.5    931.7
     3     1    20     2     6    13     0     1    13.0   60.136   52.509    780.9    881.2
     1     1    20     2     6    14     0     2    14.0   62.573   51.766     65.9    971.3
     2     1    20     2     6    14     0     2    14.0   60.736   53.037    322.8    934.6
     3     1    20     2     6    14     0     2    14.0   60.124   52.688    755.1    885.1
     1     1    20     2     6    15     0     3    15.0   62.681   51.829     67.5    971.1
     2     1    20     2     6    15     0     3    15.0   60.772   53.221    300.2    938.0
     3     1    20     2     6    15     0     3    15.0   60.137   52.848    723.3    889.7
     1     1    20     2     6    16     0     2    16.0   62.788   51.899     68.8    971.3
     2     1    20     2     6    16     0     2    16.0   60.830   53.388    280.9    940.9
     3     1    20     2     6    16     0     2    16.0   60.172   52.977    688.6    895.1
     1     1    20     2     6    17     0     1    17.0   62.890   51.982     69.4    971.6
     2     1    20     2     6    17     0     1    17.0   60.910   53.542    260.9    944.6
     3     1    20     2     6    17     0     1    17.0   60.230   53.067    657.4    899.1
     1     1    20     2     6    18     0     0    18.0   62.987   52.084     69.2    971.5
     2     1    20     2     6    18     0     0    18.0   61.012   53.693    238.8    949.0
     3     1    20     2     6    18     0     0    18.0   60.315   53.126    630.7    901.9
     1     1    20     2     6    19     0     1    19.0   63.066   52.197     68.0    971.2
     2     1    20     2     6    19     0     1    19.0   61.127   53.839    218.1    953.3
     3     1    20     2     6    19     0     1    19.0   60.425   53.165    611.9    904.0
     1     1    20     2     6    20     0     2    20.0   63.118   52.312     66.1    971.1
     2     1    20     2     6    20     0     2    20.0   61.243   53.972    203.1    955.8
     3     1    20     2     6    20     0     2    20.0   60.555   53.192    604.2    904.3
     1     1    20     2     6    21     0     3    21.0   63.149   52.428     63.9    971.2
     2     1    20     2     6    21     0     3    21.0   61.362   54.087    194.5    956.7
     3     1    20     2     6    21     0     3    21.0   60.698   53.211    605.4    903.7
     1     1    20     2     6    22     0     2    22.0   63.172   52.539     62.1    971.2
     2     1    20     2     6    22     0     2    22.0   61.482   54.194    190.0    956.5
     3     1    20     2     6    22     0     2    22.0   60.847   53.230    611.1    902.3
     1     1    20     2     6    23     0     1    23.0   63.198   52.637     61.1    971.2
     2     1    20     2     6    23     0     1    23.0   61.603   54.303    186.4    956.8
     3     1    20     2     6    23     0     1    23.0   60.994   53.252    621.1    901.2
     1     1    20     2     7     0     0     0    24.0   63.226   52.721     61.0    971.4
     2     1    20     2     7     0     0     0    24.0   61.729   54.420    183.7    957.3
     3     1    20     2     7     0     0     0    24.0   61.139   53.281    636.3    899.9
