     5     1
    GDAS    20     1    15     0     0
    GDAS    20     1    22     0     0
    GDAS    20     1    29     0     0
    GDAS    20     2     1     0     0
    GDAS    20     2     8     0     0
     3 FORWARD  OMEGA   
    20     1    22     0   62.085   49.588   100.0
    20     1    22     0   62.085   49.588   500.0
    20     1    22     0   62.085   49.588  1000.0
     1 PRESSURE
     1     1    20     1    22     0     0     0     0.0   62.085   49.588    100.0    949.2
     2     1    20     1    22     0     0     0     0.0   62.085   49.588    500.0    902.5
     3     1    20     1    22     0     0     0     0.0   62.085   49.588   1000.0    846.9
     1     1    20     1    22     1     0     1     1.0   62.002   50.123    101.3    949.0
     2     1    20     1    22     1     0     1     1.0   61.911   50.433    544.7    894.9
     3     1    20     1    22     1     0     1     1.0   61.781   50.469   1099.0    832.4
     1     1    20     1    22     2     0     2     2.0   61.946   50.685    112.2    942.7
     2     1    20     1    22     2     0     2     2.0   61.794   51.303    611.9    882.7
     3     1    20     1    22     2     0     2     2.0   61.563   51.272   1182.2    820.2
     1     1    20     1    22     3     0     3     3.0   61.902   51.286    131.6    937.3
     2     1    20     1    22     3     0     3     3.0   61.711   52.172    650.3    878.1
     3     1    20     1    22     3     0     3     3.0   61.404   52.037   1214.9    816.7
     1     1    20     1    22     4     0     2     4.0   61.873   51.883    136.7    936.9
     2     1    20     1    22     4     0     2     4.0   61.674   53.023    714.8    868.9
     3     1    20     1    22     4     0     2     4.0   61.312   52.780   1236.5    811.8
     1     1    20     1    22     5     0     1     5.0   61.879   52.458    150.7    935.5
     2     1    20     1    22     5     0     1     5.0   61.681   53.807    792.4    857.5
     3     1    20     1    22     5     0     1     5.0   61.296   53.505   1262.2    809.3
     1     1    20     1    22     6     0     0     6.0   61.901   53.055    190.9    930.3
     2     1    20     1    22     6     0     0     6.0   61.734   54.531    846.6    853.6
     3     1    20     1    22     6     0     0     6.0   61.335   54.219   1272.0    810.0
     1     1    20     1    22     7     0     1     7.0   61.934   53.667    229.5    921.0
     2     1    20     1    22     7     0     1     7.0   61.832   55.222    891.0    852.2
     3     1    20     1    22     7     0     1     7.0   61.432   54.916   1297.7    810.9
     1     1    20     1    22     8     0     2     8.0   61.984   54.264    258.9    917.4
     2     1    20     1    22     8     0     2     8.0   61.990   55.919    930.4    847.1
     3     1    20     1    22     8     0     2     8.0   61.582   55.627   1340.7    803.0
     1     1    20     1    22     9     0     3     9.0   62.067   54.844    294.5    918.5
     2     1    20     1    22     9     0     3     9.0   62.220   56.596    993.0    844.7
     3     1    20     1    22     9     0     3     9.0   61.786   56.355   1389.1    798.4
     1     1    20     1    22    10     0     2    10.0   62.169   55.426    327.5    913.5
     2     1    20     1    22    10     0     2    10.0   62.504   57.211   1100.3    829.1
     3     1    20     1    22    10     0     2    10.0   62.038   57.061   1456.6    793.3
     1     1    20     1    22    11     0     1    11.0   62.286   56.013    360.8    913.0
     2     1    20     1    22    11     0     1    11.0   62.806   57.761   1281.5    806.9
     3     1    20     1    22    11     0     1    11.0   62.312   57.697   1569.8    778.2
     1     1    20     1    22    12     0     0    12.0   62.448   56.595    400.9    906.1
     2     1    20     1    22    12     0     0    12.0   63.122   58.255   1495.8    769.3
     3     1    20     1    22    12     0     0    12.0   62.610   58.263   1698.5    751.5
     1     1    20     1    22    13     0     1    13.0   62.638   57.134    448.3    901.3
     2     1    20     1    22    13     0     1    13.0   63.442   58.712   1642.2    744.1
     3     1    20     1    22    13     0     1    13.0   62.924   58.811   1762.4    726.9
     1     1    20     1    22    14     0     2    14.0   62.831   57.623    551.9    886.2
     2     1    20     1    22    14     0     2    14.0   63.752   59.133   1710.4    741.3
     3     1    20     1    22    14     0     2    14.0   63.229   59.339   1789.0    737.2
     1     1    20     1    22    15     0     3    15.0   63.050   58.072    687.9    856.7
     2     1    20     1    22    15     0     3    15.0   64.056   59.482   1728.5    736.8
     3     1    20     1    22    15     0     3    15.0   63.515   59.782   1812.9    739.6
     1     1    20     1    22    16     0     2    16.0   63.278   58.459    790.3    839.8
     2     1    20     1    22    16     0     2    16.0   64.348   59.769   1685.5    726.3
     3     1    20     1    22    16     0     2    16.0   63.790   60.126   1825.2    736.9
     1     1    20     1    22    17     0     1    17.0   63.485   58.785    857.1    828.6
     2     1    20     1    22    17     0     1    17.0   64.636   60.010   1589.4    713.9
     3     1    20     1    22    17     0     1    17.0   64.064   60.377   1833.6    737.1
     1     1    20     1    22    18     0     0    18.0   63.693   59.037    887.4    825.6
     2     1    20     1    22    18     0     0    18.0   64.929   60.228   1455.9    718.0
     3     1    20     1    22    18     0     0    18.0   64.348   60.564   1821.8    726.0
     1     1    20     1    22    19     0     1    19.0   63.902   59.223    911.0    827.8
     2     1    20     1    22    19     0     1    19.0   65.211   60.458   1368.2    750.9
     3     1    20     1    22    19     0     1    19.0   64.649   60.746   1784.9    719.5
     1     1    20     1    22    20     0     2    20.0   64.105   59.373    949.6    820.0
     2     1    20     1    22    20     0     2    20.0   65.459   60.677   1369.0    772.3
     3     1    20     1    22    20     0     2    20.0   64.980   60.949   1740.6    711.8
     1     1    20     1    22    21     0     3    21.0   64.310   59.507    990.8    805.9
     2     1    20     1    22    21     0     3    21.0   65.664   60.837   1465.5    777.5
     3     1    20     1    22    21     0     3    21.0   65.302   61.130   1775.4    733.6
     1     1    20     1    22    22     0     2    22.0   64.518   59.662   1009.3    790.1
     2     1    20     1    22    22     0     2    22.0   65.844   60.948   1641.1    767.2
     3     1    20     1    22    22     0     2    22.0   65.573   61.296   1873.6    733.8
     1     1    20     1    22    23     0     1    23.0   64.724   59.862    982.3    775.3
     2     1    20     1    22    23     0     1    23.0   66.017   61.050   1825.3    752.2
     3     1    20     1    22    23     0     1    23.0   65.815   61.491   1969.8    731.5
     1     1    20     1    23     0     0     0    24.0   64.921   60.109    916.5    768.7
     2     1    20     1    23     0     0     0    24.0   66.201   61.173   1944.3    737.9
     3     1    20     1    23     0     0     0    24.0   66.051   61.709   2047.3    727.9
