     5     1
    GDAS    20     6     8     0     0
    GDAS    20     6    15     0     0
    GDAS    20     6    22     0     0
    GDAS    20     6    29     0     0
    GDAS    20     7     1     0     0
     3 FORWARD  OMEGA   
    20     6    16     0   62.085   49.588   100.0
    20     6    16     0   62.085   49.588   500.0
    20     6    16     0   62.085   49.588  1000.0
     1 PRESSURE
     1     1    20     6    16     0     0     0     0.0   62.085   49.588    100.0    991.4
     2     1    20     6    16     0     0     0     0.0   62.085   49.588    500.0    945.8
     3     1    20     6    16     0     0     0     0.0   62.085   49.588   1000.0    892.1
     1     1    20     6    16     1     0     1     1.0   62.126   49.969     98.3    990.9
     2     1    20     6    16     1     0     1     1.0   62.032   50.316    501.5    944.4
     3     1    20     6    16     1     0     1     1.0   62.058   50.189   1005.0    891.0
     1     1    20     6    16     2     0     2     2.0   62.171   50.335     99.8    988.5
     2     1    20     6    16     2     0     2     2.0   61.980   51.022    517.7    937.6
     3     1    20     6    16     2     0     2     2.0   62.042   50.814   1026.2    884.5
     1     1    20     6    16     3     0     3     3.0   62.222   50.688    108.2    984.9
     2     1    20     6    16     3     0     3     3.0   61.938   51.705    534.0    933.5
     3     1    20     6    16     3     0     3     3.0   62.042   51.463   1055.3    878.2
     1     1    20     6    16     4     0     2     4.0   62.280   51.072    121.0    980.8
     2     1    20     6    16     4     0     2     4.0   61.925   52.366    536.8    933.3
     3     1    20     6    16     4     0     2     4.0   62.061   52.130   1068.7    875.5
     1     1    20     6    16     5     0     1     5.0   62.345   51.527    129.2    978.4
     2     1    20     6    16     5     0     1     5.0   61.951   53.021    538.2    933.3
     3     1    20     6    16     5     0     1     5.0   62.102   52.822   1070.5    875.7
     1     1    20     6    16     6     0     0     6.0   62.420   52.034    131.0    977.5
     2     1    20     6    16     6     0     0     6.0   62.010   53.681    530.6    928.0
     3     1    20     6    16     6     0     0     6.0   62.161   53.555   1055.8    872.1
     1     1    20     6    16     7     0     1     7.0   62.497   52.584    140.4    974.4
     2     1    20     6    16     7     0     1     7.0   62.090   54.349    519.4    930.3
     3     1    20     6    16     7     0     1     7.0   62.232   54.319   1021.8    877.4
     1     1    20     6    16     8     0     2     8.0   62.575   53.188    169.8    967.3
     2     1    20     6    16     8     0     2     8.0   62.179   55.036    542.5    930.1
     3     1    20     6    16     8     0     2     8.0   62.312   55.091   1060.0    874.3
     1     1    20     6    16     9     0     3     9.0   62.659   53.821    181.5    965.7
     2     1    20     6    16     9     0     3     9.0   62.267   55.753    621.7    922.3
     3     1    20     6    16     9     0     3     9.0   62.395   55.891   1213.5    861.6
     1     1    20     6    16    10     0     2    10.0   62.702   54.404    189.1    965.8
     2     1    20     6    16    10     0     2    10.0   62.342   56.491    756.1    905.6
     3     1    20     6    16    10     0     2    10.0   62.480   56.749   1430.4    834.1
     1     1    20     6    16    11     0     1    11.0   62.664   54.943    264.3    955.7
     2     1    20     6    16    11     0     1    11.0   62.403   57.251    872.4    890.9
     3     1    20     6    16    11     0     1    11.0   62.574   57.691   1502.7    818.8
     1     1    20     6    16    12     0     0    12.0   62.579   55.490    389.7    943.7
     2     1    20     6    16    12     0     0    12.0   62.458   58.090    922.4    875.8
     3     1    20     6    16    12     0     0    12.0   62.664   58.752   1583.6    804.8
     1     1    20     6    16    13     0     1    13.0   62.497   56.068    508.5    931.4
     2     1    20     6    16    13     0     1    13.0   62.500   59.041   1141.4    839.8
     3     1    20     6    16    13     0     1    13.0   62.726   59.883   2011.0    767.5
     1     1    20     6    16    14     0     2    14.0   62.431   56.723    634.0    919.0
     2     1    20     6    16    14     0     2    14.0   62.514   60.047   1427.0    826.4
     3     1    20     6    16    14     0     2    14.0   62.754   61.029   2275.7    757.1
     1     1    20     6    16    15     0     3    15.0   62.371   57.517    805.2    893.4
     2     1    20     6    16    15     0     3    15.0   62.498   61.039   1596.4    824.0
     3     1    20     6    16    15     0     3    15.0   62.774   62.279   2457.5    743.1
     1     1    20     6    16    16     0     2    16.0   62.249   58.409    915.6    871.8
     2     1    20     6    16    16     0     2    16.0   62.467   62.107   1699.4    811.3
     3     1    20     6    16    16     0     2    16.0   62.782   63.621   2988.9    688.3
     1     1    20     6    16    17     0     1    17.0   62.071   59.298   1158.8    838.1
     2     1    20     6    16    17     0     1    17.0   62.423   63.165   2051.8    783.0
     3     1    20     6    16    17     0     1    17.0   62.753   64.952   3142.5    682.7
     1     1    20     6    16    18     0     0    18.0   61.922   60.215   1330.9    831.2
     2     1    20     6    16    18     0     0    18.0   62.409   64.328   2295.9    750.9
     3     1    20     6    16    18     0     0    18.0   62.752   66.233   3264.6    668.5
     1     1    20     6    16    19     0     1    19.0   61.765   61.172   1265.9    853.6
     2     1    20     6    16    19     0     1    19.0   62.366   65.445   2213.1    766.2
     3     1    20     6    16    19     0     1    19.0   62.775   67.625   3422.3    649.2
     1     1    20     6    16    20     0     2    20.0   61.568   61.987   1234.9    859.5
     2     1    20     6    16    20     0     2    20.0   62.377   66.560   2312.3    750.1
     3     1    20     6    16    20     0     2    20.0   62.837   69.083   3379.4    656.8
     1     1    20     6    16    21     0     3    21.0   61.347   62.727   1198.3    856.9
     2     1    20     6    16    21     0     3    21.0   62.429   67.626   2242.5    759.9
     3     1    20     6    16    21     0     3    21.0   62.912   70.593   3337.8    659.2
     1     1    20     6    16    22     0     2    22.0   61.132   63.437   1147.1    869.2
     2     1    20     6    16    22     0     2    22.0   62.485   68.714   2248.8    754.4
     3     1    20     6    16    22     0     2    22.0   62.975   71.942   3463.3    645.0
     1     1    20     6    16    23     0     1    23.0   60.960   64.096   1299.5    851.9
     2     1    20     6    16    23     0     1    23.0   62.540   69.878   2256.3    751.8
     3     1    20     6    16    23     0     1    23.0   63.109   73.394   3523.1    642.3
     1     1    20     6    17     0     0     0    24.0   60.854   64.777   1460.9    832.8
     2     1    20     6    17     0     0     0    24.0   62.608   70.944   2605.9    733.7
     3     1    20     6    17     0     0     0    24.0   63.324   74.933   3671.1    629.1
