     5     1
    GDAS    20     6     8     0     0
    GDAS    20     6    15     0     0
    GDAS    20     6    22     0     0
    GDAS    20     6    29     0     0
    GDAS    20     7     1     0     0
     3 FORWARD  OMEGA   
    20     6    18     0   62.085   49.588   100.0
    20     6    18     0   62.085   49.588   500.0
    20     6    18     0   62.085   49.588  1000.0
     1 PRESSURE
     1     1    20     6    18     0     0     0     0.0   62.085   49.588    100.0    997.0
     2     1    20     6    18     0     0     0     0.0   62.085   49.588    500.0    950.0
     3     1    20     6    18     0     0     0     0.0   62.085   49.588   1000.0    893.7
     1     1    20     6    18     1     0     1     1.0   61.987   49.664    112.5    996.4
     2     1    20     6    18     1     0     1     1.0   61.880   49.663    509.7    949.2
     3     1    20     6    18     1     0     1     1.0   61.770   49.807   1004.8    892.4
     1     1    20     6    18     2     0     2     2.0   61.884   49.754    125.7    994.2
     2     1    20     6    18     2     0     2     2.0   61.684   49.760    520.8    946.4
     3     1    20     6    18     2     0     2     2.0   61.458   50.003   1007.4    889.9
     1     1    20     6    18     3     0     3     3.0   61.777   49.860    138.1    992.0
     2     1    20     6    18     3     0     3     3.0   61.492   49.875    530.5    943.8
     3     1    20     6    18     3     0     3     3.0   61.146   50.189   1003.4    887.6
     1     1    20     6    18     4     0     2     4.0   61.657   49.979    149.5    990.0
     2     1    20     6    18     4     0     2     4.0   61.294   49.996    540.2    942.0
     3     1    20     6    18     4     0     2     4.0   60.853   50.350    990.7    887.8
     1     1    20     6    18     5     0     1     5.0   61.516   50.102    159.5    987.6
     2     1    20     6    18     5     0     1     5.0   61.086   50.116    552.4    939.3
     3     1    20     6    18     5     0     1     5.0   60.593   50.477    971.9    888.5
     1     1    20     6    18     6     0     0     6.0   61.357   50.228    166.5    985.7
     2     1    20     6    18     6     0     0     6.0   60.877   50.240    565.9    936.7
     3     1    20     6    18     6     0     0     6.0   60.357   50.588    945.5    890.2
     1     1    20     6    18     7     0     1     7.0   61.191   50.353    169.3    984.1
     2     1    20     6    18     7     0     1     7.0   60.675   50.363    568.6    933.7
     3     1    20     6    18     7     0     1     7.0   60.135   50.692    912.5    892.6
     1     1    20     6    18     8     0     2     8.0   61.029   50.473    168.5    983.3
     2     1    20     6    18     8     0     2     8.0   60.482   50.475    555.3    934.3
     3     1    20     6    18     8     0     2     8.0   59.923   50.787    878.3    896.2
     1     1    20     6    18     9     0     3     9.0   60.873   50.591    166.4    982.5
     2     1    20     6    18     9     0     3     9.0   60.296   50.580    535.3    935.6
     3     1    20     6    18     9     0     3     9.0   59.722   50.876    846.2    901.1
     1     1    20     6    18    10     0     2    10.0   60.718   50.709    166.5    981.6
     2     1    20     6    18    10     0     2    10.0   60.115   50.680    522.6    936.8
     3     1    20     6    18    10     0     2    10.0   59.530   50.965    815.9    905.9
     1     1    20     6    18    11     0     1    11.0   60.562   50.830    171.6    979.9
     2     1    20     6    18    11     0     1    11.0   59.939   50.774    524.0    936.0
     3     1    20     6    18    11     0     1    11.0   59.348   51.052    784.7    910.0
     1     1    20     6    18    12     0     0    12.0   60.405   50.953    182.0    977.6
     2     1    20     6    18    12     0     0    12.0   59.771   50.868    530.8    935.7
     3     1    20     6    18    12     0     0    12.0   59.174   51.138    745.4    914.6
     1     1    20     6    18    13     0     1    13.0   60.248   51.073    192.9    974.6
     2     1    20     6    18    13     0     1    13.0   59.606   50.959    524.7    936.2
     3     1    20     6    18    13     0     1    13.0   59.005   51.215    686.4    920.8
     1     1    20     6    18    14     0     2    14.0   60.089   51.185    199.0    972.6
     2     1    20     6    18    14     0     2    14.0   59.443   51.041    494.4    940.5
     3     1    20     6    18    14     0     2    14.0   58.839   51.277    614.4    930.5
     1     1    20     6    18    15     0     3    15.0   59.930   51.293    199.9    972.0
     2     1    20     6    18    15     0     3    15.0   59.282   51.112    442.4    947.4
     3     1    20     6    18    15     0     3    15.0   58.674   51.326    555.0    937.5
     1     1    20     6    18    16     0     2    16.0   59.772   51.381    195.9    973.4
     2     1    20     6    18    16     0     2    16.0   59.125   51.150    389.4    957.0
     3     1    20     6    18    16     0     2    16.0   58.510   51.343    517.1    941.4
     1     1    20     6    18    17     0     1    17.0   59.619   51.431    189.4    974.8
     2     1    20     6    18    17     0     1    17.0   58.973   51.137    352.0    961.8
     3     1    20     6    18    17     0     1    17.0   58.346   51.298    486.3    944.0
     1     1    20     6    18    18     0     0    18.0   59.473   51.444    182.3    976.2
     2     1    20     6    18    18     0     0    18.0   58.827   51.069    330.4    964.5
     3     1    20     6    18    18     0     0    18.0   58.187   51.175    446.9    948.9
     1     1    20     6    18    19     0     1    19.0   59.347   51.431    176.2    977.6
     2     1    20     6    18    19     0     1    19.0   58.701   50.966    316.2    965.8
     3     1    20     6    18    19     0     1    19.0   58.047   50.999    405.1    956.5
     1     1    20     6    18    20     0     2    20.0   59.250   51.407    172.2    978.7
     2     1    20     6    18    20     0     2    20.0   58.607   50.858    303.4    967.1
     3     1    20     6    18    20     0     2    20.0   57.945   50.830    378.9    960.0
     1     1    20     6    18    21     0     3    21.0   59.178   51.375    171.0    979.5
     2     1    20     6    18    21     0     3    21.0   58.546   50.756    292.9    968.0
     3     1    20     6    18    21     0     3    21.0   57.880   50.688    367.6    959.8
     1     1    20     6    18    22     0     2    22.0   59.131   51.350    170.2    980.0
     2     1    20     6    18    22     0     2    22.0   58.516   50.682    285.9    968.9
     3     1    20     6    18    22     0     2    22.0   57.846   50.595    361.9    960.0
     1     1    20     6    18    23     0     1    23.0   59.110   51.344    168.1    980.5
     2     1    20     6    18    23     0     1    23.0   58.513   50.659    283.5    969.1
     3     1    20     6    18    23     0     1    23.0   57.837   50.568    358.6    960.1
     1     1    20     6    19     0     0     0    24.0   59.112   51.358    164.3    981.0
     2     1    20     6    19     0     0     0    24.0   58.534   50.685    284.8    969.3
     3     1    20     6    19     0     0     0    24.0   57.850   50.603    355.7    960.7
