     5     1
    GDAS    20     4    29     0     0
    GDAS    20     5     1     0     0
    GDAS    20     5     8     0     0
    GDAS    20     5    15     0     0
    GDAS    20     5    22     0     0
     3 FORWARD  OMEGA   
    20     5     2     0   62.085   49.588   100.0
    20     5     2     0   62.085   49.588   500.0
    20     5     2     0   62.085   49.588  1000.0
     1 PRESSURE
     1     1    20     5     2     0     0     0     0.0   62.085   49.588    100.0    991.0
     2     1    20     5     2     0     0     0     0.0   62.085   49.588    500.0    942.3
     3     1    20     5     2     0     0     0     0.0   62.085   49.588   1000.0    884.6
     1     1    20     5     2     1     0     1     1.0   62.023   49.820     98.7    991.9
     2     1    20     5     2     1     0     1     1.0   61.912   49.944    473.9    946.0
     3     1    20     5     2     1     0     1     1.0   61.904   50.006    967.0    888.0
     1     1    20     5     2     2     0     2     2.0   61.953   50.053     99.0    991.6
     2     1    20     5     2     2     0     2     2.0   61.740   50.297    462.3    945.6
     3     1    20     5     2     2     0     2     2.0   61.714   50.416    934.1    889.8
     1     1    20     5     2     3     0     3     3.0   61.873   50.298    102.0    989.0
     2     1    20     5     2     3     0     3     3.0   61.570   50.647    467.7    941.8
     3     1    20     5     2     3     0     3     3.0   61.519   50.825    913.7    889.5
     1     1    20     5     2     4     0     2     4.0   61.783   50.563    105.4    986.9
     2     1    20     5     2     4     0     2     4.0   61.406   50.993    481.1    938.8
     3     1    20     5     2     4     0     2     4.0   61.327   51.239    905.8    890.4
     1     1    20     5     2     5     0     1     5.0   61.689   50.845    107.9    985.7
     2     1    20     5     2     5     0     1     5.0   61.261   51.352    496.3    937.2
     3     1    20     5     2     5     0     1     5.0   61.156   51.656    904.4    890.5
     1     1    20     5     2     6     0     0     6.0   61.601   51.139    111.3    985.1
     2     1    20     5     2     6     0     0     6.0   61.137   51.731    511.3    936.1
     3     1    20     5     2     6     0     0     6.0   60.996   52.095    899.5    890.4
     1     1    20     5     2     7     0     1     7.0   61.513   51.446    113.1    984.0
     2     1    20     5     2     7     0     1     7.0   61.013   52.138    524.3    933.2
     3     1    20     5     2     7     0     1     7.0   60.839   52.551    890.7    888.5
     1     1    20     5     2     8     0     2     8.0   61.420   51.763    109.6    983.6
     2     1    20     5     2     8     0     2     8.0   60.880   52.581    531.5    928.8
     3     1    20     5     2     8     0     2     8.0   60.687   53.016    893.2    888.1
     1     1    20     5     2     9     0     3     9.0   61.329   52.092    100.8    983.7
     2     1    20     5     2     9     0     3     9.0   60.747   53.052    539.2    927.5
     3     1    20     5     2     9     0     3     9.0   60.541   53.496    905.3    886.9
     1     1    20     5     2    10     0     2    10.0   61.238   52.423     94.3    984.1
     2     1    20     5     2    10     0     2    10.0   60.614   53.514    548.1    927.8
     3     1    20     5     2    10     0     2    10.0   60.391   53.962    913.3    885.7
     1     1    20     5     2    11     0     1    11.0   61.142   52.747     93.2    982.0
     2     1    20     5     2    11     0     1    11.0   60.479   53.938    558.6    927.8
     3     1    20     5     2    11     0     1    11.0   60.232   54.398    913.2    886.7
     1     1    20     5     2    12     0     0    12.0   61.046   53.065     93.7    980.3
     2     1    20     5     2    12     0     0    12.0   60.337   54.332    567.8    926.6
     3     1    20     5     2    12     0     0    12.0   60.066   54.817    877.3    890.7
     1     1    20     5     2    13     0     1    13.0   60.940   53.357     95.8    982.0
     2     1    20     5     2    13     0     1    13.0   60.176   54.709    559.7    928.3
     3     1    20     5     2    13     0     1    13.0   59.890   55.221    823.5    902.1
     1     1    20     5     2    14     0     2    14.0   60.815   53.611    100.3    983.1
     2     1    20     5     2    14     0     2    14.0   60.002   55.093    539.2    933.6
     3     1    20     5     2    14     0     2    14.0   59.702   55.622    791.4    905.4
     1     1    20     5     2    15     0     3    15.0   60.674   53.834    106.3    983.1
     2     1    20     5     2    15     0     3    15.0   59.825   55.490    520.7    935.7
     3     1    20     5     2    15     0     3    15.0   59.500   56.024    745.9    906.7
     1     1    20     5     2    16     0     2    16.0   60.521   54.043    111.6    982.2
     2     1    20     5     2    16     0     2    16.0   59.630   55.861    504.0    937.7
     3     1    20     5     2    16     0     2    16.0   59.280   56.395    704.0    917.9
     1     1    20     5     2    17     0     1    17.0   60.359   54.249    115.8    981.9
     2     1    20     5     2    17     0     1    17.0   59.407   56.187    493.2    940.0
     3     1    20     5     2    17     0     1    17.0   59.040   56.719    696.2    916.8
     1     1    20     5     2    18     0     0    18.0   60.179   54.446    122.7    981.8
     2     1    20     5     2    18     0     0    18.0   59.163   56.492    488.0    940.3
     3     1    20     5     2    18     0     0    18.0   58.780   57.009    683.4    914.4
     1     1    20     5     2    19     0     1    19.0   59.985   54.626    132.9    980.8
     2     1    20     5     2    19     0     1    19.0   58.908   56.772    481.2    940.2
     3     1    20     5     2    19     0     1    19.0   58.514   57.275    659.6    912.6
     1     1    20     5     2    20     0     2    20.0   59.789   54.777    141.5    980.4
     2     1    20     5     2    20     0     2    20.0   58.651   57.010    474.4    938.9
     3     1    20     5     2    20     0     2    20.0   58.246   57.516    640.1    911.8
     1     1    20     5     2    21     0     3    21.0   59.593   54.897    144.1    980.7
     2     1    20     5     2    21     0     3    21.0   58.400   57.214    469.0    934.6
     3     1    20     5     2    21     0     3    21.0   57.971   57.735    632.3    911.7
     1     1    20     5     2    22     0     2    22.0   59.405   55.005    142.9    982.7
     2     1    20     5     2    22     0     2    22.0   58.152   57.415    465.1    932.8
     3     1    20     5     2    22     0     2    22.0   57.699   57.961    627.8    909.7
     1     1    20     5     2    23     0     1    23.0   59.229   55.117    140.5    983.7
     2     1    20     5     2    23     0     1    23.0   57.901   57.646    467.3    931.5
     3     1    20     5     2    23     0     1    23.0   57.439   58.203    609.9    909.8
     1     1    20     5     3     0     0     0    24.0   59.064   55.221    136.8    985.1
     2     1    20     5     3     0     0     0    24.0   57.654   57.901    472.5    928.7
     3     1    20     5     3     0     0     0    24.0   57.188   58.436    576.1    912.4
