     5     1
    GDAS    20     9     1     0     0
    GDAS    20     9     8     0     0
    GDAS    20     9    15     0     0
    GDAS    20     9    22     0     0
    GDAS    20     9    29     0     0
     3 FORWARD  OMEGA   
    20     9     8     0   62.085   49.588   100.0
    20     9     8     0   62.085   49.588   500.0
    20     9     8     0   62.085   49.588  1000.0
     1 PRESSURE
     1     1    20     9     8     0     0     0     0.0   62.085   49.588    100.0    992.9
     2     1    20     9     8     0     0     0     0.0   62.085   49.588    500.0    946.9
     3     1    20     9     8     0     0     0     0.0   62.085   49.588   1000.0    892.4
     1     1    20     9     8     1     0     1     1.0   62.146   49.771     99.2    992.5
     2     1    20     9     8     1     0     1     1.0   62.168   50.003    483.9    948.9
     3     1    20     9     8     1     0     1     1.0   62.243   50.117    979.6    893.5
     1     1    20     9     8     2     0     2     2.0   62.205   49.938     99.3    991.8
     2     1    20     9     8     2     0     2     2.0   62.259   50.387    475.7    946.4
     3     1    20     9     8     2     0     2     2.0   62.402   50.611    961.9    891.7
     1     1    20     9     8     3     0     3     3.0   62.262   50.085     99.2    990.8
     2     1    20     9     8     3     0     3     3.0   62.346   50.736    471.3    944.8
     3     1    20     9     8     3     0     3     3.0   62.550   51.080    949.7    892.0
     1     1    20     9     8     4     0     2     4.0   62.317   50.229     98.1    990.1
     2     1    20     9     8     4     0     2     4.0   62.432   51.090    473.3    943.6
     3     1    20     9     8     4     0     2     4.0   62.698   51.575    968.2    892.0
     1     1    20     9     8     5     0     1     5.0   62.370   50.384     95.7    989.7
     2     1    20     9     8     5     0     1     5.0   62.527   51.469    489.4    942.4
     3     1    20     9     8     5     0     1     5.0   62.866   52.133   1028.1    883.4
     1     1    20     9     8     6     0     0     6.0   62.421   50.544     92.7    989.6
     2     1    20     9     8     6     0     0     6.0   62.640   51.872    534.4    938.5
     3     1    20     9     8     6     0     0     6.0   63.056   52.782   1065.2    870.0
     1     1    20     9     8     7     0     1     7.0   62.475   50.705     91.3    989.6
     2     1    20     9     8     7     0     1     7.0   62.766   52.299    589.7    927.9
     3     1    20     9     8     7     0     1     7.0   63.239   53.476   1067.4    875.7
     1     1    20     9     8     8     0     2     8.0   62.533   50.869     94.7    988.9
     2     1    20     9     8     8     0     2     8.0   62.897   52.732    631.5    921.1
     3     1    20     9     8     8     0     2     8.0   63.398   54.125   1077.2    877.3
     1     1    20     9     8     9     0     3     9.0   62.597   51.033    104.6    987.4
     2     1    20     9     8     9     0     3     9.0   63.032   53.145    683.3    915.5
     3     1    20     9     8     9     0     3     9.0   63.539   54.752   1107.1    873.5
     1     1    20     9     8    10     0     2    10.0   62.670   51.187    114.5    984.2
     2     1    20     9     8    10     0     2    10.0   63.166   53.549    731.6    909.6
     3     1    20     9     8    10     0     2    10.0   63.681   55.403   1163.8    867.5
     1     1    20     9     8    11     0     1    11.0   62.752   51.316    116.5    983.4
     2     1    20     9     8    11     0     1    11.0   63.296   53.944    746.0    910.4
     3     1    20     9     8    11     0     1    11.0   63.827   56.079   1228.0    862.0
     1     1    20     9     8    12     0     0    12.0   62.840   51.423    111.0    983.6
     2     1    20     9     8    12     0     0    12.0   63.426   54.321    737.8    911.2
     3     1    20     9     8    12     0     0    12.0   63.976   56.728   1325.0    859.7
     1     1    20     9     8    13     0     1    13.0   62.938   51.509    104.0    984.6
     2     1    20     9     8    13     0     1    13.0   63.565   54.706    728.7    912.4
     3     1    20     9     8    13     0     1    13.0   64.129   57.380   1430.4    840.9
     1     1    20     9     8    14     0     2    14.0   63.051   51.580    100.0    984.1
     2     1    20     9     8    14     0     2    14.0   63.720   55.136    734.0    912.1
     3     1    20     9     8    14     0     2    14.0   64.287   58.079   1524.1    827.0
     1     1    20     9     8    15     0     3    15.0   63.173   51.636    100.3    982.7
     2     1    20     9     8    15     0     3    15.0   63.885   55.610    751.4    910.9
     3     1    20     9     8    15     0     3    15.0   64.447   58.837   1742.8    801.9
     1     1    20     9     8    16     0     2    16.0   63.305   51.655    104.4    980.2
     2     1    20     9     8    16     0     2    16.0   64.048   56.110    783.4    908.5
     3     1    20     9     8    16     0     2    16.0   64.587   59.727   1920.3    739.7
     1     1    20     9     8    17     0     1    17.0   63.456   51.609    110.4    977.8
     2     1    20     9     8    17     0     1    17.0   64.205   56.590    825.2    907.1
     3     1    20     9     8    17     0     1    17.0   64.684   60.617   1913.6    750.6
     1     1    20     9     8    18     0     0    18.0   63.635   51.486    122.1    974.7
     2     1    20     9     8    18     0     0    18.0   64.357   57.026    846.2    906.5
     3     1    20     9     8    18     0     0    18.0   64.790   61.377   2003.2    758.9
     1     1    20     9     8    19     0     1    19.0   63.850   51.337    149.0    968.9
     2     1    20     9     8    19     0     1    19.0   64.509   57.457    847.3    903.4
     3     1    20     9     8    19     0     1    19.0   64.907   62.099   2109.6    767.4
     1     1    20     9     8    20     0     2    20.0   64.109   51.239    188.2    963.6
     2     1    20     9     8    20     0     2    20.0   64.665   57.918    831.0    902.4
     3     1    20     9     8    20     0     2    20.0   65.022   62.852   2157.2    763.8
     1     1    20     9     8    21     0     3    21.0   64.410   51.165    220.9    959.6
     2     1    20     9     8    21     0     3    21.0   64.827   58.389    809.4    896.5
     3     1    20     9     8    21     0     3    21.0   65.153   63.629   2186.1    766.9
     1     1    20     9     8    22     0     2    22.0   64.719   51.058    223.5    960.9
     2     1    20     9     8    22     0     2    22.0   64.996   58.865    782.8    882.5
     3     1    20     9     8    22     0     2    22.0   65.287   64.385   2202.9    772.0
     1     1    20     9     8    23     0     1    23.0   65.015   50.935    180.4    966.7
     2     1    20     9     8    23     0     1    23.0   65.140   59.319    726.6    872.0
     3     1    20     9     8    23     0     1    23.0   65.370   65.188   2174.4    779.7
     1     1    20     9     9     0     0     0    24.0   65.294   50.830    136.4    971.1
     2     1    20     9     9     0     0     0    24.0   65.227   59.744    654.3    865.5
     3     1    20     9     9     0     0     0    24.0   65.445   66.017   2109.5    786.8
