     5     1
    GDAS    20     3     1     0     0
    GDAS    20     3     8     0     0
    GDAS    20     3    15     0     0
    GDAS    20     3    22     0     0
    GDAS    20     3    29     0     0
     3 FORWARD  OMEGA   
    20     3    11     0   62.085   49.588   100.0
    20     3    11     0   62.085   49.588   500.0
    20     3    11     0   62.085   49.588  1000.0
     1 PRESSURE
     1     1    20     3    11     0     0     0     0.0   62.085   49.588    100.0    981.4
     2     1    20     3    11     0     0     0     0.0   62.085   49.588    500.0    934.3
     3     1    20     3    11     0     0     0     0.0   62.085   49.588   1000.0    877.5
     1     1    20     3    11     1     0     1     1.0   62.126   49.953     94.8    981.2
     2     1    20     3    11     1     0     1     1.0   62.107   50.326    522.3    929.2
     3     1    20     3    11     1     0     1     1.0   62.117   50.417   1017.1    872.3
     1     1    20     3    11     2     0     2     2.0   62.185   50.277     85.8    981.3
     2     1    20     3    11     2     0     2     2.0   62.141   51.054    532.3    923.8
     3     1    20     3    11     2     0     2     2.0   62.148   51.240   1002.4    870.4
     1     1    20     3    11     3     0     3     3.0   62.259   50.582     79.0    980.9
     2     1    20     3    11     3     0     3     3.0   62.175   51.776    511.2    926.0
     3     1    20     3    11     3     0     3     3.0   62.180   52.051    953.2    876.4
     1     1    20     3    11     4     0     2     4.0   62.351   50.884     78.1    980.1
     2     1    20     3    11     4     0     2     4.0   62.221   52.492    481.1    930.2
     3     1    20     3    11     4     0     2     4.0   62.221   52.866    922.4    879.9
     1     1    20     3    11     5     0     1     5.0   62.461   51.195     81.8    978.9
     2     1    20     3    11     5     0     1     5.0   62.298   53.212    495.2    925.9
     3     1    20     3    11     5     0     1     5.0   62.276   53.704    931.5    875.5
     1     1    20     3    11     6     0     0     6.0   62.586   51.521     84.8    978.3
     2     1    20     3    11     6     0     0     6.0   62.397   53.933    510.1    922.4
     3     1    20     3    11     6     0     0     6.0   62.337   54.534    947.4    873.5
     1     1    20     3    11     7     0     1     7.0   62.723   51.863     86.9    977.3
     2     1    20     3    11     7     0     1     7.0   62.517   54.640    503.1    923.7
     3     1    20     3    11     7     0     1     7.0   62.410   55.323    924.1    878.7
     1     1    20     3    11     8     0     2     8.0   62.865   52.218     87.7    975.2
     2     1    20     3    11     8     0     2     8.0   62.661   55.348    492.2    925.3
     3     1    20     3    11     8     0     2     8.0   62.513   56.128    900.3    883.2
     1     1    20     3    11     9     0     3     9.0   63.018   52.594     88.3    971.5
     2     1    20     3    11     9     0     3     9.0   62.831   56.089    459.6    932.3
     3     1    20     3    11     9     0     3     9.0   62.652   56.980    884.4    884.6
     1     1    20     3    11    10     0     2    10.0   63.182   52.980     85.2    969.8
     2     1    20     3    11    10     0     2    10.0   63.021   56.826    427.0    937.2
     3     1    20     3    11    10     0     2    10.0   62.811   57.878    893.5    873.5
     1     1    20     3    11    11     0     1    11.0   63.339   53.353     71.1    974.4
     2     1    20     3    11    11     0     1    11.0   63.205   57.555    430.5    930.4
     3     1    20     3    11    11     0     1    11.0   62.945   58.892    924.3    846.1
     1     1    20     3    11    12     0     0    12.0   63.481   53.677     55.4    977.9
     2     1    20     3    11    12     0     0    12.0   63.365   58.384    493.6    910.0
     3     1    20     3    11    12     0     0    12.0   63.015   60.046    803.7    889.7
     1     1    20     3    11    13     0     1    13.0   63.612   53.948     45.2    979.8
     2     1    20     3    11    13     0     1    13.0   63.478   59.364    610.4    887.5
     3     1    20     3    11    13     0     1    13.0   63.066   61.130    576.4    927.9
     1     1    20     3    11    14     0     2    14.0   63.736   54.176     39.6    980.0
     2     1    20     3    11    14     0     2    14.0   63.541   60.351    483.6    919.1
     3     1    20     3    11    14     0     2    14.0   63.131   62.146    492.1    940.3
     1     1    20     3    11    15     0     3    15.0   63.850   54.370     36.2    979.9
     2     1    20     3    11    15     0     3    15.0   63.640   61.133    282.8    962.1
     3     1    20     3    11    15     0     3    15.0   63.193   63.167    511.4    940.8
     1     1    20     3    11    16     0     2    16.0   63.960   54.532     34.2    979.9
     2     1    20     3    11    16     0     2    16.0   63.802   61.818    236.3    968.8
     3     1    20     3    11    16     0     2    16.0   63.252   64.184    486.7    944.9
     1     1    20     3    11    17     0     1    17.0   64.072   54.672     33.7    979.8
     2     1    20     3    11    17     0     1    17.0   63.964   62.612    314.0    950.6
     3     1    20     3    11    17     0     1    17.0   63.308   65.154    491.0    946.6
     1     1    20     3    11    18     0     0    18.0   64.188   54.791     31.7    979.8
     2     1    20     3    11    18     0     0    18.0   64.100   63.501    360.7    947.4
     3     1    20     3    11    18     0     0    18.0   63.347   66.074    535.0    935.6
     1     1    20     3    11    19     0     1    19.0   64.302   54.871     27.7    979.2
     2     1    20     3    11    19     0     1    19.0   64.208   64.360    419.1    946.1
     3     1    20     3    11    19     0     1    19.0   63.372   66.934    595.8    925.2
     1     1    20     3    11    20     0     2    20.0   64.408   54.902     22.2    979.1
     2     1    20     3    11    20     0     2    20.0   64.292   65.099    444.3    950.5
     3     1    20     3    11    20     0     2    20.0   63.385   67.732    630.5    920.2
     1     1    20     3    11    21     0     3    21.0   64.507   54.889     16.2    979.5
     2     1    20     3    11    21     0     3    21.0   64.370   65.721    484.9    945.7
     3     1    20     3    11    21     0     3    21.0   63.402   68.482    626.8    921.7
     1     1    20     3    11    22     0     2    22.0   64.599   54.839     11.7    980.1
     2     1    20     3    11    22     0     2    22.0   64.461   66.222    539.3    937.4
     3     1    20     3    11    22     0     2    22.0   63.446   69.191    633.1    920.9
     1     1    20     3    11    23     0     1    23.0   64.689   54.755      9.4    980.3
     2     1    20     3    11    23     0     1    23.0   64.580   66.628    576.7    930.9
     3     1    20     3    11    23     0     1    23.0   63.519   69.857    648.6    919.6
     1     1    20     3    12     0     0     0    24.0   64.779   54.638      8.7    980.7
     2     1    20     3    12     0     0     0    24.0   64.732   66.949    602.5    928.7
     3     1    20     3    12     0     0     0    24.0   63.612   70.472    647.0    916.9
