     5     1
    GDAS    20     6    15     0     0
    GDAS    20     6    22     0     0
    GDAS    20     6    29     0     0
    GDAS    20     7     1     0     0
    GDAS    20     7     8     0     0
     3 FORWARD  OMEGA   
    20     6    25     0   62.085   49.588   100.0
    20     6    25     0   62.085   49.588   500.0
    20     6    25     0   62.085   49.588  1000.0
     1 PRESSURE
     1     1    20     6    25     0     0     0     0.0   62.085   49.588    100.0    994.9
     2     1    20     6    25     0     0     0     0.0   62.085   49.588    500.0    946.9
     3     1    20     6    25     0     0     0     0.0   62.085   49.588   1000.0    890.3
     1     1    20     6    25     1     0     1     1.0   61.953   49.753    101.4    995.5
     2     1    20     6    25     1     0     1     1.0   61.787   49.614    484.2    948.9
     3     1    20     6    25     1     0     1     1.0   61.753   49.572    979.8    892.2
     1     1    20     6    25     2     0     2     2.0   61.815   49.921    107.8    993.3
     2     1    20     6    25     2     0     2     2.0   61.504   49.670    477.5    947.0
     3     1    20     6    25     2     0     2     2.0   61.433   49.565    957.2    891.6
     1     1    20     6    25     3     0     3     3.0   61.670   50.095    117.1    990.5
     2     1    20     6    25     3     0     3     3.0   61.236   49.749    472.4    945.2
     3     1    20     6    25     3     0     3     3.0   61.104   49.544    914.1    893.3
     1     1    20     6    25     4     0     2     4.0   61.524   50.259    123.9    987.3
     2     1    20     6    25     4     0     2     4.0   60.988   49.835    473.1    944.2
     3     1    20     6    25     4     0     2     4.0   60.789   49.539    875.4    899.3
     1     1    20     6    25     5     0     1     5.0   61.380   50.392    122.4    986.0
     2     1    20     6    25     5     0     1     5.0   60.762   49.922    486.9    941.0
     3     1    20     6    25     5     0     1     5.0   60.513   49.580    858.3    898.5
     1     1    20     6    25     6     0     0     6.0   61.243   50.497    109.9    986.5
     2     1    20     6    25     6     0     0     6.0   60.547   50.021    504.2    936.2
     3     1    20     6    25     6     0     0     6.0   60.260   49.650    833.0    898.0
     1     1    20     6    25     7     0     1     7.0   61.112   50.585     94.3    988.9
     2     1    20     6    25     7     0     1     7.0   60.331   50.124    517.0    933.4
     3     1    20     6    25     7     0     1     7.0   60.016   49.726    801.1    901.8
     1     1    20     6    25     8     0     2     8.0   60.982   50.673     83.4    990.0
     2     1    20     6    25     8     0     2     8.0   60.107   50.219    543.4    930.4
     3     1    20     6    25     8     0     2     8.0   59.776   49.804    797.7    904.9
     1     1    20     6    25     9     0     3     9.0   60.846   50.759     78.7    989.6
     2     1    20     6    25     9     0     3     9.0   59.877   50.302    596.3    924.4
     3     1    20     6    25     9     0     3     9.0   59.536   49.886    834.9    901.2
     1     1    20     6    25    10     0     2    10.0   60.704   50.851     76.5    988.2
     2     1    20     6    25    10     0     2    10.0   59.641   50.387    622.9    917.6
     3     1    20     6    25    10     0     2    10.0   59.291   49.970    861.4    894.9
     1     1    20     6    25    11     0     1    11.0   60.566   50.952     73.1    987.8
     2     1    20     6    25    11     0     1    11.0   59.402   50.473    587.9    925.2
     3     1    20     6    25    11     0     1    11.0   59.043   50.051    838.4    900.0
     1     1    20     6    25    12     0     0    12.0   60.432   51.055     70.0    987.3
     2     1    20     6    25    12     0     0    12.0   59.168   50.541    521.3    935.6
     3     1    20     6    25    12     0     0    12.0   58.797   50.126    775.3    906.2
     1     1    20     6    25    13     0     1    13.0   60.291   51.147     70.5    986.3
     2     1    20     6    25    13     0     1    13.0   58.936   50.591    461.9    946.0
     3     1    20     6    25    13     0     1    13.0   58.546   50.209    695.1    916.1
     1     1    20     6    25    14     0     2    14.0   60.136   51.225     76.4    984.6
     2     1    20     6    25    14     0     2    14.0   58.703   50.636    418.0    949.0
     3     1    20     6    25    14     0     2    14.0   58.288   50.290    606.1    924.0
     1     1    20     6    25    15     0     3    15.0   59.966   51.302     87.0    982.2
     2     1    20     6    25    15     0     3    15.0   58.469   50.665    368.8    953.1
     3     1    20     6    25    15     0     3    15.0   58.029   50.343    490.9    934.3
     1     1    20     6    25    16     0     2    16.0   59.791   51.371     96.3    980.1
     2     1    20     6    25    16     0     2    16.0   58.232   50.679    318.8    959.4
     3     1    20     6    25    16     0     2    16.0   57.777   50.374    401.5    953.3
     1     1    20     6    25    17     0     1    17.0   59.623   51.421     99.9    980.2
     2     1    20     6    25    17     0     1    17.0   57.990   50.699    285.1    963.8
     3     1    20     6    25    17     0     1    17.0   57.532   50.393    365.8    957.1
     1     1    20     6    25    18     0     0    18.0   59.463   51.456    100.3    980.8
     2     1    20     6    25    18     0     0    18.0   57.750   50.729    274.7    967.2
     3     1    20     6    25    18     0     0    18.0   57.296   50.392    353.7    958.7
     1     1    20     6    25    19     0     1    19.0   59.304   51.498     99.5    981.1
     2     1    20     6    25    19     0     1    19.0   57.520   50.765    275.3    967.4
     3     1    20     6    25    19     0     1    19.0   57.072   50.390    351.8    960.5
     1     1    20     6    25    20     0     2    20.0   59.146   51.571     98.2    980.9
     2     1    20     6    25    20     0     2    20.0   57.302   50.819    278.7    969.5
     3     1    20     6    25    20     0     2    20.0   56.852   50.416    361.8    959.6
     1     1    20     6    25    21     0     3    21.0   58.995   51.673     96.0    980.5
     2     1    20     6    25    21     0     3    21.0   57.092   50.912    298.0    970.0
     3     1    20     6    25    21     0     3    21.0   56.639   50.463    381.2    956.6
     1     1    20     6    25    22     0     2    22.0   58.845   51.805     95.0    980.4
     2     1    20     6    25    22     0     2    22.0   56.884   51.030    330.2    965.6
     3     1    20     6    25    22     0     2    22.0   56.434   50.524    397.7    953.1
     1     1    20     6    25    23     0     1    23.0   58.685   51.963     96.1    979.3
     2     1    20     6    25    23     0     1    23.0   56.675   51.151    356.5    960.1
     3     1    20     6    25    23     0     1    23.0   56.232   50.604    400.9    952.2
     1     1    20     6    26     0     0     0    24.0   58.519   52.140     97.5    979.2
     2     1    20     6    26     0     0     0    24.0   56.463   51.291    369.3    957.2
     3     1    20     6    26     0     0     0    24.0   56.028   50.722    389.7    953.0
