     5     1
    GDAS    20     2    29     0     0
    GDAS    20     3     1     0     0
    GDAS    20     3     8     0     0
    GDAS    20     3    15     0     0
    GDAS    20     3    22     0     0
     3 FORWARD  OMEGA   
    20     3     1     0   62.085   49.588   100.0
    20     3     1     0   62.085   49.588   500.0
    20     3     1     0   62.085   49.588  1000.0
     1 PRESSURE
     1     1    20     3     1     0     0     0     0.0   62.085   49.588    100.0    970.1
     2     1    20     3     1     0     0     0     0.0   62.085   49.588    500.0    921.2
     3     1    20     3     1     0     0     0     0.0   62.085   49.588   1000.0    863.4
     1     1    20     3     1     1     0     1     1.0   62.271   49.914     86.3    970.4
     2     1    20     3     1     1     0     1     1.0   62.367   50.377    472.8    921.1
     3     1    20     3     1     1     0     1     1.0   62.349   50.548    981.4    861.8
     1     1    20     3     1     2     0     2     2.0   62.454   50.223     75.8    969.8
     2     1    20     3     1     2     0     2     2.0   62.659   51.139    478.8    917.2
     3     1    20     3     1     2     0     2     2.0   62.616   51.517   1003.0    856.6
     1     1    20     3     1     3     0     3     3.0   62.636   50.527     72.8    968.5
     2     1    20     3     1     3     0     3     3.0   62.967   51.884    506.4    913.2
     3     1    20     3     1     3     0     3     3.0   62.916   52.524   1034.2    848.7
     1     1    20     3     1     4     0     2     4.0   62.818   50.846     77.1    967.4
     2     1    20     3     1     4     0     2     4.0   63.295   52.637    526.3    905.4
     3     1    20     3     1     4     0     2     4.0   63.260   53.584   1010.7    852.2
     1     1    20     3     1     5     0     1     5.0   63.004   51.198     86.2    965.5
     2     1    20     3     1     5     0     1     5.0   63.637   53.415    486.9    913.1
     3     1    20     3     1     5     0     1     5.0   63.581   54.604    954.1    860.6
     1     1    20     3     1     6     0     0     6.0   63.198   51.583     95.1    961.8
     2     1    20     3     1     6     0     0     6.0   63.971   54.139    457.1    919.5
     3     1    20     3     1     6     0     0     6.0   63.897   55.567    914.9    867.2
     1     1    20     3     1     7     0     1     7.0   63.408   52.004    112.7    957.6
     2     1    20     3     1     7     0     1     7.0   64.305   54.825    447.7    919.2
     3     1    20     3     1     7     0     1     7.0   64.224   56.483    919.0    870.3
     1     1    20     3     1     8     0     2     8.0   63.635   52.473    130.2    953.6
     2     1    20     3     1     8     0     2     8.0   64.640   55.489    412.8    926.1
     3     1    20     3     1     8     0     2     8.0   64.576   57.353    918.6    872.0
     1     1    20     3     1     9     0     3     9.0   63.858   52.944    108.3    957.2
     2     1    20     3     1     9     0     3     9.0   64.977   56.111    375.9    935.7
     3     1    20     3     1     9     0     3     9.0   64.964   58.146    973.1    861.9
     1     1    20     3     1    10     0     2    10.0   64.044   53.345     74.7    965.3
     2     1    20     3     1    10     0     2    10.0   65.308   56.698    334.0    940.1
     3     1    20     3     1    10     0     2    10.0   65.387   59.010   1017.0    835.9
     1     1    20     3     1    11     0     1    11.0   64.209   53.716     66.0    969.0
     2     1    20     3     1    11     0     1    11.0   65.634   57.275    301.3    944.5
     3     1    20     3     1    11     0     1    11.0   65.799   60.057    985.3    843.8
     1     1    20     3     1    12     0     0    12.0   64.367   54.110     76.8    969.4
     2     1    20     3     1    12     0     0    12.0   65.972   57.886    307.2    942.9
     3     1    20     3     1    12     0     0    12.0   66.179   61.128    959.6    862.6
     1     1    20     3     1    13     0     1    13.0   64.537   54.544     88.1    966.1
     2     1    20     3     1    13     0     1    13.0   66.315   58.580    320.1    937.7
     3     1    20     3     1    13     0     1    13.0   66.518   62.178    960.9    857.3
     1     1    20     3     1    14     0     2    14.0   64.706   54.988     83.8    965.3
     2     1    20     3     1    14     0     2    14.0   66.648   59.361    328.6    938.0
     3     1    20     3     1    14     0     2    14.0   66.846   63.338    938.8    861.2
     1     1    20     3     1    15     0     3    15.0   64.860   55.403     70.2    970.3
     2     1    20     3     1    15     0     3    15.0   66.999   60.250    339.8    938.4
     3     1    20     3     1    15     0     3    15.0   67.164   64.575    991.1    847.4
     1     1    20     3     1    16     0     2    16.0   65.001   55.806     56.4    974.6
     2     1    20     3     1    16     0     2    16.0   67.343   61.208    347.4    934.6
     3     1    20     3     1    16     0     2    16.0   67.466   65.828   1050.9    818.4
     1     1    20     3     1    17     0     1    17.0   65.137   56.211     44.4    976.8
     2     1    20     3     1    17     0     1    17.0   67.684   62.170    340.8    932.2
     3     1    20     3     1    17     0     1    17.0   67.779   67.177    927.7    854.8
     1     1    20     3     1    18     0     0    18.0   65.275   56.597     31.6    978.5
     2     1    20     3     1    18     0     0    18.0   68.040   63.130    385.4    932.0
     3     1    20     3     1    18     0     0    18.0   68.043   68.400    826.9    895.5
     1     1    20     3     1    19     0     1    19.0   65.411   56.956     21.3    981.3
     2     1    20     3     1    19     0     1    19.0   68.403   64.211    416.4    916.9
     3     1    20     3     1    19     0     1    19.0   68.289   69.467    833.3    891.9
     1     1    20     3     1    20     0     2    20.0   65.537   57.307     17.7    982.6
     2     1    20     3     1    20     0     2    20.0   68.789   65.288    365.2    930.3
     3     1    20     3     1    20     0     2    20.0   68.546   70.472    831.4    892.7
     1     1    20     3     1    21     0     3    21.0   65.664   57.684     22.9    981.8
     2     1    20     3     1    21     0     3    21.0   69.179   66.217    243.1    960.5
     3     1    20     3     1    21     0     3    21.0   68.830   71.452    804.7    895.7
     1     1    20     3     1    22     0     2    22.0   65.804   58.143     43.1    976.7
     2     1    20     3     1    22     0     2    22.0   69.565   66.940    185.1    966.5
     3     1    20     3     1    22     0     2    22.0   69.133   72.380    774.8    899.4
     1     1    20     3     1    23     0     1    23.0   65.948   58.702     67.8    969.9
     2     1    20     3     1    23     0     1    23.0   69.967   67.579    164.2    967.5
     3     1    20     3     1    23     0     1    23.0   69.467   73.262    764.1    900.5
     1     1    20     3     2     0     0     0    24.0   66.085   59.286     66.9    971.9
     2     1    20     3     2     0     0     0    24.0   70.365   68.150    156.0    967.7
     3     1    20     3     2     0     0     0    24.0   69.835   74.172    771.5    899.2
