     5     1
    GDAS    20     1     1     0     0
    GDAS    20     1     8     0     0
    GDAS    20     1    15     0     0
    GDAS    20     1    22     0     0
    GDAS    20     1    29     0     0
     3 FORWARD  OMEGA   
    20     1    10     0   62.085   49.588   100.0
    20     1    10     0   62.085   49.588   500.0
    20     1    10     0   62.085   49.588  1000.0
     1 PRESSURE
     1     1    20     1    10     0     0     0     0.0   62.085   49.588    100.0    973.4
     2     1    20     1    10     0     0     0     0.0   62.085   49.588    500.0    926.2
     3     1    20     1    10     0     0     0     0.0   62.085   49.588   1000.0    869.2
     1     1    20     1    10     1     0     1     1.0   62.233   49.985     85.3    974.5
     2     1    20     1    10     1     0     1     1.0   62.255   50.373    470.2    927.0
     3     1    20     1    10     1     0     1     1.0   62.149   50.499    974.0    869.7
     1     1    20     1    10     2     0     2     2.0   62.379   50.369     76.7    973.1
     2     1    20     1    10     2     0     2     2.0   62.449   51.163    472.7    922.3
     3     1    20     1    10     2     0     2     2.0   62.276   51.415    959.1    867.2
     1     1    20     1    10     3     0     3     3.0   62.544   50.780     79.3    970.2
     2     1    20     1    10     3     0     3     3.0   62.668   51.957    474.2    921.1
     3     1    20     1    10     3     0     3     3.0   62.393   52.326    947.3    868.3
     1     1    20     1    10     4     0     2     4.0   62.734   51.224     91.0    967.0
     2     1    20     1    10     4     0     2     4.0   62.900   52.756    457.5    917.5
     3     1    20     1    10     4     0     2     4.0   62.545   53.271    943.8    864.6
     1     1    20     1    10     5     0     1     5.0   62.919   51.661     96.0    966.0
     2     1    20     1    10     5     0     1     5.0   63.137   53.589    414.2    925.6
     3     1    20     1    10     5     0     1     5.0   62.715   54.265    921.4    868.7
     1     1    20     1    10     6     0     0     6.0   63.090   52.087     93.7    965.3
     2     1    20     1    10     6     0     0     6.0   63.399   54.428    374.5    930.8
     3     1    20     1    10     6     0     0     6.0   62.871   55.250    889.6    871.0
     1     1    20     1    10     7     0     1     7.0   63.256   52.539     91.2    962.8
     2     1    20     1    10     7     0     1     7.0   63.671   55.223    338.0    934.8
     3     1    20     1    10     7     0     1     7.0   63.038   56.216    960.3    867.7
     1     1    20     1    10     8     0     2     8.0   63.419   53.003     77.8    963.6
     2     1    20     1    10     8     0     2     8.0   63.935   55.974    306.6    939.1
     3     1    20     1    10     8     0     2     8.0   63.210   57.177   1028.0    857.6
     1     1    20     1    10     9     0     3     9.0   63.577   53.422     59.6    967.9
     2     1    20     1    10     9     0     3     9.0   64.202   56.663    315.8    945.4
     3     1    20     1    10     9     0     3     9.0   63.375   58.087   1045.2    842.5
     1     1    20     1    10    10     0     2    10.0   63.737   53.816     51.9    970.1
     2     1    20     1    10    10     0     2    10.0   64.521   57.327    392.5    933.1
     3     1    20     1    10    10     0     2    10.0   63.522   59.072    937.5    840.5
     1     1    20     1    10    11     0     1    11.0   63.908   54.226     59.9    969.2
     2     1    20     1    10    11     0     1    11.0   64.889   58.012    448.1    928.1
     3     1    20     1    10    11     0     1    11.0   63.635   60.280    716.2    881.1
     1     1    20     1    10    12     0     0    12.0   64.087   54.654     67.0    968.5
     2     1    20     1    10    12     0     0    12.0   65.287   58.752    475.4    901.5
     3     1    20     1    10    12     0     0    12.0   63.719   61.423    613.8    914.5
     1     1    20     1    10    13     0     1    13.0   64.260   55.080     62.7    968.4
     2     1    20     1    10    13     0     1    13.0   65.679   59.681    408.6    904.7
     3     1    20     1    10    13     0     1    13.0   63.812   62.384    576.4    915.5
     1     1    20     1    10    14     0     2    14.0   64.419   55.503     51.0    970.7
     2     1    20     1    10    14     0     2    14.0   66.038   60.841    368.8    928.8
     3     1    20     1    10    14     0     2    14.0   63.920   63.340    532.4    919.7
     1     1    20     1    10    15     0     3    15.0   64.568   55.907     37.3    974.5
     2     1    20     1    10    15     0     3    15.0   66.354   62.000    320.1    931.1
     3     1    20     1    10    15     0     3    15.0   64.019   64.336    556.9    921.9
     1     1    20     1    10    16     0     2    16.0   64.713   56.286     25.1    977.9
     2     1    20     1    10    16     0     2    16.0   66.631   63.043    302.0    922.4
     3     1    20     1    10    16     0     2    16.0   64.146   65.324    551.5    931.2
     1     1    20     1    10    17     0     1    17.0   64.858   56.644     15.0    980.2
     2     1    20     1    10    17     0     1    17.0   66.939   64.019    319.6    932.3
     3     1    20     1    10    17     0     1    17.0   64.316   66.295    595.7    923.0
     1     1    20     1    10    18     0     0    18.0   64.996   56.987      7.4    981.4
     2     1    20     1    10    18     0     0    18.0   67.225   64.906    403.1    908.0
     3     1    20     1    10    18     0     0    18.0   64.492   67.281    634.0    913.8
     1     1    20     1    10    19     0     1    19.0   65.135   57.320      3.0    980.1
     2     1    20     1    10    19     0     1    19.0   67.431   65.810    456.5    880.3
     3     1    20     1    10    19     0     1    19.0   64.680   68.297    653.3    907.5
     1     1    20     1    10    20     0     2    20.0   65.277   57.643      4.7    979.2
     2     1    20     1    10    20     0     2    20.0   67.607   66.657    313.6    912.1
     3     1    20     1    10    20     0     2    20.0   64.880   69.334    657.6    906.8
     1     1    20     1    10    21     0     3    21.0   65.425   57.974     13.6    978.2
     2     1    20     1    10    21     0     3    21.0   67.808   67.400    144.2    953.1
     3     1    20     1    10    21     0     3    21.0   65.081   70.352    654.4    907.5
     1     1    20     1    10    22     0     2    22.0   65.590   58.361     36.7    968.3
     2     1    20     1    10    22     0     2    22.0   68.034   67.728     64.5    969.4
     3     1    20     1    10    22     0     2    22.0   65.278   71.346    661.8    912.0
     1     1    20     1    10    23     0     1    23.0   65.761   58.819     54.9    961.2
     2     1    20     1    10    23     0     1    23.0   68.273   67.919     34.5    978.1
     3     1    20     1    10    23     0     1    23.0   65.489   72.355    688.7    913.6
     1     1    20     1    11     0     0     0    24.0   65.929   59.327     51.7    965.1
     2     1    20     1    11     0     0     0    24.0   68.522   68.107     24.0    981.6
     3     1    20     1    11     0     0     0    24.0   65.715   73.390    737.5    904.3
