     5     1
    GDAS    20     1     8     0     0
    GDAS    20     1    15     0     0
    GDAS    20     1    22     0     0
    GDAS    20     1    29     0     0
    GDAS    20     2     1     0     0
     3 FORWARD  OMEGA   
    20     1    15     0   62.085   49.588   100.0
    20     1    15     0   62.085   49.588   500.0
    20     1    15     0   62.085   49.588  1000.0
     1 PRESSURE
     1     1    20     1    15     0     0     0     0.0   62.085   49.588    100.0    983.1
     2     1    20     1    15     0     0     0     0.0   62.085   49.588    500.0    935.9
     3     1    20     1    15     0     0     0     0.0   62.085   49.588   1000.0    878.3
     1     1    20     1    15     1     0     1     1.0   62.152   49.972     94.8    983.3
     2     1    20     1    15     1     0     1     1.0   62.075   50.195    505.2    934.2
     3     1    20     1    15     1     0     1     1.0   62.039   50.214   1022.4    873.3
     1     1    20     1    15     2     0     2     2.0   62.241   50.320     92.6    981.5
     2     1    20     1    15     2     0     2     2.0   62.100   50.802    504.6    928.6
     3     1    20     1    15     2     0     2     2.0   62.027   50.899   1007.5    869.2
     1     1    20     1    15     3     0     3     3.0   62.357   50.642     93.0    979.8
     2     1    20     1    15     3     0     3     3.0   62.166   51.446    495.5    929.0
     3     1    20     1    15     3     0     3     3.0   62.046   51.617    986.6    875.1
     1     1    20     1    15     4     0     2     4.0   62.505   50.966     99.9    977.4
     2     1    20     1    15     4     0     2     4.0   62.279   52.132    492.8    929.6
     3     1    20     1    15     4     0     2     4.0   62.090   52.391    984.5    873.4
     1     1    20     1    15     5     0     1     5.0   62.686   51.335    112.1    973.9
     2     1    20     1    15     5     0     1     5.0   62.439   52.858    498.8    924.7
     3     1    20     1    15     5     0     1     5.0   62.152   53.231    976.7    871.3
     1     1    20     1    15     6     0     0     6.0   62.895   51.729    122.2    971.5
     2     1    20     1    15     6     0     0     6.0   62.652   53.619    484.0    924.7
     3     1    20     1    15     6     0     0     6.0   62.240   54.097    963.1    870.5
     1     1    20     1    15     7     0     1     7.0   63.121   52.132    129.4    967.5
     2     1    20     1    15     7     0     1     7.0   62.907   54.349    444.7    929.8
     3     1    20     1    15     7     0     1     7.0   62.350   54.954    982.5    870.4
     1     1    20     1    15     8     0     2     8.0   63.368   52.558    132.1    963.1
     2     1    20     1    15     8     0     2     8.0   63.188   55.015    417.4    929.3
     3     1    20     1    15     8     0     2     8.0   62.487   55.827   1015.0    867.2
     1     1    20     1    15     9     0     3     9.0   63.623   52.988    108.0    965.5
     2     1    20     1    15     9     0     3     9.0   63.507   55.624    423.9    932.6
     3     1    20     1    15     9     0     3     9.0   62.663   56.732   1044.9    864.5
     1     1    20     1    15    10     0     2    10.0   63.854   53.369     66.8    973.1
     2     1    20     1    15    10     0     2    10.0   63.852   56.210    465.1    928.3
     3     1    20     1    15    10     0     2    10.0   62.848   57.652   1075.2    850.5
     1     1    20     1    15    11     0     1    11.0   64.069   53.719     50.5    975.1
     2     1    20     1    15    11     0     1    11.0   64.201   56.837    500.4    927.8
     3     1    20     1    15    11     0     1    11.0   63.034   58.669    970.7    839.1
     1     1    20     1    15    12     0     0    12.0   64.303   54.088     63.5    973.7
     2     1    20     1    15    12     0     0    12.0   64.569   57.487    529.6    921.9
     3     1    20     1    15    12     0     0    12.0   63.205   59.845    841.9    878.2
     1     1    20     1    15    13     0     1    13.0   64.559   54.491     76.9    970.4
     2     1    20     1    15    13     0     1    13.0   65.020   58.078    585.1    913.4
     3     1    20     1    15    13     0     1    13.0   63.297   60.942    852.7    890.0
     1     1    20     1    15    14     0     2    14.0   64.802   54.910     71.7    968.6
     2     1    20     1    15    14     0     2    14.0   65.503   58.710    586.5    896.8
     3     1    20     1    15    14     0     2    14.0   63.384   61.832    857.4    888.3
     1     1    20     1    15    15     0     3    15.0   65.020   55.321     60.5    970.7
     2     1    20     1    15    15     0     3    15.0   65.986   59.497    504.1    919.7
     3     1    20     1    15    15     0     3    15.0   63.526   62.671    848.2    891.2
     1     1    20     1    15    16     0     2    16.0   65.236   55.693     55.0    972.4
     2     1    20     1    15    16     0     2    16.0   66.459   60.382    532.2    916.1
     3     1    20     1    15    16     0     2    16.0   63.695   63.516    868.3    887.3
     1     1    20     1    15    17     0     1    17.0   65.445   56.049     48.8    973.2
     2     1    20     1    15    17     0     1    17.0   66.903   61.266    630.0    904.6
     3     1    20     1    15    17     0     1    17.0   63.895   64.407    913.1    884.8
     1     1    20     1    15    18     0     0    18.0   65.642   56.459     40.5    973.3
     2     1    20     1    15    18     0     0    18.0   67.340   62.248    712.3    889.2
     3     1    20     1    15    18     0     0    18.0   64.142   65.391    934.7    887.9
     1     1    20     1    15    19     0     1    19.0   65.849   56.953     36.8    973.3
     2     1    20     1    15    19     0     1    19.0   67.759   63.223    792.0    879.6
     3     1    20     1    15    19     0     1    19.0   64.426   66.315    981.0    878.8
     1     1    20     1    15    20     0     2    20.0   66.092   57.481     48.5    970.6
     2     1    20     1    15    20     0     2    20.0   68.123   64.273    881.8    858.5
     3     1    20     1    15    20     0     2    20.0   64.728   67.192   1021.2    870.5
     1     1    20     1    15    21     0     3    21.0   66.361   58.022     74.1    966.4
     2     1    20     1    15    21     0     3    21.0   68.450   65.311    898.5    857.9
     3     1    20     1    15    21     0     3    21.0   65.061   68.093   1061.0    859.7
     1     1    20     1    15    22     0     2    22.0   66.621   58.633     89.7    960.9
     2     1    20     1    15    22     0     2    22.0   68.770   66.252    917.4    866.2
     3     1    20     1    15    22     0     2    22.0   65.397   68.980   1085.8    858.7
     1     1    20     1    15    23     0     1    23.0   66.870   59.337     93.8    960.0
     2     1    20     1    15    23     0     1    23.0   69.056   67.088    985.8    868.2
     3     1    20     1    15    23     0     1    23.0   65.731   69.873   1105.0    859.7
     1     1    20     1    16     0     0     0    24.0   67.143   60.120    115.6    956.0
     2     1    20     1    16     0     0     0    24.0   69.308   67.740   1061.8    857.3
     3     1    20     1    16     0     0     0    24.0   66.112   70.807   1134.2    857.0
