     5     1
    GDAS    20     9     1     0     0
    GDAS    20     9     8     0     0
    GDAS    20     9    15     0     0
    GDAS    20     9    22     0     0
    GDAS    20     9    29     0     0
     3 FORWARD  OMEGA   
    20     9    14     0   62.085   49.588   100.0
    20     9    14     0   62.085   49.588   500.0
    20     9    14     0   62.085   49.588  1000.0
     1 PRESSURE
     1     1    20     9    14     0     0     0     0.0   62.085   49.588    100.0    972.5
     2     1    20     9    14     0     0     0     0.0   62.085   49.588    500.0    926.6
     3     1    20     9    14     0     0     0     0.0   62.085   49.588   1000.0    871.6
     1     1    20     9    14     1     0     1     1.0   62.291   49.934     77.2    973.4
     2     1    20     9    14     1     0     1     1.0   62.385   50.297    470.4    925.7
     3     1    20     9    14     1     0     1     1.0   62.374   50.411    918.5    878.8
     1     1    20     9    14     2     0     2     2.0   62.484   50.218     60.4    972.4
     2     1    20     9    14     2     0     2     2.0   62.694   50.965    473.5    922.6
     3     1    20     9    14     2     0     2     2.0   62.675   51.185    948.3    870.1
     1     1    20     9    14     3     0     3     3.0   62.668   50.474     55.5    971.0
     2     1    20     9    14     3     0     3     3.0   63.012   51.606    486.4    918.4
     3     1    20     9    14     3     0     3     3.0   62.992   51.927    968.9    866.2
     1     1    20     9    14     4     0     2     4.0   62.850   50.698     56.5    970.0
     2     1    20     9    14     4     0     2     4.0   63.334   52.185    470.3    918.0
     3     1    20     9    14     4     0     2     4.0   63.308   52.624    943.7    864.1
     1     1    20     9    14     5     0     1     5.0   63.036   50.892     59.9    969.6
     2     1    20     9    14     5     0     1     5.0   63.648   52.690    440.6    918.9
     3     1    20     9    14     5     0     1     5.0   63.617   53.254    895.8    871.4
     1     1    20     9    14     6     0     0     6.0   63.229   51.060     66.1    967.5
     2     1    20     9    14     6     0     0     6.0   63.949   53.129    393.8    928.7
     3     1    20     9    14     6     0     0     6.0   63.915   53.826    861.1    880.6
     1     1    20     9    14     7     0     1     7.0   63.420   51.206     75.2    964.5
     2     1    20     9    14     7     0     1     7.0   64.240   53.503    353.9    936.9
     3     1    20     9    14     7     0     1     7.0   64.204   54.344    843.7    879.8
     1     1    20     9    14     8     0     2     8.0   63.599   51.334     89.9    960.8
     2     1    20     9    14     8     0     2     8.0   64.527   53.814    329.7    940.5
     3     1    20     9    14     8     0     2     8.0   64.493   54.798    801.4    882.8
     1     1    20     9    14     9     0     3     9.0   63.776   51.461    118.0    955.5
     2     1    20     9    14     9     0     3     9.0   64.811   54.063    305.3    943.8
     3     1    20     9    14     9     0     3     9.0   64.776   55.177    758.0    891.6
     1     1    20     9    14    10     0     2    10.0   63.956   51.611    164.2    948.3
     2     1    20     9    14    10     0     2    10.0   65.082   54.279    275.6    947.1
     3     1    20     9    14    10     0     2    10.0   65.053   55.530    736.9    895.6
     1     1    20     9    14    11     0     1    11.0   64.139   51.800    223.5    942.6
     2     1    20     9    14    11     0     1    11.0   65.340   54.483    246.3    950.6
     3     1    20     9    14    11     0     1    11.0   65.334   55.895    729.8    899.3
     1     1    20     9    14    12     0     0    12.0   64.311   52.021    289.4    937.5
     2     1    20     9    14    12     0     0    12.0   65.602   54.674    222.6    954.0
     3     1    20     9    14    12     0     0    12.0   65.630   56.258    718.3    898.7
     1     1    20     9    14    13     0     1    13.0   64.477   52.270    339.4    933.3
     2     1    20     9    14    13     0     1    13.0   65.869   54.854    210.3    957.3
     3     1    20     9    14    13     0     1    13.0   65.927   56.635    689.5    902.9
     1     1    20     9    14    14     0     2    14.0   64.645   52.547    348.7    935.2
     2     1    20     9    14    14     0     2    14.0   66.131   55.029    208.0    957.7
     3     1    20     9    14    14     0     2    14.0   66.208   57.017    684.4    907.2
     1     1    20     9    14    15     0     3    15.0   64.811   52.852    320.0    940.7
     2     1    20     9    14    15     0     3    15.0   66.389   55.215    205.5    957.2
     3     1    20     9    14    15     0     3    15.0   66.480   57.413    715.9    901.5
     1     1    20     9    14    16     0     2    16.0   64.971   53.160    285.4    949.1
     2     1    20     9    14    16     0     2    16.0   66.641   55.423    199.6    958.3
     3     1    20     9    14    16     0     2    16.0   66.750   57.808    746.4    895.6
     1     1    20     9    14    17     0     1    17.0   65.114   53.481    274.7    951.0
     2     1    20     9    14    17     0     1    17.0   66.882   55.645    195.3    959.0
     3     1    20     9    14    17     0     1    17.0   67.029   58.145    743.1    894.9
     1     1    20     9    14    18     0     0    18.0   65.235   53.816    287.1    949.0
     2     1    20     9    14    18     0     0    18.0   67.106   55.872    194.0    959.3
     3     1    20     9    14    18     0     0    18.0   67.300   58.426    721.6    899.6
     1     1    20     9    14    19     0     1    19.0   65.346   54.143    303.5    944.8
     2     1    20     9    14    19     0     1    19.0   67.317   56.083    194.7    959.0
     3     1    20     9    14    19     0     1    19.0   67.553   58.690    721.3    899.0
     1     1    20     9    14    20     0     2    20.0   65.468   54.444    307.1    943.0
     2     1    20     9    14    20     0     2    20.0   67.526   56.263    192.6    958.5
     3     1    20     9    14    20     0     2    20.0   67.816   58.942    747.2    892.5
     1     1    20     9    14    21     0     3    21.0   65.598   54.716    298.3    943.9
     2     1    20     9    14    21     0     3    21.0   67.727   56.397    179.6    959.5
     3     1    20     9    14    21     0     3    21.0   68.092   59.136    789.5    887.9
     1     1    20     9    14    22     0     2    22.0   65.743   54.974    279.7    946.4
     2     1    20     9    14    22     0     2    22.0   67.924   56.483    154.0    962.3
     3     1    20     9    14    22     0     2    22.0   68.360   59.272    825.6    886.9
     1     1    20     9    14    23     0     1    23.0   65.905   55.220    256.8    951.5
     2     1    20     9    14    23     0     1    23.0   68.119   56.531    120.1    968.1
     3     1    20     9    14    23     0     1    23.0   68.609   59.382    830.6    890.3
     1     1    20     9    15     0     0     0    24.0   66.074   55.443    237.5    954.8
     2     1    20     9    15     0     0     0    24.0   68.306   56.555     86.8    975.0
     3     1    20     9    15     0     0     0    24.0   68.849   59.473    800.0    897.1
