     5     1
    GDAS    20     2     1     0     0
    GDAS    20     2     8     0     0
    GDAS    20     2    15     0     0
    GDAS    20     2    22     0     0
    GDAS    21     3     1     0     0
     3 FORWARD  OMEGA   
    20     2     9     0   62.085   49.588   100.0
    20     2     9     0   62.085   49.588   500.0
    20     2     9     0   62.085   49.588  1000.0
     1 PRESSURE
     1     1    20     2     9     0     0     0     0.0   62.085   49.588    100.0    984.7
     2     1    20     2     9     0     0     0     0.0   62.085   49.588    500.0    935.4
     3     1    20     2     9     0     0     0     0.0   62.085   49.588   1000.0    876.4
     1     1    20     2     9     1     0     1     1.0   62.182   49.856     93.5    984.5
     2     1    20     2     9     1     0     1     1.0   62.187   50.104    488.4    935.8
     3     1    20     2     9     1     0     1     1.0   62.145   50.108    956.4    881.2
     1     1    20     2     9     2     0     2     2.0   62.301   50.120     90.4    983.0
     2     1    20     2     9     2     0     2     2.0   62.310   50.661    482.2    930.9
     3     1    20     2     9     2     0     2     2.0   62.217   50.665    924.0    880.1
     1     1    20     2     9     3     0     3     3.0   62.449   50.386     91.7    980.2
     2     1    20     2     9     3     0     3     3.0   62.467   51.271    479.6    929.2
     3     1    20     2     9     3     0     3     3.0   62.316   51.264    900.2    880.1
     1     1    20     2     9     4     0     2     4.0   62.627   50.651     96.6    976.9
     2     1    20     2     9     4     0     2     4.0   62.658   51.917    483.0    927.7
     3     1    20     2     9     4     0     2     4.0   62.432   51.894    893.9    881.1
     1     1    20     2     9     5     0     1     5.0   62.837   50.902    101.9    974.0
     2     1    20     2     9     5     0     1     5.0   62.881   52.596    474.3    921.8
     3     1    20     2     9     5     0     1     5.0   62.558   52.554    891.9    876.1
     1     1    20     2     9     6     0     0     6.0   63.076   51.133    104.7    971.3
     2     1    20     2     9     6     0     0     6.0   63.153   53.328    441.9    925.0
     3     1    20     2     9     6     0     0     6.0   62.719   53.269    871.1    875.4
     1     1    20     2     9     7     0     1     7.0   63.315   51.361    109.5    968.4
     2     1    20     2     9     7     0     1     7.0   63.458   54.079    409.9    933.7
     3     1    20     2     9     7     0     1     7.0   62.902   54.055    859.0    882.1
     1     1    20     2     9     8     0     2     8.0   63.546   51.616    119.2    963.4
     2     1    20     2     9     8     0     2     8.0   63.788   54.831    391.2    933.4
     3     1    20     2     9     8     0     2     8.0   63.090   54.906    857.3    874.7
     1     1    20     2     9     9     0     3     9.0   63.776   51.900    130.1    958.9
     2     1    20     2     9     9     0     3     9.0   64.153   55.564    393.3    934.5
     3     1    20     2     9     9     0     3     9.0   63.305   55.824    887.2    876.3
     1     1    20     2     9    10     0     2    10.0   64.005   52.237    139.0    956.4
     2     1    20     2     9    10     0     2    10.0   64.540   56.259    426.2    932.4
     3     1    20     2     9    10     0     2    10.0   63.521   56.794    947.9    871.9
     1     1    20     2     9    11     0     1    11.0   64.214   52.643    124.0    962.2
     2     1    20     2     9    11     0     1    11.0   64.932   56.984    451.0    930.1
     3     1    20     2     9    11     0     1    11.0   63.708   57.815    989.6    856.2
     1     1    20     2     9    12     0     0    12.0   64.390   53.058     83.6    970.9
     2     1    20     2     9    12     0     0    12.0   65.348   57.792    483.3    925.5
     3     1    20     2     9    12     0     0    12.0   63.852   58.931   1074.6    833.6
     1     1    20     2     9    13     0     1    13.0   64.550   53.417     53.4    975.2
     2     1    20     2     9    13     0     1    13.0   65.761   58.807    484.8    907.7
     3     1    20     2     9    13     0     1    13.0   63.841   60.148    983.1    836.5
     1     1    20     2     9    14     0     2    14.0   64.713   53.729     43.3    976.7
     2     1    20     2     9    14     0     2    14.0   66.170   60.057    432.5    928.2
     3     1    20     2     9    14     0     2    14.0   63.804   61.404    859.1    884.0
     1     1    20     2     9    15     0     3    15.0   64.883   54.008     42.4    977.1
     2     1    20     2     9    15     0     3    15.0   66.456   61.248    469.5    916.8
     3     1    20     2     9    15     0     3    15.0   63.817   62.477    822.7    883.4
     1     1    20     2     9    16     0     2    16.0   65.056   54.271     41.8    975.3
     2     1    20     2     9    16     0     2    16.0   66.652   62.251    534.8    903.8
     3     1    20     2     9    16     0     2    16.0   63.831   63.575    805.5    887.1
     1     1    20     2     9    17     0     1    17.0   65.215   54.537     39.6    973.7
     2     1    20     2     9    17     0     1    17.0   66.828   63.179    589.5    893.8
     3     1    20     2     9    17     0     1    17.0   63.881   64.664    830.3    889.4
     1     1    20     2     9    18     0     0    18.0   65.363   54.814     36.9    972.7
     2     1    20     2     9    18     0     0    18.0   67.057   64.012    641.1    892.9
     3     1    20     2     9    18     0     0    18.0   63.971   65.727    828.6    894.9
     1     1    20     2     9    19     0     1    19.0   65.506   55.102     34.0    973.1
     2     1    20     2     9    19     0     1    19.0   67.286   64.637    705.6    871.5
     3     1    20     2     9    19     0     1    19.0   64.061   66.776    885.5    877.5
     1     1    20     2     9    20     0     2    20.0   65.649   55.378     32.8    974.0
     2     1    20     2     9    20     0     2    20.0   67.458   65.090    724.1    863.5
     3     1    20     2     9    20     0     2    20.0   64.151   67.767    895.4    874.6
     1     1    20     2     9    21     0     3    21.0   65.791   55.638     32.6    974.0
     2     1    20     2     9    21     0     3    21.0   67.621   65.456    653.7    865.9
     3     1    20     2     9    21     0     3    21.0   64.220   68.658    899.8    874.0
     1     1    20     2     9    22     0     2    22.0   65.930   55.892     32.6    973.6
     2     1    20     2     9    22     0     2    22.0   67.773   65.746    526.5    875.0
     3     1    20     2     9    22     0     2    22.0   64.264   69.459    923.0    870.7
     1     1    20     2     9    23     0     1    23.0   66.071   56.154     33.4    973.5
     2     1    20     2     9    23     0     1    23.0   67.898   65.973    420.2    881.4
     3     1    20     2     9    23     0     1    23.0   64.312   70.166    950.7    867.2
     1     1    20     2    10     0     0     0    24.0   66.229   56.461     38.2    973.2
     2     1    20     2    10     0     0     0    24.0   67.998   66.156    366.1    891.8
     3     1    20     2    10     0     0     0    24.0   64.362   70.764    980.0    863.0
