     5     1
    GDAS    20     1    29     0     0
    GDAS    20     2     1     0     0
    GDAS    20     2     8     0     0
    GDAS    20     2    15     0     0
    GDAS    20     2    22     0     0
     3 FORWARD  OMEGA   
    20     2     3     0   62.085   49.588   100.0
    20     2     3     0   62.085   49.588   500.0
    20     2     3     0   62.085   49.588  1000.0
     1 PRESSURE
     1     1    20     2     3     0     0     0     0.0   62.085   49.588    100.0    963.0
     2     1    20     2     3     0     0     0     0.0   62.085   49.588    500.0    915.4
     3     1    20     2     3     0     0     0     0.0   62.085   49.588   1000.0    859.1
     1     1    20     2     3     1     0     1     1.0   62.344   49.572     95.6    959.4
     2     1    20     2     3     1     0     1     1.0   62.535   49.709    498.5    910.2
     3     1    20     2     3     1     0     1     1.0   62.495   50.064   1007.5    855.3
     1     1    20     2     3     2     0     2     2.0   62.606   49.503     93.6    955.1
     2     1    20     2     3     2     0     2     2.0   62.981   49.754    497.6    905.2
     3     1    20     2     3     2     0     2     2.0   62.905   50.492   1027.6    849.6
     1     1    20     2     3     3     0     3     3.0   62.877   49.407     93.0    950.5
     2     1    20     2     3     3     0     3     3.0   63.415   49.763    503.3    902.4
     3     1    20     2     3     3     0     3     3.0   63.306   50.889   1062.3    842.7
     1     1    20     2     3     4     0     2     4.0   63.156   49.288     92.0    947.6
     2     1    20     2     3     4     0     2     4.0   63.842   49.758    518.8    897.8
     3     1    20     2     3     4     0     2     4.0   63.704   51.284   1103.9    834.0
     1     1    20     2     3     5     0     1     5.0   63.434   49.142     88.0    947.7
     2     1    20     2     3     5     0     1     5.0   64.264   49.765    540.0    893.2
     3     1    20     2     3     5     0     1     5.0   64.103   51.689   1139.7    828.1
     1     1    20     2     3     6     0     0     6.0   63.700   48.984     77.5    949.9
     2     1    20     2     3     6     0     0     6.0   64.673   49.821    569.5    889.0
     3     1    20     2     3     6     0     0     6.0   64.496   52.109   1167.7    830.8
     1     1    20     2     3     7     0     1     7.0   63.937   48.825     64.3    953.0
     2     1    20     2     3     7     0     1     7.0   65.058   49.946    610.2    883.9
     3     1    20     2     3     7     0     1     7.0   64.874   52.553   1197.5    833.9
     1     1    20     2     3     8     0     2     8.0   64.141   48.668     55.2    953.0
     2     1    20     2     3     8     0     2     8.0   65.412   50.119    651.3    881.0
     3     1    20     2     3     8     0     2     8.0   65.232   53.005   1240.7    830.6
     1     1    20     2     3     9     0     3     9.0   64.323   48.512     51.7    952.1
     2     1    20     2     3     9     0     3     9.0   65.738   50.317    686.5    879.9
     3     1    20     2     3     9     0     3     9.0   65.579   53.467   1297.8    824.3
     1     1    20     2     3    10     0     2    10.0   64.490   48.350     52.1    950.9
     2     1    20     2     3    10     0     2    10.0   66.037   50.508    727.9    877.0
     3     1    20     2     3    10     0     2    10.0   65.915   53.938   1356.2    816.5
     1     1    20     2     3    11     0     1    11.0   64.639   48.170     53.8    950.3
     2     1    20     2     3    11     0     1    11.0   66.297   50.630    775.0    874.2
     3     1    20     2     3    11     0     1    11.0   66.230   54.392   1408.8    811.0
     1     1    20     2     3    12     0     0    12.0   64.768   47.968     54.8    950.5
     2     1    20     2     3    12     0     0    12.0   66.518   50.664    820.4    871.8
     3     1    20     2     3    12     0     0    12.0   66.523   54.837   1459.0    805.4
     1     1    20     2     3    13     0     1    13.0   64.885   47.748     53.3    950.6
     2     1    20     2     3    13     0     1    13.0   66.710   50.627    869.2    869.4
     3     1    20     2     3    13     0     1    13.0   66.802   55.254   1505.7    800.3
     1     1    20     2     3    14     0     2    14.0   64.995   47.511     46.4    950.7
     2     1    20     2     3    14     0     2    14.0   66.884   50.525    931.9    864.4
     3     1    20     2     3    14     0     2    14.0   67.061   55.611   1551.6    796.1
     1     1    20     2     3    15     0     3    15.0   65.092   47.266     33.5    953.2
     2     1    20     2     3    15     0     3    15.0   67.042   50.351   1008.0    854.9
     3     1    20     2     3    15     0     3    15.0   67.305   55.922   1598.1    791.1
     1     1    20     2     3    16     0     2    16.0   65.164   47.042     20.6    956.9
     2     1    20     2     3    16     0     2    16.0   67.184   50.119   1080.6    843.8
     3     1    20     2     3    16     0     2    16.0   67.549   56.173   1650.4    785.8
     1     1    20     2     3    17     0     1    17.0   65.209   46.856     12.4    960.3
     2     1    20     2     3    17     0     1    17.0   67.309   49.836   1140.8    836.0
     3     1    20     2     3    17     0     1    17.0   67.802   56.362   1711.5    779.2
     1     1    20     2     3    18     0     0    18.0   65.236   46.697      7.7    961.4
     2     1    20     2     3    18     0     0    18.0   67.421   49.509   1186.3    829.2
     3     1    20     2     3    18     0     0    18.0   68.052   56.517   1779.4    772.2
     1     1    20     2     3    19     0     1    19.0   65.251   46.558      5.3    962.2
     2     1    20     2     3    19     0     1    19.0   67.515   49.146   1203.6    825.3
     3     1    20     2     3    19     0     1    19.0   68.288   56.643   1846.7    766.4
     1     1    20     2     3    20     0     2    20.0   65.258   46.439      4.6    962.9
     2     1    20     2     3    20     0     2    20.0   67.574   48.751   1196.3    830.1
     3     1    20     2     3    20     0     2    20.0   68.509   56.742   1901.4    762.5
     1     1    20     2     3    21     0     3    21.0   65.258   46.339      5.0    963.3
     2     1    20     2     3    21     0     3    21.0   67.591   48.330   1195.8    836.2
     3     1    20     2     3    21     0     3    21.0   68.720   56.843   1942.2    760.3
     1     1    20     2     3    22     0     2    22.0   65.246   46.258      5.7    964.0
     2     1    20     2     3    22     0     2    22.0   67.564   47.905   1221.8    836.6
     3     1    20     2     3    22     0     2    22.0   68.909   56.928   1983.0    758.8
     1     1    20     2     3    23     0     1    23.0   65.217   46.196      6.2    964.6
     2     1    20     2     3    23     0     1    23.0   67.501   47.488   1252.0    830.8
     3     1    20     2     3    23     0     1    23.0   69.067   56.950   2038.1    753.7
     1     1    20     2     4     0     0     0    24.0   65.173   46.151      6.4    965.0
     2     1    20     2     4     0     0     0    24.0   67.397   47.071   1262.3    829.4
     3     1    20     2     4     0     0     0    24.0   69.198   56.902   2103.1    746.4
