     5     1
    GDAS    20     5     8     0     0
    GDAS    20     5    15     0     0
    GDAS    20     5    22     0     0
    GDAS    20     5    29     0     0
    GDAS    20     6     1     0     0
     3 FORWARD  OMEGA   
    20     5    15     0   62.085   49.588   100.0
    20     5    15     0   62.085   49.588   500.0
    20     5    15     0   62.085   49.588  1000.0
     1 PRESSURE
     1     1    20     5    15     0     0     0     0.0   62.085   49.588    100.0    983.6
     2     1    20     5    15     0     0     0     0.0   62.085   49.588    500.0    937.1
     3     1    20     5    15     0     0     0     0.0   62.085   49.588   1000.0    881.2
     1     1    20     5    15     1     0     1     1.0   62.286   49.436    109.1    978.7
     2     1    20     5    15     1     0     1     1.0   62.439   49.569    567.0    923.5
     3     1    20     5    15     1     0     1     1.0   62.440   49.470   1175.0    854.1
     1     1    20     5    15     2     0     2     2.0   62.477   49.333    105.7    975.6
     2     1    20     5    15     2     0     2     2.0   62.786   49.520    601.5    915.7
     3     1    20     5    15     2     0     2     2.0   62.825   49.279   1279.3    837.3
     1     1    20     5    15     3     0     3     3.0   62.656   49.287     86.1    974.9
     2     1    20     5    15     3     0     3     3.0   63.146   49.411    607.9    911.7
     3     1    20     5    15     3     0     3     3.0   63.263   48.919   1335.4    831.4
     1     1    20     5    15     4     0     2     4.0   62.819   49.277     63.9    977.6
     2     1    20     5    15     4     0     2     4.0   63.494   49.217    600.8    914.5
     3     1    20     5    15     4     0     2     4.0   63.686   48.526   1412.2    828.2
     1     1    20     5    15     5     0     1     5.0   62.967   49.276     50.2    977.9
     2     1    20     5    15     5     0     1     5.0   63.820   48.942    591.1    917.0
     3     1    20     5    15     5     0     1     5.0   64.087   48.185   1478.2    817.4
     1     1    20     5    15     6     0     0     6.0   63.103   49.275     45.1    978.4
     2     1    20     5    15     6     0     0     6.0   64.131   48.661    570.7    918.6
     3     1    20     5    15     6     0     0     6.0   64.491   47.893   1513.6    816.9
     1     1    20     5    15     7     0     1     7.0   63.237   49.270     44.0    977.4
     2     1    20     5    15     7     0     1     7.0   64.433   48.417    547.8    921.9
     3     1    20     5    15     7     0     1     7.0   64.900   47.553   1519.7    813.1
     1     1    20     5    15     8     0     2     8.0   63.373   49.262     41.8    977.2
     2     1    20     5    15     8     0     2     8.0   64.739   48.191    495.0    922.2
     3     1    20     5    15     8     0     2     8.0   65.272   47.148   1520.9    817.7
     1     1    20     5    15     9     0     3     9.0   63.505   49.253     37.9    977.3
     2     1    20     5    15     9     0     3     9.0   65.035   48.010    324.6    938.0
     3     1    20     5    15     9     0     3     9.0   65.589   46.762   1577.8    819.2
     1     1    20     5    15    10     0     2    10.0   63.629   49.250     33.0    978.4
     2     1    20     5    15    10     0     2    10.0   65.258   47.871    202.4    973.5
     3     1    20     5    15    10     0     2    10.0   65.897   46.294   1639.7    804.8
     1     1    20     5    15    11     0     1    11.0   63.750   49.256     28.6    979.3
     2     1    20     5    15    11     0     1    11.0   65.460   47.685    147.7    972.4
     3     1    20     5    15    11     0     1    11.0   66.209   45.770   1625.4    809.5
     1     1    20     5    15    12     0     0    12.0   63.867   49.271     25.8    980.0
     2     1    20     5    15    12     0     0    12.0   65.645   47.488     96.1    978.6
     3     1    20     5    15    12     0     0    12.0   66.503   45.272   1647.6    820.1
     1     1    20     5    15    13     0     1    13.0   63.980   49.308     24.1    980.1
     2     1    20     5    15    13     0     1    13.0   65.795   47.273     58.1    986.9
     3     1    20     5    15    13     0     1    13.0   66.776   44.676   1741.0    806.7
     1     1    20     5    15    14     0     2    14.0   64.084   49.379     23.4    979.2
     2     1    20     5    15    14     0     2    14.0   65.914   47.004     39.1    989.0
     3     1    20     5    15    14     0     2    14.0   67.025   43.921   1922.0    794.8
     1     1    20     5    15    15     0     3    15.0   64.182   49.472     23.7    977.9
     2     1    20     5    15    15     0     3    15.0   66.011   46.703     32.0    989.2
     3     1    20     5    15    15     0     3    15.0   67.252   43.161   2024.5    774.6
     1     1    20     5    15    16     0     2    16.0   64.267   49.563     25.0    976.5
     2     1    20     5    15    16     0     2    16.0   66.093   46.401     30.9    989.5
     3     1    20     5    15    16     0     2    16.0   67.437   42.491   2008.8    781.3
     1     1    20     5    15    17     0     1    17.0   64.335   49.648     26.7    975.3
     2     1    20     5    15    17     0     1    17.0   66.152   46.103     29.8    990.1
     3     1    20     5    15    17     0     1    17.0   67.585   41.793   2091.0    775.3
     1     1    20     5    15    18     0     0    18.0   64.385   49.744     28.7    974.1
     2     1    20     5    15    18     0     0    18.0   66.189   45.813     30.0    990.6
     3     1    20     5    15    18     0     0    18.0   67.720   41.003   2129.5    755.7
     1     1    20     5    15    19     0     1    19.0   64.423   49.855     29.8    973.4
     2     1    20     5    15    19     0     1    19.0   66.224   45.577     33.9    989.9
     3     1    20     5    15    19     0     1    19.0   67.857   40.111   2085.3    763.0
     1     1    20     5    15    20     0     2    20.0   64.452   49.982     28.3    973.0
     2     1    20     5    15    20     0     2    20.0   66.262   45.416     39.7    989.3
     3     1    20     5    15    20     0     2    20.0   67.997   39.163   2184.6    746.1
     1     1    20     5    15    21     0     3    21.0   64.474   50.124     24.4    973.9
     2     1    20     5    15    21     0     3    21.0   66.298   45.311     44.7    988.8
     3     1    20     5    15    21     0     3    21.0   68.147   38.322   2499.1    712.8
     1     1    20     5    15    22     0     2    22.0   64.495   50.256     20.5    974.9
     2     1    20     5    15    22     0     2    22.0   66.327   45.238     48.9    988.6
     3     1    20     5    15    22     0     2    22.0   68.269   37.616   2854.2    675.5
     1     1    20     5    15    23     0     1    23.0   64.515   50.358     18.1    975.7
     2     1    20     5    15    23     0     1    23.0   66.347   45.188     54.2    988.3
     3     1    20     5    15    23     0     1    23.0   68.356   36.942   3016.1    658.7
     1     1    20     5    16     0     0     0    24.0   64.530   50.435     16.9    976.0
     2     1    20     5    16     0     0     0    24.0   66.356   45.170     60.8    987.7
     3     1    20     5    16     0     0     0    24.0   68.412   36.274   3117.5    659.1
