     5     1
    GDAS    20     8    22     0     0
    GDAS    20     8    29     0     0
    GDAS    20     9     1     0     0
    GDAS    20     9     8     0     0
    GDAS    20     9    15     0     0
     3 FORWARD  OMEGA   
    20     8    30     0   62.085   49.588   100.0
    20     8    30     0   62.085   49.588   500.0
    20     8    30     0   62.085   49.588  1000.0
     1 PRESSURE
     1     1    20     8    30     0     0     0     0.0   62.085   49.588    100.0    984.4
     2     1    20     8    30     0     0     0     0.0   62.085   49.588    500.0    939.5
     3     1    20     8    30     0     0     0     0.0   62.085   49.588   1000.0    884.9
     1     1    20     8    30     1     0     1     1.0   62.133   49.578     91.8    984.7
     2     1    20     8    30     1     0     1     1.0   62.149   49.740    484.6    940.5
     3     1    20     8    30     1     0     1     1.0   62.147   49.799    978.6    886.3
     1     1    20     8    30     2     0     2     2.0   62.184   49.604     82.7    985.2
     2     1    20     8    30     2     0     2     2.0   62.218   49.936    466.2    942.4
     3     1    20     8    30     2     0     2     2.0   62.214   50.039    950.0    889.7
     1     1    20     8    30     3     0     3     3.0   62.239   49.663     72.8    985.9
     2     1    20     8    30     3     0     3     3.0   62.294   50.182    442.9    943.6
     3     1    20     8    30     3     0     3     3.0   62.294   50.313    915.6    891.3
     1     1    20     8    30     4     0     2     4.0   62.301   49.737     64.5    986.3
     2     1    20     8    30     4     0     2     4.0   62.385   50.440    417.7    945.3
     3     1    20     8    30     4     0     2     4.0   62.394   50.600    881.7    893.7
     1     1    20     8    30     5     0     1     5.0   62.375   49.803     59.5    986.1
     2     1    20     8    30     5     0     1     5.0   62.492   50.661    397.7    946.3
     3     1    20     8    30     5     0     1     5.0   62.512   50.878    861.0    894.4
     1     1    20     8    30     6     0     0     6.0   62.461   49.857     57.4    985.5
     2     1    20     8    30     6     0     0     6.0   62.604   50.832    382.9    946.8
     3     1    20     8    30     6     0     0     6.0   62.638   51.137    859.1    894.1
     1     1    20     8    30     7     0     1     7.0   62.551   49.937     56.0    984.9
     2     1    20     8    30     7     0     1     7.0   62.721   50.979    377.9    947.5
     3     1    20     8    30     7     0     1     7.0   62.768   51.401    868.7    892.2
     1     1    20     8    30     8     0     2     8.0   62.640   50.076     54.1    984.8
     2     1    20     8    30     8     0     2     8.0   62.843   51.132    384.2    946.5
     3     1    20     8    30     8     0     2     8.0   62.894   51.713    861.6    891.2
     1     1    20     8    30     9     0     3     9.0   62.731   50.260     52.9    984.8
     2     1    20     8    30     9     0     3     9.0   62.969   51.293    392.7    944.8
     3     1    20     8    30     9     0     3     9.0   63.007   52.098    803.0    895.1
     1     1    20     8    30    10     0     2    10.0   62.814   50.478     52.7    984.5
     2     1    20     8    30    10     0     2    10.0   63.091   51.503    411.2    943.4
     3     1    20     8    30    10     0     2    10.0   63.129   52.491    759.6    905.8
     1     1    20     8    30    11     0     1    11.0   62.874   50.743     53.0    984.4
     2     1    20     8    30    11     0     1    11.0   63.216   51.766    471.9    937.0
     3     1    20     8    30    11     0     1    11.0   63.272   52.835    784.5    898.1
     1     1    20     8    30    12     0     0    12.0   62.904   51.081     54.9    984.2
     2     1    20     8    30    12     0     0    12.0   63.366   52.030    599.0    922.3
     3     1    20     8    30    12     0     0    12.0   63.411   53.138    834.2    892.7
     1     1    20     8    30    13     0     1    13.0   62.936   51.423     63.1    983.1
     2     1    20     8    30    13     0     1    13.0   63.514   52.345    735.1    899.1
     3     1    20     8    30    13     0     1    13.0   63.531   53.465    881.5    887.7
     1     1    20     8    30    14     0     2    14.0   62.986   51.756     77.2    981.0
     2     1    20     8    30    14     0     2    14.0   63.627   52.741    820.0    891.4
     3     1    20     8    30    14     0     2    14.0   63.638   53.855    913.8    886.3
     1     1    20     8    30    15     0     3    15.0   63.038   52.150     91.5    976.9
     2     1    20     8    30    15     0     3    15.0   63.714   53.181    870.4    887.9
     3     1    20     8    30    15     0     3    15.0   63.743   54.269    939.2    883.4
     1     1    20     8    30    16     0     2    16.0   63.085   52.627    105.5    972.2
     2     1    20     8    30    16     0     2    16.0   63.793   53.631    944.8    886.5
     3     1    20     8    30    16     0     2    16.0   63.850   54.661    994.0    880.5
     1     1    20     8    30    17     0     1    17.0   63.130   53.141    112.0    969.0
     2     1    20     8    30    17     0     1    17.0   63.877   54.020   1231.5    869.9
     3     1    20     8    30    17     0     1    17.0   63.960   55.029   1061.6    866.9
     1     1    20     8    30    18     0     0    18.0   63.179   53.620    102.4    973.3
     2     1    20     8    30    18     0     0    18.0   63.972   54.315   1895.7    797.4
     3     1    20     8    30    18     0     0    18.0   64.077   55.397   1102.3    865.6
     1     1    20     8    30    19     0     1    19.0   63.240   54.024     90.1    978.6
     2     1    20     8    30    19     0     1    19.0   64.138   54.556   2493.2    706.5
     3     1    20     8    30    19     0     1    19.0   64.205   55.776   1153.5    861.7
     1     1    20     8    30    20     0     2    20.0   63.310   54.405     83.3    977.1
     2     1    20     8    30    20     0     2    20.0   64.340   54.747   2673.4    697.5
     3     1    20     8    30    20     0     2    20.0   64.338   56.130   1255.3    855.5
     1     1    20     8    30    21     0     3    21.0   63.381   54.824     74.5    975.6
     2     1    20     8    30    21     0     3    21.0   64.542   54.849   2660.8    707.8
     3     1    20     8    30    21     0     3    21.0   64.466   56.423   1399.9    837.7
     1     1    20     8    30    22     0     2    22.0   63.448   55.253     64.3    977.9
     2     1    20     8    30    22     0     2    22.0   64.710   54.912   2697.0    716.5
     3     1    20     8    30    22     0     2    22.0   64.570   56.692   1532.6    823.7
     1     1    20     8    30    23     0     1    23.0   63.503   55.664     54.2    981.0
     2     1    20     8    30    23     0     1    23.0   64.843   54.963   2922.1    699.3
     3     1    20     8    30    23     0     1    23.0   64.647   56.993   1642.5    814.6
     1     1    20     8    31     0     0     0    24.0   63.543   56.052     42.2    984.4
     2     1    20     8    31     0     0     0    24.0   64.945   54.939   3388.2    660.6
     3     1    20     8    31     0     0     0    24.0   64.708   57.330   1746.5    803.9
