     5     1
    GDAS    20     4     1     0     0
    GDAS    20     4     8     0     0
    GDAS    20     4    15     0     0
    GDAS    20     4    22     0     0
    GDAS    20     4    29     0     0
     3 FORWARD  OMEGA   
    20     4    14     0   62.085   49.588   100.0
    20     4    14     0   62.085   49.588   500.0
    20     4    14     0   62.085   49.588  1000.0
     1 PRESSURE
     1     1    20     4    14     0     0     0     0.0   62.085   49.588    100.0    984.6
     2     1    20     4    14     0     0     0     0.0   62.085   49.588    500.0    937.9
     3     1    20     4    14     0     0     0     0.0   62.085   49.588   1000.0    881.0
     1     1    20     4    14     1     0     1     1.0   62.177   49.471     98.3    983.9
     2     1    20     4    14     1     0     1     1.0   62.265   49.450    482.2    937.9
     3     1    20     4    14     1     0     1     1.0   62.298   49.483    964.0    883.4
     1     1    20     4    14     2     0     2     2.0   62.285   49.330     94.6    983.1
     2     1    20     4    14     2     0     2     2.0   62.481   49.266    461.9    936.9
     3     1    20     4    14     2     0     2     2.0   62.542   49.355    932.5    883.6
     1     1    20     4    14     3     0     3     3.0   62.408   49.166     86.2    982.3
     2     1    20     4    14     3     0     3     3.0   62.748   49.039    427.6    935.4
     3     1    20     4    14     3     0     3     3.0   62.833   49.212    896.7    882.7
     1     1    20     4    14     4     0     2     4.0   62.545   48.983     74.7    981.9
     2     1    20     4    14     4     0     2     4.0   63.059   48.774    376.4    940.6
     3     1    20     4    14     4     0     2     4.0   63.166   49.051    851.3    885.2
     1     1    20     4    14     5     0     1     5.0   62.692   48.778     64.6    981.6
     2     1    20     4    14     5     0     1     5.0   63.365   48.480    325.8    950.0
     3     1    20     4    14     5     0     1     5.0   63.519   48.859    802.4    893.8
     1     1    20     4    14     6     0     0     6.0   62.843   48.549     54.9    981.8
     2     1    20     4    14     6     0     0     6.0   63.649   48.158    286.9    956.8
     3     1    20     4    14     6     0     0     6.0   63.887   48.636    750.4    901.7
     1     1    20     4    14     7     0     1     7.0   63.000   48.303     41.2    983.6
     2     1    20     4    14     7     0     1     7.0   63.929   47.802    267.8    961.2
     3     1    20     4    14     7     0     1     7.0   64.270   48.390    690.6    908.1
     1     1    20     4    14     8     0     2     8.0   63.160   48.057     27.3    986.7
     2     1    20     4    14     8     0     2     8.0   64.228   47.395    250.1    962.3
     3     1    20     4    14     8     0     2     8.0   64.669   48.100    620.7    916.4
     1     1    20     4    14     9     0     3     9.0   63.321   47.811     19.0    987.9
     2     1    20     4    14     9     0     3     9.0   64.535   46.939    213.5    966.7
     3     1    20     4    14     9     0     3     9.0   65.084   47.756    546.0    926.1
     1     1    20     4    14    10     0     2    10.0   63.479   47.552     15.0    988.9
     2     1    20     4    14    10     0     2    10.0   64.834   46.483    179.6    972.7
     3     1    20     4    14    10     0     2    10.0   65.503   47.380    478.0    937.2
     1     1    20     4    14    11     0     1    11.0   63.632   47.285     12.7    990.4
     2     1    20     4    14    11     0     1    11.0   65.122   46.053    164.4    977.5
     3     1    20     4    14    11     0     1    11.0   65.922   46.972    414.9    946.9
     1     1    20     4    14    12     0     0    12.0   63.787   47.019     10.6    992.9
     2     1    20     4    14    12     0     0    12.0   65.410   45.612    153.8    976.6
     3     1    20     4    14    12     0     0    12.0   66.347   46.543    354.5    958.0
     1     1    20     4    14    13     0     1    13.0   63.941   46.756      8.2    992.4
     2     1    20     4    14    13     0     1    13.0   65.690   45.147    140.6    978.7
     3     1    20     4    14    13     0     1    13.0   66.792   46.113    306.7    968.6
     1     1    20     4    14    14     0     2    14.0   64.089   46.487      4.8    990.9
     2     1    20     4    14    14     0     2    14.0   65.964   44.659    128.9    983.0
     3     1    20     4    14    14     0     2    14.0   67.254   45.680    269.4    970.0
     1     1    20     4    14    15     0     3    15.0   64.231   46.210      0.2    990.2
     2     1    20     4    14    15     0     3    15.0   66.235   44.148    114.5    989.3
     3     1    20     4    14    15     0     3    15.0   67.701   45.191    225.8    969.9
     1     1    20     4    14    16     0     2    16.0   64.372   45.938      0.0    990.4
     2     1    20     4    14    16     0     2    16.0   66.507   43.644    103.7    992.5
     3     1    20     4    14    16     0     2    16.0   68.095   44.630    187.9    979.1
     1     1    20     4    14    17     0     1    17.0   64.516   45.680      0.0    992.3
     2     1    20     4    14    17     0     1    17.0   66.796   43.164    104.3    992.1
     3     1    20     4    14    17     0     1    17.0   68.441   44.121    169.6    985.7
     1     1    20     4    14    18     0     0    18.0   64.659   45.433      0.0    994.3
     2     1    20     4    14    18     0     0    18.0   67.116   42.696    112.6    990.1
     3     1    20     4    14    18     0     0    18.0   68.781   43.715    169.0    985.9
     1     1    20     4    14    19     0     1    19.0   64.795   45.185      0.0    995.5
     2     1    20     4    14    19     0     1    19.0   67.460   42.239    118.9    988.3
     3     1    20     4    14    19     0     1    19.0   69.150   43.364    180.4    983.6
     1     1    20     4    14    20     0     2    20.0   64.921   44.924      0.0    995.9
     2     1    20     4    14    20     0     2    20.0   67.815   41.804    122.0    987.3
     3     1    20     4    14    20     0     2    20.0   69.544   43.003    190.0    981.4
     1     1    20     4    14    21     0     3    21.0   65.036   44.655      0.0    996.5
     2     1    20     4    14    21     0     3    21.0   68.181   41.409    121.3    987.1
     3     1    20     4    14    21     0     3    21.0   69.948   42.610    188.8    980.9
     1     1    20     4    14    22     0     2    22.0   65.150   44.386      0.0    997.3
     2     1    20     4    14    22     0     2    22.0   68.545   41.036    116.1    987.6
     3     1    20     4    14    22     0     2    22.0   70.346   42.179    183.6    981.8
     1     1    20     4    14    23     0     1    23.0   65.271   44.118      0.0    998.4
     2     1    20     4    14    23     0     1    23.0   68.888   40.662    110.7    987.6
     3     1    20     4    14    23     0     1    23.0   70.733   41.715    179.3    981.6
     1     1    20     4    15     0     0     0    24.0   65.402   43.841      0.0    998.4
     2     1    20     4    15     0     0     0    24.0   69.206   40.272    107.3    988.1
     3     1    20     4    15     0     0     0    24.0   71.115   41.229    172.1    981.8
