     5     1
    GDAS    20     5    22     0     0
    GDAS    20     5    29     0     0
    GDAS    20     6     1     0     0
    GDAS    20     6     8     0     0
    GDAS    20     6    15     0     0
     3 FORWARD  OMEGA   
    20     5    31     0   62.085   49.588   100.0
    20     5    31     0   62.085   49.588   500.0
    20     5    31     0   62.085   49.588  1000.0
     1 PRESSURE
     1     1    20     5    31     0     0     0     0.0   62.085   49.588    100.0    994.2
     2     1    20     5    31     0     0     0     0.0   62.085   49.588    500.0    946.9
     3     1    20     5    31     0     0     0     0.0   62.085   49.588   1000.0    890.9
     1     1    20     5    31     1     0     1     1.0   62.031   49.309    107.4    993.5
     2     1    20     5    31     1     0     1     1.0   62.073   49.136    554.5    942.9
     3     1    20     5    31     1     0     1     1.0   62.055   49.387   1086.8    883.0
     1     1    20     5    31     2     0     2     2.0   61.987   49.032    125.3    991.7
     2     1    20     5    31     2     0     2     2.0   62.068   48.694    658.2    928.7
     3     1    20     5    31     2     0     2     2.0   62.041   49.146   1224.9    868.7
     1     1    20     5    31     3     0     3     3.0   61.941   48.755    156.6    984.8
     2     1    20     5    31     3     0     3     3.0   62.065   48.265    752.5    908.8
     3     1    20     5    31     3     0     3     3.0   62.046   48.888   1378.3    846.5
     1     1    20     5    31     4     0     2     4.0   61.878   48.476    184.4    978.7
     2     1    20     5    31     4     0     2     4.0   62.048   47.835    785.2    902.8
     3     1    20     5    31     4     0     2     4.0   62.057   48.593   1454.0    831.5
     1     1    20     5    31     5     0     1     5.0   61.796   48.182    197.9    975.5
     2     1    20     5    31     5     0     1     5.0   61.989   47.361    770.4    906.1
     3     1    20     5    31     5     0     1     5.0   62.068   48.215   1444.8    834.1
     1     1    20     5    31     6     0     0     6.0   61.702   47.856    203.8    974.1
     2     1    20     5    31     6     0     0     6.0   61.872   46.809    718.4    914.0
     3     1    20     5    31     6     0     0     6.0   62.082   47.733   1449.7    839.5
     1     1    20     5    31     7     0     1     7.0   61.586   47.504    200.4    973.5
     2     1    20     5    31     7     0     1     7.0   61.699   46.248    660.0    925.4
     3     1    20     5    31     7     0     1     7.0   62.108   47.182   1553.4    827.8
     1     1    20     5    31     8     0     2     8.0   61.446   47.151    182.8    975.1
     2     1    20     5    31     8     0     2     8.0   61.488   45.747    592.7    932.1
     3     1    20     5    31     8     0     2     8.0   62.144   46.634   1698.9    810.0
     1     1    20     5    31     9     0     3     9.0   61.299   46.813    159.7    978.1
     2     1    20     5    31     9     0     3     9.0   61.248   45.334    536.7    940.7
     3     1    20     5    31     9     0     3     9.0   62.165   46.115   1914.2    801.5
     1     1    20     5    31    10     0     2    10.0   61.133   46.516    139.1    980.4
     2     1    20     5    31    10     0     2    10.0   60.980   44.968    480.5    938.2
     3     1    20     5    31    10     0     2    10.0   62.166   45.739   2247.9    758.6
     1     1    20     5    31    11     0     1    11.0   60.936   46.273    123.4    981.5
     2     1    20     5    31    11     0     1    11.0   60.673   44.613    418.4    949.3
     3     1    20     5    31    11     0     1    11.0   62.139   45.486   2469.3    731.7
     1     1    20     5    31    12     0     0    12.0   60.729   46.057    109.3    982.9
     2     1    20     5    31    12     0     0    12.0   60.356   44.266    374.1    954.1
     3     1    20     5    31    12     0     0    12.0   62.078   45.247   2520.8    734.1
     1     1    20     5    31    13     0     1    13.0   60.531   45.847     98.8    984.4
     2     1    20     5    31    13     0     1    13.0   60.028   43.929    362.2    956.3
     3     1    20     5    31    13     0     1    13.0   61.990   44.953   2485.0    744.7
     1     1    20     5    31    14     0     2    14.0   60.334   45.622     94.2    984.3
     2     1    20     5    31    14     0     2    14.0   59.675   43.553    381.2    951.4
     3     1    20     5    31    14     0     2    14.0   61.896   44.608   2424.5    748.8
     1     1    20     5    31    15     0     3    15.0   60.119   45.363     95.5    982.9
     2     1    20     5    31    15     0     3    15.0   59.295   43.118    411.1    946.9
     3     1    20     5    31    15     0     3    15.0   61.807   44.246   2369.0    750.5
     1     1    20     5    31    16     0     2    16.0   59.896   45.073    105.6    981.6
     2     1    20     5    31    16     0     2    16.0   58.908   42.624    480.1    940.9
     3     1    20     5    31    16     0     2    16.0   61.713   43.887   2327.9    753.3
     1     1    20     5    31    17     0     1    17.0   59.689   44.764    124.0    979.3
     2     1    20     5    31    17     0     1    17.0   58.564   42.059    565.4    926.6
     3     1    20     5    31    17     0     1    17.0   61.619   43.558   2316.1    755.3
     1     1    20     5    31    18     0     0    18.0   59.518   44.449    140.0    977.3
     2     1    20     5    31    18     0     0    18.0   58.263   41.474    628.0    924.2
     3     1    20     5    31    18     0     0    18.0   61.540   43.251   2339.4    754.3
     1     1    20     5    31    19     0     1    19.0   59.380   44.155    148.6    976.6
     2     1    20     5    31    19     0     1    19.0   57.969   40.863    619.9    920.3
     3     1    20     5    31    19     0     1    19.0   61.467   42.982   2382.7    748.7
     1     1    20     5    31    20     0     2    20.0   59.253   43.894    154.9    976.3
     2     1    20     5    31    20     0     2    20.0   57.659   40.277    565.4    931.1
     3     1    20     5    31    20     0     2    20.0   61.393   42.774   2433.4    742.7
     1     1    20     5    31    21     0     3    21.0   59.122   43.664    156.8    975.4
     2     1    20     5    31    21     0     3    21.0   57.358   39.711    538.7    931.0
     3     1    20     5    31    21     0     3    21.0   61.315   42.643   2503.5    735.6
     1     1    20     5    31    22     0     2    22.0   58.982   43.422    151.6    976.4
     2     1    20     5    31    22     0     2    22.0   57.060   39.154    537.9    932.4
     3     1    20     5    31    22     0     2    22.0   61.223   42.587   2575.0    726.3
     1     1    20     5    31    23     0     1    23.0   58.822   43.115    145.4    977.7
     2     1    20     5    31    23     0     1    23.0   56.767   38.577    568.2    928.2
     3     1    20     5    31    23     0     1    23.0   61.108   42.598   2621.5    721.7
     1     1    20     6     1     0     0     0    24.0   58.642   42.779    144.2    978.5
     2     1    20     6     1     0     0     0    24.0   56.481   38.018    604.4    922.3
     3     1    20     6     1     0     0     0    24.0   60.970   42.696   2635.5    720.4
