     5     1
    GDAS    20     8     1     0     0
    GDAS    20     8     8     0     0
    GDAS    20     8    15     0     0
    GDAS    20     8    22     0     0
    GDAS    20     8    29     0     0
     3 FORWARD  OMEGA   
    20     8    13     0   62.085   49.588   100.0
    20     8    13     0   62.085   49.588   500.0
    20     8    13     0   62.085   49.588  1000.0
     1 PRESSURE
     1     1    20     8    13     0     0     0     0.0   62.085   49.588    100.0    992.1
     2     1    20     8    13     0     0     0     0.0   62.085   49.588    500.0    944.8
     3     1    20     8    13     0     0     0     0.0   62.085   49.588   1000.0    888.9
     1     1    20     8    13     1     0     1     1.0   62.047   49.619     98.7    992.2
     2     1    20     8    13     1     0     1     1.0   61.985   49.662    467.9    948.3
     3     1    20     8    13     1     0     1     1.0   61.941   49.796    935.7    896.2
     1     1    20     8    13     2     0     2     2.0   62.026   49.669     94.2    992.9
     2     1    20     8    13     2     0     2     2.0   61.906   49.728    428.5    953.1
     3     1    20     8    13     2     0     2     2.0   61.808   49.914    874.8    902.5
     1     1    20     8    13     3     0     3     3.0   62.022   49.745     88.2    993.7
     2     1    20     8    13     3     0     3     3.0   61.849   49.803    388.6    957.6
     3     1    20     8    13     3     0     3     3.0   61.686   49.948    825.7    906.5
     1     1    20     8    13     4     0     2     4.0   62.024   49.842     84.6    994.5
     2     1    20     8    13     4     0     2     4.0   61.813   49.896    362.4    961.5
     3     1    20     8    13     4     0     2     4.0   61.592   49.964    789.4    910.2
     1     1    20     8    13     5     0     1     5.0   62.020   49.955     85.7    994.2
     2     1    20     8    13     5     0     1     5.0   61.790   50.002    360.3    961.2
     3     1    20     8    13     5     0     1     5.0   61.531   50.009    766.9    912.0
     1     1    20     8    13     6     0     0     6.0   62.010   50.081     90.6    992.8
     2     1    20     8    13     6     0     0     6.0   61.776   50.122    376.3    958.2
     3     1    20     8    13     6     0     0     6.0   61.493   50.085    754.3    912.6
     1     1    20     8    13     7     0     1     7.0   61.992   50.220     91.6    990.9
     2     1    20     8    13     7     0     1     7.0   61.759   50.260    375.2    954.1
     3     1    20     8    13     7     0     1     7.0   61.459   50.187    726.2    912.7
     1     1    20     8    13     8     0     2     8.0   61.966   50.370     82.8    991.2
     2     1    20     8    13     8     0     2     8.0   61.728   50.418    334.0    958.4
     3     1    20     8    13     8     0     2     8.0   61.416   50.303    662.7    920.0
     1     1    20     8    13     9     0     3     9.0   61.932   50.523     68.5    992.2
     2     1    20     8    13     9     0     3     9.0   61.684   50.587    271.5    965.6
     3     1    20     8    13     9     0     3     9.0   61.364   50.429    571.3    930.4
     1     1    20     8    13    10     0     2    10.0   61.906   50.668     56.4    992.3
     2     1    20     8    13    10     0     2    10.0   61.641   50.745    223.7    973.8
     3     1    20     8    13    10     0     2    10.0   61.316   50.541    490.8    942.4
     1     1    20     8    13    11     0     1    11.0   61.898   50.800     50.9    991.6
     2     1    20     8    13    11     0     1    11.0   61.620   50.879    203.0    974.4
     3     1    20     8    13    11     0     1    11.0   61.286   50.624    443.2    946.8
     1     1    20     8    13    12     0     0    12.0   61.911   50.922     52.2    990.5
     2     1    20     8    13    12     0     0    12.0   61.622   50.993    202.2    973.4
     3     1    20     8    13    12     0     0    12.0   61.277   50.682    420.0    949.0
     1     1    20     8    13    13     0     1    13.0   61.938   51.042     54.3    989.7
     2     1    20     8    13    13     0     1    13.0   61.643   51.105    201.3    971.1
     3     1    20     8    13    13     0     1    13.0   61.280   50.728    399.7    948.8
     1     1    20     8    13    14     0     2    14.0   61.970   51.161     49.6    990.9
     2     1    20     8    13    14     0     2    14.0   61.673   51.228    183.4    973.3
     3     1    20     8    13    14     0     2    14.0   61.289   50.773    363.9    952.9
     1     1    20     8    13    15     0     3    15.0   62.007   51.273     39.8    993.0
     2     1    20     8    13    15     0     3    15.0   61.709   51.353    154.2    976.7
     3     1    20     8    13    15     0     3    15.0   61.305   50.818    314.8    957.9
     1     1    20     8    13    16     0     2    16.0   62.043   51.376     30.9    994.7
     2     1    20     8    13    16     0     2    16.0   61.744   51.477    126.8    981.4
     3     1    20     8    13    16     0     2    16.0   61.327   50.863    266.5    964.9
     1     1    20     8    13    17     0     1    17.0   62.074   51.477     25.4    995.2
     2     1    20     8    13    17     0     1    17.0   61.776   51.604    107.5    984.0
     3     1    20     8    13    17     0     1    17.0   61.350   50.913    230.0    969.5
     1     1    20     8    13    18     0     0    18.0   62.100   51.580     21.9    995.5
     2     1    20     8    13    18     0     0    18.0   61.806   51.741     94.1    986.0
     3     1    20     8    13    18     0     0    18.0   61.374   50.966    204.9    972.9
     1     1    20     8    13    19     0     1    19.0   62.124   51.682     20.2    995.6
     2     1    20     8    13    19     0     1    19.0   61.837   51.879     85.0    987.3
     3     1    20     8    13    19     0     1    19.0   61.395   51.017    186.8    974.0
     1     1    20     8    13    20     0     2    20.0   62.147   51.780     20.0    995.4
     2     1    20     8    13    20     0     2    20.0   61.871   52.010     79.1    988.0
     3     1    20     8    13    20     0     2    20.0   61.412   51.062    172.2    975.4
     1     1    20     8    13    21     0     3    21.0   62.172   51.871     21.0    994.9
     2     1    20     8    13    21     0     3    21.0   61.909   52.132     77.2    988.2
     3     1    20     8    13    21     0     3    21.0   61.422   51.098    161.0    976.5
     1     1    20     8    13    22     0     2    22.0   62.193   51.956     22.3    994.5
     2     1    20     8    13    22     0     2    22.0   61.944   52.254     78.7    987.6
     3     1    20     8    13    22     0     2    22.0   61.427   51.119    144.2    977.5
     1     1    20     8    13    23     0     1    23.0   62.204   52.034     23.1    994.4
     2     1    20     8    13    23     0     1    23.0   61.969   52.377     81.3    987.0
     3     1    20     8    13    23     0     1    23.0   61.425   51.115    116.7    981.3
     1     1    20     8    14     0     0     0    24.0   62.206   52.107     23.5    994.2
     2     1    20     8    14     0     0     0    24.0   61.984   52.503     83.5    986.5
     3     1    20     8    14     0     0     0    24.0   61.421   51.089     85.9    986.2
