     5     1
    GDAS    19    12    29     0     0
    GDAS    20     1     1     0     0
    GDAS    20     1     8     0     0
    GDAS    20     1    15     0     0
    GDAS    20     1    22     0     0
     3 FORWARD  OMEGA   
    20     1     2     0   62.085   49.588   100.0
    20     1     2     0   62.085   49.588   500.0
    20     1     2     0   62.085   49.588  1000.0
     1 PRESSURE
     1     1    20     1     2     0     0     0     0.0   62.085   49.588    100.0    975.6
     2     1    20     1     2     0     0     0     0.0   62.085   49.588    500.0    926.9
     3     1    20     1     2     0     0     0     0.0   62.085   49.588   1000.0    868.7
     1     1    20     1     2     1     0     1     1.0   62.066   49.999     93.8    976.8
     2     1    20     1     2     1     0     1     1.0   61.944   50.119    508.3    925.4
     3     1    20     1     2     1     0     1     1.0   61.927   50.076   1010.5    867.1
     1     1    20     1     2     2     0     2     2.0   62.057   50.379     94.4    974.8
     2     1    20     1     2     2     0     2     2.0   61.810   50.594    516.0    920.8
     3     1    20     1     2     2     0     2     2.0   61.775   50.507   1013.5    862.9
     1     1    20     1     2     3     0     3     3.0   62.048   50.746    107.3    970.7
     2     1    20     1     2     3     0     3     3.0   61.681   51.018    526.3    917.2
     3     1    20     1     2     3     0     3     3.0   61.624   50.895   1008.2    861.4
     1     1    20     1     2     4     0     2     4.0   62.039   51.115    124.5    966.0
     2     1    20     1     2     4     0     2     4.0   61.565   51.417    530.6    916.2
     3     1    20     1     2     4     0     2     4.0   61.486   51.267    994.6    862.8
     1     1    20     1     2     5     0     1     5.0   62.043   51.496    130.0    964.9
     2     1    20     1     2     5     0     1     5.0   61.468   51.819    523.2    918.0
     3     1    20     1     2     5     0     1     5.0   61.373   51.638    974.8    866.1
     1     1    20     1     2     6     0     0     6.0   62.075   51.899    117.1    966.9
     2     1    20     1     2     6     0     0     6.0   61.393   52.225    510.1    919.3
     3     1    20     1     2     6     0     0     6.0   61.284   51.996    960.4    869.3
     1     1    20     1     2     7     0     1     7.0   62.128   52.306    103.5    971.1
     2     1    20     1     2     7     0     1     7.0   61.338   52.650    495.4    919.1
     3     1    20     1     2     7     0     1     7.0   61.217   52.371    952.4    867.7
     1     1    20     1     2     8     0     2     8.0   62.181   52.705    105.2    970.3
     2     1    20     1     2     8     0     2     8.0   61.293   53.101    485.5    919.3
     3     1    20     1     2     8     0     2     8.0   61.165   52.787    946.4    865.9
     1     1    20     1     2     9     0     3     9.0   62.232   53.109    115.7    966.9
     2     1    20     1     2     9     0     3     9.0   61.254   53.556    487.9    920.9
     3     1    20     1     2     9     0     3     9.0   61.124   53.233    945.6    866.1
     1     1    20     1     2    10     0     2    10.0   62.284   53.516    121.6    963.3
     2     1    20     1     2    10     0     2    10.0   61.217   53.999    501.4    921.4
     3     1    20     1     2    10     0     2    10.0   61.083   53.689    956.3    868.3
     1     1    20     1     2    11     0     1    11.0   62.342   53.906    117.3    963.4
     2     1    20     1     2    11     0     1    11.0   61.183   54.429    514.9    920.1
     3     1    20     1     2    11     0     1    11.0   61.034   54.140    982.1    868.0
     1     1    20     1     2    12     0     0    12.0   62.411   54.268    110.6    966.2
     2     1    20     1     2    12     0     0    12.0   61.160   54.844    521.0    920.8
     3     1    20     1     2    12     0     0    12.0   60.981   54.584   1010.8    863.7
     1     1    20     1     2    13     0     1    13.0   62.503   54.591    102.6    967.2
     2     1    20     1     2    13     0     1    13.0   61.154   55.237    521.4    919.4
     3     1    20     1     2    13     0     1    13.0   60.942   55.015   1014.6    861.6
     1     1    20     1     2    14     0     2    14.0   62.624   54.868     86.5    968.4
     2     1    20     1     2    14     0     2    14.0   61.171   55.611    518.9    917.9
     3     1    20     1     2    14     0     2    14.0   60.924   55.423    993.9    863.4
     1     1    20     1     2    15     0     3    15.0   62.769   55.093     56.9    971.2
     2     1    20     1     2    15     0     3    15.0   61.214   55.972    518.4    916.2
     3     1    20     1     2    15     0     3    15.0   60.921   55.805    974.8    864.2
     1     1    20     1     2    16     0     2    16.0   62.914   55.241     26.3    977.2
     2     1    20     1     2    16     0     2    16.0   61.292   56.350    523.7    916.3
     3     1    20     1     2    16     0     2    16.0   60.943   56.199    967.8    864.0
     1     1    20     1     2    17     0     1    17.0   63.055   55.333      6.8    979.5
     2     1    20     1     2    17     0     1    17.0   61.412   56.762    541.8    915.6
     3     1    20     1     2    17     0     1    17.0   61.000   56.640    976.4    862.6
     1     1    20     1     2    18     0     0    18.0   63.195   55.388      0.0    980.1
     2     1    20     1     2    18     0     0    18.0   61.571   57.202    577.8    911.3
     3     1    20     1     2    18     0     0    18.0   61.091   57.118   1001.0    859.7
     1     1    20     1     2    19     0     1    19.0   63.346   55.430      0.0    979.9
     2     1    20     1     2    19     0     1    19.0   61.767   57.701    622.1    902.7
     3     1    20     1     2    19     0     1    19.0   61.205   57.648   1027.9    851.9
     1     1    20     1     2    20     0     2    20.0   63.513   55.462      0.0    979.3
     2     1    20     1     2    20     0     2    20.0   61.997   58.308    675.3    889.6
     3     1    20     1     2    20     0     2    20.0   61.328   58.266   1035.9    841.4
     1     1    20     1     2    21     0     3    21.0   63.696   55.480      0.0    978.5
     2     1    20     1     2    21     0     3    21.0   62.237   59.082    711.6    865.0
     3     1    20     1     2    21     0     3    21.0   61.446   59.020    986.8    826.9
     1     1    20     1     2    22     0     2    22.0   63.890   55.513      0.0    977.0
     2     1    20     1     2    22     0     2    22.0   62.425   60.034    628.5    895.4
     3     1    20     1     2    22     0     2    22.0   61.526   59.827    952.0    853.3
     1     1    20     1     2    23     0     1    23.0   64.094   55.592      0.0    975.9
     2     1    20     1     2    23     0     1    23.0   62.569   60.987    505.0    930.0
     3     1    20     1     2    23     0     1    23.0   61.558   60.644    959.3    868.6
     1     1    20     1     3     0     0     0    24.0   64.306   55.720      0.0    975.3
     2     1    20     1     3     0     0     0    24.0   62.712   61.836    451.6    935.9
     3     1    20     1     3     0     0     0    24.0   61.587   61.431   1012.4    868.5
