     5     1
    GDAS    20     5     1     0     0
    GDAS    20     5     8     0     0
    GDAS    20     5    15     0     0
    GDAS    20     5    22     0     0
    GDAS    20     5    29     0     0
     3 FORWARD  OMEGA   
    20     5     8     0   62.085   49.588   100.0
    20     5     8     0   62.085   49.588   500.0
    20     5     8     0   62.085   49.588  1000.0
     1 PRESSURE
     1     1    20     5     8     0     0     0     0.0   62.085   49.588    100.0    978.9
     2     1    20     5     8     0     0     0     0.0   62.085   49.588    500.0    934.7
     3     1    20     5     8     0     0     0     0.0   62.085   49.588   1000.0    880.5
     1     1    20     5     8     1     0     1     1.0   62.278   49.754     97.0    977.7
     2     1    20     5     8     1     0     1     1.0   62.324   50.167    528.4    930.3
     3     1    20     5     8     1     0     1     1.0   62.312   50.106   1037.9    876.2
     1     1    20     5     8     2     0     2     2.0   62.447   49.887     96.3    976.5
     2     1    20     5     8     2     0     2     2.0   62.567   50.684    575.3    921.4
     3     1    20     5     8     2     0     2     2.0   62.597   50.608   1096.3    865.0
     1     1    20     5     8     3     0     3     3.0   62.597   49.991     98.0    975.6
     2     1    20     5     8     3     0     3     3.0   62.814   51.132    648.2    914.4
     3     1    20     5     8     3     0     3     3.0   62.933   51.084   1188.9    856.8
     1     1    20     5     8     4     0     2     4.0   62.740   50.118    115.1    974.0
     2     1    20     5     8     4     0     2     4.0   63.099   51.555    730.3    899.9
     3     1    20     5     8     4     0     2     4.0   63.313   51.626   1295.8    838.7
     1     1    20     5     8     5     0     1     5.0   62.912   50.329    183.0    966.7
     2     1    20     5     8     5     0     1     5.0   63.422   52.001    795.1    891.6
     3     1    20     5     8     5     0     1     5.0   63.710   52.277   1373.1    829.8
     1     1    20     5     8     6     0     0     6.0   63.137   50.601    337.8    948.3
     2     1    20     5     8     6     0     0     6.0   63.769   52.471    862.4    884.0
     3     1    20     5     8     6     0     0     6.0   64.112   52.974   1451.8    826.3
     1     1    20     5     8     7     0     1     7.0   63.348   50.895    507.5    919.0
     2     1    20     5     8     7     0     1     7.0   64.084   53.030    966.9    880.5
     3     1    20     5     8     7     0     1     7.0   64.498   53.725   1556.2    820.2
     1     1    20     5     8     8     0     2     8.0   63.473   51.230    602.5    911.2
     2     1    20     5     8     8     0     2     8.0   64.367   53.734   1072.7    862.4
     3     1    20     5     8     8     0     2     8.0   64.900   54.522   1818.3    797.9
     1     1    20     5     8     9     0     3     9.0   63.531   51.721    669.4    905.4
     2     1    20     5     8     9     0     3     9.0   64.630   54.443   1181.2    862.1
     3     1    20     5     8     9     0     3     9.0   65.424   55.421   2450.5    726.4
     1     1    20     5     8    10     0     2    10.0   63.581   52.357    749.1    897.7
     2     1    20     5     8    10     0     2    10.0   65.009   55.277   1747.6    795.4
     3     1    20     5     8    10     0     2    10.0   65.946   56.608   2704.2    704.6
     1     1    20     5     8    11     0     1    11.0   63.671   53.002    849.9    887.6
     2     1    20     5     8    11     0     1    11.0   65.343   56.433   1985.7    775.6
     3     1    20     5     8    11     0     1    11.0   66.353   58.224   2643.5    715.2
     1     1    20     5     8    12     0     0    12.0   63.738   53.618    864.5    888.3
     2     1    20     5     8    12     0     0    12.0   65.580   57.846   2019.4    779.4
     3     1    20     5     8    12     0     0    12.0   66.762   59.964   2761.1    710.0
     1     1    20     5     8    13     0     1    13.0   63.754   54.191    843.7    891.9
     2     1    20     5     8    13     0     1    13.0   65.885   59.400   2084.1    759.4
     3     1    20     5     8    13     0     1    13.0   67.267   61.670   3060.4    674.3
     1     1    20     5     8    14     0     2    14.0   63.788   54.764    861.5    889.3
     2     1    20     5     8    14     0     2    14.0   66.193   60.923   2117.2    761.9
     3     1    20     5     8    14     0     2    14.0   67.688   63.642   3125.6    663.1
     1     1    20     5     8    15     0     3    15.0   63.823   55.329    878.6    887.2
     2     1    20     5     8    15     0     3    15.0   66.344   62.523   2023.6    755.9
     3     1    20     5     8    15     0     3    15.0   68.045   65.748   3397.5    625.7
     1     1    20     5     8    16     0     2    16.0   63.834   55.893    833.3    893.6
     2     1    20     5     8    16     0     2    16.0   66.449   64.079   1898.0    787.3
     3     1    20     5     8    16     0     2    16.0   68.513   67.936   4027.6    599.6
     1     1    20     5     8    17     0     1    17.0   63.838   56.401    793.0    901.3
     2     1    20     5     8    17     0     1    17.0   66.575   65.622   1856.6    778.2
     3     1    20     5     8    17     0     1    17.0   68.931   70.399   4142.6    593.1
     1     1    20     5     8    18     0     0    18.0   63.839   56.848    797.8    903.8
     2     1    20     5     8    18     0     0    18.0   66.763   67.170   1889.9    788.3
     3     1    20     5     8    18     0     0    18.0   69.342   72.943   4117.0    597.0
     1     1    20     5     8    19     0     1    19.0   63.846   57.311    811.8    898.9
     2     1    20     5     8    19     0     1    19.0   66.915   68.625   1960.4    788.9
     3     1    20     5     8    19     0     1    19.0   69.803   75.532   4371.2    572.5
     1     1    20     5     8    20     0     2    20.0   63.870   57.850    796.6    893.4
     2     1    20     5     8    20     0     2    20.0   67.018   70.212   1857.7    799.9
     3     1    20     5     8    20     0     2    20.0   70.228   78.187   4438.7    568.5
     1     1    20     5     8    21     0     3    21.0   63.913   58.485    787.2    886.2
     2     1    20     5     8    21     0     3    21.0   67.123   71.876   1838.3    802.1
     3     1    20     5     8    21     0     3    21.0   70.690   80.901   4738.5    548.0
     1     1    20     5     8    22     0     2    22.0   63.940   59.245    809.3    873.9
     2     1    20     5     8    22     0     2    22.0   67.230   73.495   1893.3    795.1
     3     1    20     5     8    22     0     2    22.0   71.168   83.788   5133.4    511.0
     1     1    20     5     8    23     0     1    23.0   63.929   60.174    456.4    918.4
     2     1    20     5     8    23     0     1    23.0   67.307   75.136   1830.6    796.6
     3     1    20     5     8    23     0     1    23.0   71.656   86.610   5421.4    490.7
     1     1    20     5     9     0     0     0    24.0   63.948   60.899    205.2    972.1
     2     1    20     5     9     0     0     0    24.0   67.319   76.752   1803.9    804.4
     3     1    20     5     9     0     0     0    24.0   72.216   89.460   5758.2    468.5
