     5     1
    GDAS    20     7     1     0     0
    GDAS    20     7     8     0     0
    GDAS    20     7    15     0     0
    GDAS    20     7    22     0     0
    GDAS    20     7    29     0     0
     3 FORWARD  OMEGA   
    20     7    12     0   62.085   49.588   100.0
    20     7    12     0   62.085   49.588   500.0
    20     7    12     0   62.085   49.588  1000.0
     1 PRESSURE
     1     1    20     7    12     0     0     0     0.0   62.085   49.588    100.0    985.2
     2     1    20     7    12     0     0     0     0.0   62.085   49.588    500.0    941.6
     3     1    20     7    12     0     0     0     0.0   62.085   49.588   1000.0    887.8
     1     1    20     7    12     1     0     1     1.0   62.307   49.895     87.0    984.9
     2     1    20     7    12     1     0     1     1.0   62.447   50.293    486.3    939.4
     3     1    20     7    12     1     0     1     1.0   62.352   50.627   1021.3    882.1
     1     1    20     7    12     2     0     2     2.0   62.522   50.154     75.6    984.4
     2     1    20     7    12     2     0     2     2.0   62.826   50.959    536.0    930.7
     3     1    20     7    12     2     0     2     2.0   62.646   51.590   1116.1    866.5
     1     1    20     7    12     3     0     3     3.0   62.741   50.418     68.5    983.2
     2     1    20     7    12     3     0     3     3.0   63.220   51.741    632.8    916.9
     3     1    20     7    12     3     0     3     3.0   62.908   52.551   1140.6    862.9
     1     1    20     7    12     4     0     2     4.0   62.963   50.745     67.7    982.2
     2     1    20     7    12     4     0     2     4.0   63.611   52.534    715.4    904.1
     3     1    20     7    12     4     0     2     4.0   63.187   53.583   1196.5    855.3
     1     1    20     7    12     5     0     1     5.0   63.194   51.149     72.7    979.5
     2     1    20     7    12     5     0     1     5.0   64.022   53.374    756.3    902.4
     3     1    20     7    12     5     0     1     5.0   63.560   54.626   1224.9    853.4
     1     1    20     7    12     6     0     0     6.0   63.436   51.651     89.6    974.4
     2     1    20     7    12     6     0     0     6.0   64.458   54.299    788.3    900.7
     3     1    20     7    12     6     0     0     6.0   63.912   55.729   1274.4    853.4
     1     1    20     7    12     7     0     1     7.0   63.697   52.297    158.8    963.3
     2     1    20     7    12     7     0     1     7.0   64.899   55.198    852.6    891.4
     3     1    20     7    12     7     0     1     7.0   64.272   56.868   1482.3    832.8
     1     1    20     7    12     8     0     2     8.0   63.966   53.023    164.9    963.8
     2     1    20     7    12     8     0     2     8.0   65.331   56.040    889.7    892.6
     3     1    20     7    12     8     0     2     8.0   64.615   58.011   1665.7    812.9
     1     1    20     7    12     9     0     3     9.0   64.202   53.721    128.2    972.5
     2     1    20     7    12     9     0     3     9.0   65.750   56.948    934.2    887.8
     3     1    20     7    12     9     0     3     9.0   64.840   59.393   2011.7    736.8
     1     1    20     7    12    10     0     2    10.0   64.416   54.481    154.0    967.9
     2     1    20     7    12    10     0     2    10.0   66.145   57.872   1072.7    872.9
     3     1    20     7    12    10     0     2    10.0   65.045   60.924   2364.8    694.7
     1     1    20     7    12    11     0     1    11.0   64.616   55.289    149.7    968.0
     2     1    20     7    12    11     0     1    11.0   66.448   58.715   1217.8    853.6
     3     1    20     7    12    11     0     1    11.0   65.200   62.219   2461.4    726.3
     1     1    20     7    12    12     0     0    12.0   64.765   56.110    125.2    974.6
     2     1    20     7    12    12     0     0    12.0   66.683   59.681   1364.6    841.9
     3     1    20     7    12    12     0     0    12.0   65.290   63.621   2500.5    738.4
     1     1    20     7    12    13     0     1    13.0   64.870   56.872     98.2    979.0
     2     1    20     7    12    13     0     1    13.0   66.963   60.676   1673.2    816.4
     3     1    20     7    12    13     0     1    13.0   65.453   64.912   2827.7    706.5
     1     1    20     7    12    14     0     2    14.0   64.966   57.555     95.9    980.3
     2     1    20     7    12    14     0     2    14.0   67.228   61.461   2236.9    746.3
     3     1    20     7    12    14     0     2    14.0   65.559   66.136   2925.1    703.8
     1     1    20     7    12    15     0     3    15.0   65.085   58.368    186.0    959.2
     2     1    20     7    12    15     0     3    15.0   67.461   62.132   2447.8    728.5
     3     1    20     7    12    15     0     3    15.0   65.625   67.483   3036.0    691.8
     1     1    20     7    12    16     0     2    16.0   65.190   59.423    439.8    887.5
     2     1    20     7    12    16     0     2    16.0   67.701   62.806   2488.7    727.0
     3     1    20     7    12    16     0     2    16.0   65.675   68.897   3095.7    686.2
     1     1    20     7    12    17     0     1    17.0   65.190   60.679    343.6    890.9
     2     1    20     7    12    17     0     1    17.0   67.912   63.534   2515.8    722.5
     3     1    20     7    12    17     0     1    17.0   65.665   70.078   3009.4    690.3
     1     1    20     7    12    18     0     0    18.0   65.180   61.603    160.3    942.4
     2     1    20     7    12    18     0     0    18.0   68.061   64.315   2660.0    705.1
     3     1    20     7    12    18     0     0    18.0   65.684   71.278   2994.7    698.6
     1     1    20     7    12    19     0     1    19.0   65.242   62.129     31.2    974.7
     2     1    20     7    12    19     0     1    19.0   68.152   65.048   2888.4    683.2
     3     1    20     7    12    19     0     1    19.0   65.736   72.572   3145.3    682.7
     1     1    20     7    12    20     0     2    20.0   65.314   62.539      0.0    973.9
     2     1    20     7    12    20     0     2    20.0   68.201   65.679   3099.7    655.5
     3     1    20     7    12    20     0     2    20.0   65.789   73.682   3283.5    667.0
     1     1    20     7    12    21     0     3    21.0   65.366   63.069      0.0    971.5
     2     1    20     7    12    21     0     3    21.0   68.196   66.263   3288.3    635.9
     3     1    20     7    12    21     0     3    21.0   65.809   74.789   3533.8    644.5
     1     1    20     7    12    22     0     2    22.0   65.384   63.641      0.0    983.7
     2     1    20     7    12    22     0     2    22.0   68.154   66.855   3303.8    640.7
     3     1    20     7    12    22     0     2    22.0   65.812   75.916   3700.9    624.2
     1     1    20     7    12    23     0     1    23.0   65.377   64.129      0.0    992.6
     2     1    20     7    12    23     0     1    23.0   68.102   67.441   3202.6    661.5
     3     1    20     7    12    23     0     1    23.0   65.823   76.919   3825.7    628.0
     1     1    20     7    13     0     0     0    24.0   65.364   64.577      0.0    995.6
     2     1    20     7    13     0     0     0    24.0   68.018   67.950   3117.5    678.6
     3     1    20     7    13     0     0     0    24.0   65.839   77.777   4198.7    598.0
