     5     1
    GDAS    20     8    15     0     0
    GDAS    20     8    22     0     0
    GDAS    20     8    29     0     0
    GDAS    20     9     1     0     0
    GDAS    20     9     8     0     0
     3 FORWARD  OMEGA   
    20     8    27     0   62.085   49.588   100.0
    20     8    27     0   62.085   49.588   500.0
    20     8    27     0   62.085   49.588  1000.0
     1 PRESSURE
     1     1    20     8    27     0     0     0     0.0   62.085   49.588    100.0    977.1
     2     1    20     8    27     0     0     0     0.0   62.085   49.588    500.0    932.8
     3     1    20     8    27     0     0     0     0.0   62.085   49.588   1000.0    879.4
     1     1    20     8    27     1     0     1     1.0   62.228   49.680     94.4    976.1
     2     1    20     8    27     1     0     1     1.0   62.284   50.066    520.1    928.5
     3     1    20     8    27     1     0     1     1.0   62.289   50.061    962.4    882.9
     1     1    20     8    27     2     0     2     2.0   62.344   49.773     83.7    976.7
     2     1    20     8    27     2     0     2     2.0   62.500   50.458    531.1    924.2
     3     1    20     8    27     2     0     2     2.0   62.518   50.494    941.0    882.2
     1     1    20     8    27     3     0     3     3.0   62.430   49.876     71.0    977.9
     2     1    20     8    27     3     0     3     3.0   62.729   50.750    546.9    922.5
     3     1    20     8    27     3     0     3     3.0   62.783   50.848    956.4    880.9
     1     1    20     8    27     4     0     2     4.0   62.496   49.963     61.8    978.3
     2     1    20     8    27     4     0     2     4.0   62.967   50.965    608.3    918.1
     3     1    20     8    27     4     0     2     4.0   63.077   51.178   1035.7    872.0
     1     1    20     8    27     5     0     1     5.0   62.552   50.012     59.4    977.8
     2     1    20     8    27     5     0     1     5.0   63.213   51.157    715.9    901.5
     3     1    20     8    27     5     0     1     5.0   63.387   51.522   1124.3    854.4
     1     1    20     8    27     6     0     0     6.0   62.596   50.029     62.0    977.0
     2     1    20     8    27     6     0     0     6.0   63.462   51.354    804.1    887.0
     3     1    20     8    27     6     0     0     6.0   63.692   51.879   1128.6    848.1
     1     1    20     8    27     7     0     1     7.0   62.613   50.076     66.7    976.8
     2     1    20     8    27     7     0     1     7.0   63.696   51.579    857.6    881.6
     3     1    20     8    27     7     0     1     7.0   63.975   52.233   1075.5    858.8
     1     1    20     8    27     8     0     2     8.0   62.602   50.209     74.5    976.5
     2     1    20     8    27     8     0     2     8.0   63.914   51.839    892.5    876.1
     3     1    20     8    27     8     0     2     8.0   64.243   52.562   1047.7    869.0
     1     1    20     8    27     9     0     3     9.0   62.581   50.421     91.5    974.3
     2     1    20     8    27     9     0     3     9.0   64.125   52.100    924.5    876.4
     3     1    20     8    27     9     0     3     9.0   64.503   52.846   1040.8    870.1
     1     1    20     8    27    10     0     2    10.0   62.567   50.695    116.3    970.1
     2     1    20     8    27    10     0     2    10.0   64.334   52.362    971.1    875.2
     3     1    20     8    27    10     0     2    10.0   64.764   53.097   1082.5    873.5
     1     1    20     8    27    11     0     1    11.0   62.539   51.039    134.4    966.9
     2     1    20     8    27    11     0     1    11.0   64.548   52.626   1060.3    871.8
     3     1    20     8    27    11     0     1    11.0   65.030   53.342   1216.4    860.4
     1     1    20     8    27    12     0     0    12.0   62.457   51.501    131.2    966.8
     2     1    20     8    27    12     0     0    12.0   64.786   52.877   1302.7    857.1
     3     1    20     8    27    12     0     0    12.0   65.291   53.591   1372.6    837.6
     1     1    20     8    27    13     0     1    13.0   62.371   52.044    119.7    970.4
     2     1    20     8    27    13     0     1    13.0   65.015   53.164   1600.1    811.0
     3     1    20     8    27    13     0     1    13.0   65.550   53.863   1494.7    826.9
     1     1    20     8    27    14     0     2    14.0   62.326   52.582    118.5    970.3
     2     1    20     8    27    14     0     2    14.0   65.239   53.494   1768.2    794.5
     3     1    20     8    27    14     0     2    14.0   65.828   54.130   1703.6    815.6
     1     1    20     8    27    15     0     3    15.0   62.275   53.155    123.5    968.5
     2     1    20     8    27    15     0     3    15.0   65.501   53.798   1925.4    790.0
     3     1    20     8    27    15     0     3    15.0   66.173   54.339   2058.7    775.3
     1     1    20     8    27    16     0     2    16.0   62.219   53.791    111.1    966.4
     2     1    20     8    27    16     0     2    16.0   65.800   54.064   2147.0    764.5
     3     1    20     8    27    16     0     2    16.0   66.552   54.606   2313.2    737.3
     1     1    20     8    27    17     0     1    17.0   62.199   54.383     97.8    972.7
     2     1    20     8    27    17     0     1    17.0   66.106   54.372   2328.9    742.1
     3     1    20     8    27    17     0     1    17.0   66.907   54.906   2653.4    733.1
     1     1    20     8    27    18     0     0    18.0   62.171   54.941     97.5    976.5
     2     1    20     8    27    18     0     0    18.0   66.401   54.740   2560.5    733.7
     3     1    20     8    27    18     0     0    18.0   67.308   55.141   3201.3    674.0
     1     1    20     8    27    19     0     1    19.0   62.138   55.496    105.9    975.5
     2     1    20     8    27    19     0     1    19.0   66.733   55.050   2952.6    695.7
     3     1    20     8    27    19     0     1    19.0   67.767   55.480   3590.4    624.3
     1     1    20     8    27    20     0     2    20.0   62.125   56.056    115.0    973.9
     2     1    20     8    27    20     0     2    20.0   67.136   55.368   3297.1    648.3
     3     1    20     8    27    20     0     2    20.0   68.247   55.869   3911.7    624.7
     1     1    20     8    27    21     0     3    21.0   62.111   56.592    118.1    973.8
     2     1    20     8    27    21     0     3    21.0   67.574   55.737   3491.7    647.2
     3     1    20     8    27    21     0     3    21.0   68.773   56.244   4299.6    575.6
     1     1    20     8    27    22     0     2    22.0   62.100   57.090    121.4    974.1
     2     1    20     8    27    22     0     2    22.0   68.056   56.098   3840.3    625.5
     3     1    20     8    27    22     0     2    22.0   69.337   56.555   4456.4    568.7
     1     1    20     8    27    23     0     1    23.0   62.108   57.574    139.1    969.7
     2     1    20     8    27    23     0     1    23.0   68.606   56.479   4220.1    580.1
     3     1    20     8    27    23     0     1    23.0   69.898   56.844   4470.2    568.5
     1     1    20     8    28     0     0     0    24.0   62.128   58.071    185.2    960.3
     2     1    20     8    28     0     0     0    24.0   69.196   56.855   4573.1    573.9
     3     1    20     8    28     0     0     0    24.0   70.466   57.169   4441.6    575.9
