     5     1
    GDAS    20     3    15     0     0
    GDAS    20     3    22     0     0
    GDAS    20     3    29     0     0
    GDAS    20     4     1     0     0
    GDAS    20     4     8     0     0
     3 FORWARD  OMEGA   
    20     3    22     0   62.085   49.588   100.0
    20     3    22     0   62.085   49.588   500.0
    20     3    22     0   62.085   49.588  1000.0
     1 PRESSURE
     1     1    20     3    22     0     0     0     0.0   62.085   49.588    100.0    998.5
     2     1    20     3    22     0     0     0     0.0   62.085   49.588    500.0    948.2
     3     1    20     3    22     0     0     0     0.0   62.085   49.588   1000.0    888.4
     1     1    20     3    22     1     0     1     1.0   61.950   49.698    119.9    997.0
     2     1    20     3    22     1     0     1     1.0   61.857   49.609    538.9    943.6
     3     1    20     3    22     1     0     1     1.0   61.831   49.687   1014.6    886.2
     1     1    20     3    22     2     0     2     2.0   61.804   49.815    141.6    993.4
     2     1    20     3    22     2     0     2     2.0   61.629   49.659    572.4    938.4
     3     1    20     3    22     2     0     2     2.0   61.571   49.781   1025.0    884.1
     1     1    20     3    22     3     0     3     3.0   61.650   49.945    163.2    990.3
     2     1    20     3    22     3     0     3     3.0   61.392   49.743    604.8    933.9
     3     1    20     3    22     3     0     3     3.0   61.298   49.876   1044.1    881.2
     1     1    20     3    22     4     0     2     4.0   61.495   50.088    181.0    987.2
     2     1    20     3    22     4     0     2     4.0   61.145   49.838    635.5    928.5
     3     1    20     3    22     4     0     2     4.0   61.018   49.951   1074.2    875.6
     1     1    20     3    22     5     0     1     5.0   61.349   50.241    191.3    985.4
     2     1    20     3    22     5     0     1     5.0   60.895   49.904    655.9    924.5
     3     1    20     3    22     5     0     1     5.0   60.744   49.977   1096.8    870.5
     1     1    20     3    22     6     0     0     6.0   61.218   50.400    195.1    984.7
     2     1    20     3    22     6     0     0     6.0   60.640   49.930    662.5    922.5
     3     1    20     3    22     6     0     0     6.0   60.477   49.956   1102.8    868.8
     1     1    20     3    22     7     0     1     7.0   61.092   50.563    194.4    984.7
     2     1    20     3    22     7     0     1     7.0   60.395   49.962    657.4    922.1
     3     1    20     3    22     7     0     1     7.0   60.218   49.929   1098.6    868.8
     1     1    20     3    22     8     0     2     8.0   60.960   50.723    191.1    985.0
     2     1    20     3    22     8     0     2     8.0   60.171   50.025    644.4    922.6
     3     1    20     3    22     8     0     2     8.0   59.974   49.926   1089.9    869.2
     1     1    20     3    22     9     0     3     9.0   60.818   50.881    186.8    984.8
     2     1    20     3    22     9     0     3     9.0   59.968   50.101    626.4    924.7
     3     1    20     3    22     9     0     3     9.0   59.750   49.940   1079.1    872.6
     1     1    20     3    22    10     0     2    10.0   60.671   51.032    184.3    984.7
     2     1    20     3    22    10     0     2    10.0   59.782   50.176    611.9    929.2
     3     1    20     3    22    10     0     2    10.0   59.544   49.969   1070.2    876.2
     1     1    20     3    22    11     0     1    11.0   60.527   51.173    185.1    984.0
     2     1    20     3    22    11     0     1    11.0   59.603   50.247    604.4    931.8
     3     1    20     3    22    11     0     1    11.0   59.345   50.008   1069.3    878.6
     1     1    20     3    22    12     0     0    12.0   60.382   51.304    188.2    983.1
     2     1    20     3    22    12     0     0    12.0   59.426   50.314    598.7    934.3
     3     1    20     3    22    12     0     0    12.0   59.148   50.054   1078.3    879.7
     1     1    20     3    22    13     0     1    13.0   60.236   51.437    190.6    981.6
     2     1    20     3    22    13     0     1    13.0   59.244   50.366    589.7    936.5
     3     1    20     3    22    13     0     1    13.0   58.949   50.082   1082.9    878.5
     1     1    20     3    22    14     0     2    14.0   60.091   51.588    187.4    980.7
     2     1    20     3    22    14     0     2    14.0   59.049   50.389    575.6    939.8
     3     1    20     3    22    14     0     2    14.0   58.745   50.067   1073.2    878.7
     1     1    20     3    22    15     0     3    15.0   59.948   51.761    175.5    981.4
     2     1    20     3    22    15     0     3    15.0   58.844   50.377    562.2    941.8
     3     1    20     3    22    15     0     3    15.0   58.535   50.003   1061.5    879.7
     1     1    20     3    22    16     0     2    16.0   59.802   51.930    162.1    984.4
     2     1    20     3    22    16     0     2    16.0   58.641   50.323    557.8    942.1
     3     1    20     3    22    16     0     2    16.0   58.329   49.890   1057.9    879.8
     1     1    20     3    22    17     0     1    17.0   59.646   52.064    156.0    986.1
     2     1    20     3    22    17     0     1    17.0   58.450   50.218    560.9    940.5
     3     1    20     3    22    17     0     1    17.0   58.133   49.729   1056.3    879.6
     1     1    20     3    22    18     0     0    18.0   59.483   52.160    157.4    986.8
     2     1    20     3    22    18     0     0    18.0   58.273   50.053    563.5    938.4
     3     1    20     3    22    18     0     0    18.0   57.948   49.527   1047.1    881.8
     1     1    20     3    22    19     0     1    19.0   59.319   52.217    163.3    986.1
     2     1    20     3    22    19     0     1    19.0   58.115   49.833    562.2    938.3
     3     1    20     3    22    19     0     1    19.0   57.781   49.276   1027.6    886.5
     1     1    20     3    22    20     0     2    20.0   59.165   52.242    170.9    985.3
     2     1    20     3    22    20     0     2    20.0   57.979   49.565    553.0    940.6
     3     1    20     3    22    20     0     2    20.0   57.638   48.967    998.6    891.8
     1     1    20     3    22    21     0     3    21.0   59.019   52.239    179.6    984.4
     2     1    20     3    22    21     0     3    21.0   57.863   49.250    533.7    945.7
     3     1    20     3    22    21     0     3    21.0   57.515   48.599    972.1    897.8
     1     1    20     3    22    22     0     2    22.0   58.886   52.206    187.1    984.1
     2     1    20     3    22    22     0     2    22.0   57.761   48.910    505.1    952.0
     3     1    20     3    22    22     0     2    22.0   57.404   48.193    957.9    900.9
     1     1    20     3    22    23     0     1    23.0   58.771   52.146    192.1    984.2
     2     1    20     3    22    23     0     1    23.0   57.667   48.561    477.8    958.7
     3     1    20     3    22    23     0     1    23.0   57.302   47.768    952.6    902.3
     1     1    20     3    23     0     0     0    24.0   58.671   52.064    195.2    984.5
     2     1    20     3    23     0     0     0    24.0   57.586   48.200    460.7    962.9
     3     1    20     3    23     0     0     0    24.0   57.211   47.322    953.4    904.1
