     5     1
    GDAS    20     8    15     0     0
    GDAS    20     8    22     0     0
    GDAS    20     8    29     0     0
    GDAS    20     9     1     0     0
    GDAS    20     9     8     0     0
     3 FORWARD  OMEGA   
    20     8    25     0   62.085   49.588   100.0
    20     8    25     0   62.085   49.588   500.0
    20     8    25     0   62.085   49.588  1000.0
     1 PRESSURE
     1     1    20     8    25     0     0     0     0.0   62.085   49.588    100.0    978.5
     2     1    20     8    25     0     0     0     0.0   62.085   49.588    500.0    934.4
     3     1    20     8    25     0     0     0     0.0   62.085   49.588   1000.0    880.5
     1     1    20     8    25     1     0     1     1.0   62.091   49.807     97.4    978.5
     2     1    20     8    25     1     0     1     1.0   62.019   49.892    506.1    933.8
     3     1    20     8    25     1     0     1     1.0   62.045   49.861   1011.8    878.1
     1     1    20     8    25     2     0     2     2.0   62.108   50.037     92.0    978.9
     2     1    20     8    25     2     0     2     2.0   61.964   50.199    509.6    932.4
     3     1    20     8    25     2     0     2     2.0   62.001   50.132   1004.2    878.9
     1     1    20     8    25     3     0     3     3.0   62.135   50.278     85.3    978.4
     2     1    20     8    25     3     0     3     3.0   61.917   50.499    510.9    929.2
     3     1    20     8    25     3     0     3     3.0   61.949   50.404    988.9    879.0
     1     1    20     8    25     4     0     2     4.0   62.160   50.538     80.8    978.2
     2     1    20     8    25     4     0     2     4.0   61.877   50.819    506.8    928.1
     3     1    20     8    25     4     0     2     4.0   61.894   50.705    975.6    879.0
     1     1    20     8    25     5     0     1     5.0   62.174   50.816     79.4    977.2
     2     1    20     8    25     5     0     1     5.0   61.840   51.179    496.9    927.7
     3     1    20     8    25     5     0     1     5.0   61.839   51.049    964.0    878.2
     1     1    20     8    25     6     0     0     6.0   62.178   51.109     79.0    976.6
     2     1    20     8    25     6     0     0     6.0   61.810   51.582    479.0    930.2
     3     1    20     8    25     6     0     0     6.0   61.786   51.419    961.7    879.8
     1     1    20     8    25     7     0     1     7.0   62.181   51.426     78.2    976.3
     2     1    20     8    25     7     0     1     7.0   61.788   52.018    459.4    932.7
     3     1    20     8    25     7     0     1     7.0   61.735   51.818    972.9    877.9
     1     1    20     8    25     8     0     2     8.0   62.190   51.771     77.4    976.1
     2     1    20     8    25     8     0     2     8.0   61.767   52.464    447.7    933.8
     3     1    20     8    25     8     0     2     8.0   61.675   52.264    986.3    875.2
     1     1    20     8    25     9     0     3     9.0   62.203   52.124     78.4    975.4
     2     1    20     8    25     9     0     3     9.0   61.747   52.919    447.9    932.7
     3     1    20     8    25     9     0     3     9.0   61.604   52.750   1006.2    872.7
     1     1    20     8    25    10     0     2    10.0   62.212   52.489     83.8    974.6
     2     1    20     8    25    10     0     2    10.0   61.716   53.394    464.0    930.1
     3     1    20     8    25    10     0     2    10.0   61.515   53.252   1042.0    867.7
     1     1    20     8    25    11     0     1    11.0   62.210   52.865     99.5    972.6
     2     1    20     8    25    11     0     1    11.0   61.658   53.886    483.5    925.0
     3     1    20     8    25    11     0     1    11.0   61.400   53.754   1067.9    863.1
     1     1    20     8    25    12     0     0    12.0   62.195   53.255    122.2    967.7
     2     1    20     8    25    12     0     0    12.0   61.594   54.374    478.0    926.7
     3     1    20     8    25    12     0     0    12.0   61.270   54.253   1048.9    866.1
     1     1    20     8    25    13     0     1    13.0   62.172   53.684    136.2    963.5
     2     1    20     8    25    13     0     1    13.0   61.532   54.862    474.9    933.1
     3     1    20     8    25    13     0     1    13.0   61.141   54.744   1046.8    875.0
     1     1    20     8    25    14     0     2    14.0   62.145   54.154    138.6    962.9
     2     1    20     8    25    14     0     2    14.0   61.452   55.368    512.1    928.3
     3     1    20     8    25    14     0     2    14.0   60.997   55.220   1165.0    865.0
     1     1    20     8    25    15     0     3    15.0   62.125   54.643    145.9    965.7
     2     1    20     8    25    15     0     3    15.0   61.344   55.879    570.1    917.1
     3     1    20     8    25    15     0     3    15.0   60.819   55.680   1359.0    834.4
     1     1    20     8    25    16     0     2    16.0   62.102   55.157    159.2    966.3
     2     1    20     8    25    16     0     2    16.0   61.212   56.395    616.6    910.8
     3     1    20     8    25    16     0     2    16.0   60.621   56.152   1478.8    817.1
     1     1    20     8    25    17     0     1    17.0   62.063   55.691    173.1    965.8
     2     1    20     8    25    17     0     1    17.0   61.068   56.925    675.4    906.8
     3     1    20     8    25    17     0     1    17.0   60.422   56.652   1533.1    818.9
     1     1    20     8    25    18     0     0    18.0   62.003   56.238    193.2    964.6
     2     1    20     8    25    18     0     0    18.0   60.903   57.462    778.7    892.2
     3     1    20     8    25    18     0     0    18.0   60.206   57.174   1614.4    813.4
     1     1    20     8    25    19     0     1    19.0   61.919   56.780    223.3    960.6
     2     1    20     8    25    19     0     1    19.0   60.710   57.974    892.8    871.7
     3     1    20     8    25    19     0     1    19.0   59.967   57.712   1676.8    790.8
     1     1    20     8    25    20     0     2    20.0   61.818   57.280    274.1    953.2
     2     1    20     8    25    20     0     2    20.0   60.484   58.493    889.1    847.6
     3     1    20     8    25    20     0     2    20.0   59.706   58.279   1644.4    782.2
     1     1    20     8    25    21     0     3    21.0   61.690   57.734    361.2    940.1
     2     1    20     8    25    21     0     3    21.0   60.219   59.081    687.9    856.7
     3     1    20     8    25    21     0     3    21.0   59.405   58.884   1490.1    785.6
     1     1    20     8    25    22     0     2    22.0   61.552   58.161    466.7    919.5
     2     1    20     8    25    22     0     2    22.0   59.992   59.647    458.1    917.9
     3     1    20     8    25    22     0     2    22.0   59.081   59.440   1338.6    828.9
     1     1    20     8    25    23     0     1    23.0   61.441   58.585    545.0    897.8
     2     1    20     8    25    23     0     1    23.0   59.820   60.160    300.8    952.6
     3     1    20     8    25    23     0     1    23.0   58.761   59.903   1347.5    844.4
     1     1    20     8    26     0     0     0    24.0   61.363   59.019    574.2    883.8
     2     1    20     8    26     0     0     0    24.0   59.681   60.643    217.4    968.9
     3     1    20     8    26     0     0     0    24.0   58.448   60.335   1449.2    825.6
