     5     1
    GDAS    20     9    15     0     0
    GDAS    20     9    22     0     0
    GDAS    20     9    29     0     0
    GDAS    20    10     1     0     0
    GDAS    20    10     8     0     0
     3 FORWARD  OMEGA   
    20     9    24     0   62.085   49.588   100.0
    20     9    24     0   62.085   49.588   500.0
    20     9    24     0   62.085   49.588  1000.0
     1 PRESSURE
     1     1    20     9    24     0     0     0     0.0   62.085   49.588    100.0    993.8
     2     1    20     9    24     0     0     0     0.0   62.085   49.588    500.0    946.0
     3     1    20     9    24     0     0     0     0.0   62.085   49.588   1000.0    889.7
     1     1    20     9    24     1     0     1     1.0   62.148   49.731     91.7    994.7
     2     1    20     9    24     1     0     1     1.0   62.138   49.842    498.8    946.2
     3     1    20     9    24     1     0     1     1.0   62.078   49.922    996.6    890.9
     1     1    20     9    24     2     0     2     2.0   62.233   49.874     86.7    994.9
     2     1    20     9    24     2     0     2     2.0   62.225   50.137    502.5    944.6
     3     1    20     9    24     2     0     2     2.0   62.091   50.282    998.3    888.9
     1     1    20     9    24     3     0     3     3.0   62.339   50.018     85.0    994.5
     2     1    20     9    24     3     0     3     3.0   62.342   50.471    509.6    941.3
     3     1    20     9    24     3     0     3     3.0   62.114   50.664   1005.2    885.8
     1     1    20     9    24     4     0     2     4.0   62.462   50.166     84.3    992.8
     2     1    20     9    24     4     0     2     4.0   62.476   50.849    515.0    938.5
     3     1    20     9    24     4     0     2     4.0   62.140   51.071   1011.9    882.6
     1     1    20     9    24     5     0     1     5.0   62.597   50.315     82.0    992.0
     2     1    20     9    24     5     0     1     5.0   62.627   51.275    515.7    938.2
     3     1    20     9    24     5     0     1     5.0   62.179   51.497   1014.1    882.9
     1     1    20     9    24     6     0     0     6.0   62.746   50.466     78.2    991.6
     2     1    20     9    24     6     0     0     6.0   62.802   51.749    512.7    938.9
     3     1    20     9    24     6     0     0     6.0   62.238   51.934   1014.4    883.5
     1     1    20     9    24     7     0     1     7.0   62.905   50.608     74.7    991.5
     2     1    20     9    24     7     0     1     7.0   62.993   52.209    501.2    937.8
     3     1    20     9    24     7     0     1     7.0   62.313   52.385   1006.0    882.6
     1     1    20     9    24     8     0     2     8.0   63.078   50.732     73.1    990.7
     2     1    20     9    24     8     0     2     8.0   63.200   52.603    472.8    937.5
     3     1    20     9    24     8     0     2     8.0   62.405   52.856    975.2    883.8
     1     1    20     9    24     9     0     3     9.0   63.267   50.843     73.8    988.9
     2     1    20     9    24     9     0     3     9.0   63.431   52.939    426.1    942.8
     3     1    20     9    24     9     0     3     9.0   62.521   53.338    920.2    889.3
     1     1    20     9    24    10     0     2    10.0   63.472   50.969     78.6    987.0
     2     1    20     9    24    10     0     2    10.0   63.686   53.243    377.9    953.0
     3     1    20     9    24    10     0     2    10.0   62.659   53.822    867.3    898.2
     1     1    20     9    24    11     0     1    11.0   63.692   51.143     91.5    983.2
     2     1    20     9    24    11     0     1    11.0   63.968   53.548    342.5    958.4
     3     1    20     9    24    11     0     1    11.0   62.808   54.331    834.5    901.7
     1     1    20     9    24    12     0     0    12.0   63.933   51.377    120.1    977.4
     2     1    20     9    24    12     0     0    12.0   64.279   53.853    317.8    962.6
     3     1    20     9    24    12     0     0    12.0   62.967   54.880    816.6    900.4
     1     1    20     9    24    13     0     1    13.0   64.200   51.680    160.9    972.5
     2     1    20     9    24    13     0     1    13.0   64.618   54.171    300.0    965.9
     3     1    20     9    24    13     0     1    13.0   63.128   55.470    807.4    903.4
     1     1    20     9    24    14     0     2    14.0   64.479   52.046    191.0    973.0
     2     1    20     9    24    14     0     2    14.0   64.981   54.536    280.0    966.2
     3     1    20     9    24    14     0     2    14.0   63.296   56.082    802.8    907.9
     1     1    20     9    24    15     0     3    15.0   64.760   52.461    190.5    976.4
     2     1    20     9    24    15     0     3    15.0   65.359   54.971    249.8    969.1
     3     1    20     9    24    15     0     3    15.0   63.476   56.710    819.5    909.2
     1     1    20     9    24    16     0     2    16.0   65.012   52.865    169.4    983.4
     2     1    20     9    24    16     0     2    16.0   65.718   55.433    224.2    977.3
     3     1    20     9    24    16     0     2    16.0   63.644   57.357    858.7    901.6
     1     1    20     9    24    17     0     1    17.0   65.226   53.239    154.2    986.2
     2     1    20     9    24    17     0     1    17.0   66.042   55.887    205.1    979.5
     3     1    20     9    24    17     0     1    17.0   63.787   58.035    915.3    887.9
     1     1    20     9    24    18     0     0    18.0   65.420   53.599    151.7    986.5
     2     1    20     9    24    18     0     0    18.0   66.348   56.358    198.2    982.1
     3     1    20     9    24    18     0     0    18.0   63.893   58.749   1030.6    869.7
     1     1    20     9    24    19     0     1    19.0   65.602   53.948    157.7    985.6
     2     1    20     9    24    19     0     1    19.0   66.648   56.908    220.2    979.1
     3     1    20     9    24    19     0     1    19.0   63.927   59.513   1112.1    843.6
     1     1    20     9    24    20     0     2    20.0   65.773   54.306    166.8    983.8
     2     1    20     9    24    20     0     2    20.0   66.928   57.571    244.1    973.2
     3     1    20     9    24    20     0     2    20.0   63.906   60.344    978.0    874.7
     1     1    20     9    24    21     0     3    21.0   65.936   54.704    176.9    983.1
     2     1    20     9    24    21     0     3    21.0   67.193   58.313    234.2    974.9
     3     1    20     9    24    21     0     3    21.0   63.883   61.124    877.4    908.1
     1     1    20     9    24    22     0     2    22.0   66.091   55.153    188.2    982.3
     2     1    20     9    24    22     0     2    22.0   67.423   59.143    226.9    973.1
     3     1    20     9    24    22     0     2    22.0   63.880   61.850    839.2    911.2
     1     1    20     9    24    23     0     1    23.0   66.223   55.637    189.6    982.5
     2     1    20     9    24    23     0     1    23.0   67.613   60.011    255.1    973.9
     3     1    20     9    24    23     0     1    23.0   63.910   62.542    813.9    911.2
     1     1    20     9    25     0     0     0    24.0   66.328   56.152    188.6    983.1
     2     1    20     9    25     0     0     0    24.0   67.748   60.977    320.3    959.2
     3     1    20     9    25     0     0     0    24.0   63.963   63.183    809.2    909.4
