     5     1
    GDAS    20     4     1     0     0
    GDAS    20     4     8     0     0
    GDAS    20     4    15     0     0
    GDAS    20     4    22     0     0
    GDAS    20     4    29     0     0
     3 FORWARD  OMEGA   
    20     4    12     0   62.085   49.588   100.0
    20     4    12     0   62.085   49.588   500.0
    20     4    12     0   62.085   49.588  1000.0
     1 PRESSURE
     1     1    20     4    12     0     0     0     0.0   62.085   49.588    100.0    991.5
     2     1    20     4    12     0     0     0     0.0   62.085   49.588    500.0    942.0
     3     1    20     4    12     0     0     0     0.0   62.085   49.588   1000.0    883.5
     1     1    20     4    12     1     0     1     1.0   62.045   49.552    102.6    991.7
     2     1    20     4    12     1     0     1     1.0   62.026   49.534    504.8    942.0
     3     1    20     4    12     1     0     1     1.0   62.024   49.578    998.9    883.7
     1     1    20     4    12     2     0     2     2.0   62.001   49.522    104.4    992.0
     2     1    20     4    12     2     0     2     2.0   61.962   49.477    504.1    941.9
     3     1    20     4    12     2     0     2     2.0   61.948   49.566    985.5    885.1
     1     1    20     4    12     3     0     3     3.0   61.949   49.498    105.1    991.6
     2     1    20     4    12     3     0     3     3.0   61.887   49.417    494.7    942.4
     3     1    20     4    12     3     0     3     3.0   61.854   49.547    959.5    887.6
     1     1    20     4    12     4     0     2     4.0   61.892   49.478    105.0    991.5
     2     1    20     4    12     4     0     2     4.0   61.805   49.358    481.1    944.3
     3     1    20     4    12     4     0     2     4.0   61.747   49.512    929.7    891.6
     1     1    20     4    12     5     0     1     5.0   61.834   49.463    105.0    991.3
     2     1    20     4    12     5     0     1     5.0   61.717   49.305    468.2    945.4
     3     1    20     4    12     5     0     1     5.0   61.629   49.454    902.2    893.7
     1     1    20     4    12     6     0     0     6.0   61.774   49.452    104.9    991.0
     2     1    20     4    12     6     0     0     6.0   61.623   49.259    454.4    946.5
     3     1    20     4    12     6     0     0     6.0   61.501   49.372    872.7    895.9
     1     1    20     4    12     7     0     1     7.0   61.705   49.439    104.3    990.4
     2     1    20     4    12     7     0     1     7.0   61.516   49.212    435.2    947.7
     3     1    20     4    12     7     0     1     7.0   61.357   49.273    833.5    898.8
     1     1    20     4    12     8     0     2     8.0   61.619   49.419    102.8    989.9
     2     1    20     4    12     8     0     2     8.0   61.387   49.156    409.0    950.3
     3     1    20     4    12     8     0     2     8.0   61.194   49.168    781.4    903.8
     1     1    20     4    12     9     0     3     9.0   61.516   49.390    100.6    989.3
     2     1    20     4    12     9     0     3     9.0   61.235   49.090    379.9    953.3
     3     1    20     4    12     9     0     3     9.0   61.011   49.062    722.1    909.9
     1     1    20     4    12    10     0     2    10.0   61.401   49.347     99.0    988.5
     2     1    20     4    12    10     0     2    10.0   61.065   49.009    359.6    955.1
     3     1    20     4    12    10     0     2    10.0   60.812   48.950    678.4    917.4
     1     1    20     4    12    11     0     1    11.0   61.279   49.289     98.9    987.2
     2     1    20     4    12    11     0     1    11.0   60.883   48.913    354.1    954.9
     3     1    20     4    12    11     0     1    11.0   60.601   48.821    658.7    918.6
     1     1    20     4    12    12     0     0    12.0   61.152   49.219    101.6    985.5
     2     1    20     4    12    12     0     0    12.0   60.691   48.804    354.2    954.0
     3     1    20     4    12    12     0     0    12.0   60.378   48.677    648.0    919.2
     1     1    20     4    12    13     0     1    13.0   61.017   49.135    106.3    983.2
     2     1    20     4    12    13     0     1    13.0   60.485   48.663    349.6    953.9
     3     1    20     4    12    13     0     1    13.0   60.137   48.498    637.6    919.9
     1     1    20     4    12    14     0     2    14.0   60.875   49.033    110.5    982.1
     2     1    20     4    12    14     0     2    14.0   60.265   48.477    340.1    955.2
     3     1    20     4    12    14     0     2    14.0   59.872   48.272    628.9    921.3
     1     1    20     4    12    15     0     3    15.0   60.727   48.911    111.1    981.8
     2     1    20     4    12    15     0     3    15.0   60.031   48.254    333.8    956.1
     3     1    20     4    12    15     0     3    15.0   59.578   48.013    619.3    921.5
     1     1    20     4    12    16     0     2    16.0   60.581   48.774    108.1    982.4
     2     1    20     4    12    16     0     2    16.0   59.787   48.003    328.6    955.7
     3     1    20     4    12    16     0     2    16.0   59.264   47.723    599.7    922.8
     1     1    20     4    12    17     0     1    17.0   60.439   48.632    104.1    983.1
     2     1    20     4    12    17     0     1    17.0   59.535   47.733    316.5    956.7
     3     1    20     4    12    17     0     1    17.0   58.944   47.399    569.7    926.4
     1     1    20     4    12    18     0     0    18.0   60.301   48.490    100.6    983.6
     2     1    20     4    12    18     0     0    18.0   59.276   47.452    297.2    958.8
     3     1    20     4    12    18     0     0    18.0   58.622   47.054    537.5    930.5
     1     1    20     4    12    19     0     1    19.0   60.163   48.351     98.5    983.3
     2     1    20     4    12    19     0     1    19.0   59.012   47.178    271.0    961.6
     3     1    20     4    12    19     0     1    19.0   58.299   46.719    509.4    934.9
     1     1    20     4    12    20     0     2    20.0   60.020   48.214     97.8    982.5
     2     1    20     4    12    20     0     2    20.0   58.747   46.934    242.0    965.7
     3     1    20     4    12    20     0     2    20.0   57.979   46.412    480.3    940.4
     1     1    20     4    12    21     0     3    21.0   59.872   48.082     97.7    981.5
     2     1    20     4    12    21     0     3    21.0   58.488   46.724    216.4    970.1
     3     1    20     4    12    21     0     3    21.0   57.665   46.140    438.5    946.9
     1     1    20     4    12    22     0     2    22.0   59.717   47.957     97.1    981.6
     2     1    20     4    12    22     0     2    22.0   58.238   46.564    198.4    974.1
     3     1    20     4    12    22     0     2    22.0   57.356   45.944    392.0    955.0
     1     1    20     4    12    23     0     1    23.0   59.558   47.839     95.8    981.9
     2     1    20     4    12    23     0     1    23.0   57.994   46.469    189.6    976.4
     3     1    20     4    12    23     0     1    23.0   57.045   45.856    352.4    958.7
     1     1    20     4    13     0     0     0    24.0   59.397   47.735     93.4    982.3
     2     1    20     4    13     0     0     0    24.0   57.753   46.435    184.9    977.3
     3     1    20     4    13     0     0     0    24.0   56.732   45.868    324.0    962.0
