     5     1
    GDAS    20     4     1     0     0
    GDAS    20     4     8     0     0
    GDAS    20     4    15     0     0
    GDAS    20     4    22     0     0
    GDAS    20     4    29     0     0
     3 FORWARD  OMEGA   
    20     4    13     0   62.085   49.588   100.0
    20     4    13     0   62.085   49.588   500.0
    20     4    13     0   62.085   49.588  1000.0
     1 PRESSURE
     1     1    20     4    13     0     0     0     0.0   62.085   49.588    100.0    991.2
     2     1    20     4    13     0     0     0     0.0   62.085   49.588    500.0    941.8
     3     1    20     4    13     0     0     0     0.0   62.085   49.588   1000.0    883.5
     1     1    20     4    13     1     0     1     1.0   62.024   49.421    106.1    990.8
     2     1    20     4    13     1     0     1     1.0   61.986   49.158    478.8    944.5
     3     1    20     4    13     1     0     1     1.0   61.960   49.131    955.9    888.6
     1     1    20     4    13     2     0     2     2.0   61.959   49.241    112.0    989.7
     2     1    20     4    13     2     0     2     2.0   61.917   48.735    452.0    945.5
     3     1    20     4    13     2     0     2     2.0   61.866   48.694    906.2    892.0
     1     1    20     4    13     3     0     3     3.0   61.893   49.056    116.7    988.2
     2     1    20     4    13     3     0     3     3.0   61.884   48.317    420.9    946.0
     3     1    20     4    13     3     0     3     3.0   61.808   48.289    855.0    894.5
     1     1    20     4    13     4     0     2     4.0   61.830   48.865    118.6    985.8
     2     1    20     4    13     4     0     2     4.0   61.891   47.923    385.6    948.4
     3     1    20     4    13     4     0     2     4.0   61.787   47.910    800.9    898.5
     1     1    20     4    13     5     0     1     5.0   61.778   48.669    116.6    984.0
     2     1    20     4    13     5     0     1     5.0   61.932   47.580    353.1    952.3
     3     1    20     4    13     5     0     1     5.0   61.805   47.555    744.7    904.7
     1     1    20     4    13     6     0     0     6.0   61.737   48.472    111.0    982.8
     2     1    20     4    13     6     0     0     6.0   62.000   47.272    327.9    954.6
     3     1    20     4    13     6     0     0     6.0   61.865   47.213    683.3    911.4
     1     1    20     4    13     7     0     1     7.0   61.709   48.276    104.5    982.2
     2     1    20     4    13     7     0     1     7.0   62.098   46.983    312.6    956.3
     3     1    20     4    13     7     0     1     7.0   61.972   46.891    628.2    920.4
     1     1    20     4    13     8     0     2     8.0   61.698   48.081     99.8    981.4
     2     1    20     4    13     8     0     2     8.0   62.231   46.711    304.3    957.7
     3     1    20     4    13     8     0     2     8.0   62.125   46.595    585.7    925.7
     1     1    20     4    13     9     0     3     9.0   61.705   47.888     97.3    980.8
     2     1    20     4    13     9     0     3     9.0   62.399   46.443    293.6    958.7
     3     1    20     4    13     9     0     3     9.0   62.318   46.313    540.8    930.0
     1     1    20     4    13    10     0     2    10.0   61.735   47.706     98.3    980.1
     2     1    20     4    13    10     0     2    10.0   62.607   46.175    278.7    959.6
     3     1    20     4    13    10     0     2    10.0   62.554   46.034    489.8    935.2
     1     1    20     4    13    11     0     1    11.0   61.788   47.541    104.7    978.7
     2     1    20     4    13    11     0     1    11.0   62.853   45.907    259.9    959.4
     3     1    20     4    13    11     0     1    11.0   62.836   45.747    444.1    939.0
     1     1    20     4    13    12     0     0    12.0   61.865   47.388    119.8    976.3
     2     1    20     4    13    12     0     0    12.0   63.128   45.623    240.8    960.2
     3     1    20     4    13    12     0     0    12.0   63.156   45.433    413.7    940.9
     1     1    20     4    13    13     0     1    13.0   61.971   47.219    144.5    972.9
     2     1    20     4    13    13     0     1    13.0   63.436   45.304    221.5    963.5
     3     1    20     4    13    13     0     1    13.0   63.524   45.073    390.3    944.6
     1     1    20     4    13    14     0     2    14.0   62.118   47.003    176.7    969.2
     2     1    20     4    13    14     0     2    14.0   63.783   44.946    195.0    969.7
     3     1    20     4    13    14     0     2    14.0   63.945   44.675    357.1    950.6
     1     1    20     4    13    15     0     3    15.0   62.320   46.731    205.2    966.1
     2     1    20     4    13    15     0     3    15.0   64.154   44.589    172.2    975.0
     3     1    20     4    13    15     0     3    15.0   64.403   44.285    335.0    958.0
     1     1    20     4    13    16     0     2    16.0   62.584   46.435    223.4    964.0
     2     1    20     4    13    16     0     2    16.0   64.527   44.264    159.0    978.8
     3     1    20     4    13    16     0     2    16.0   64.877   43.925    325.4    961.6
     1     1    20     4    13    17     0     1    17.0   62.902   46.156    233.4    960.8
     2     1    20     4    13    17     0     1    17.0   64.877   43.985    141.8    984.2
     3     1    20     4    13    17     0     1    17.0   65.338   43.585    311.5    962.2
     1     1    20     4    13    18     0     0    18.0   63.267   45.903    226.5    959.6
     2     1    20     4    13    18     0     0    18.0   65.190   43.745    121.8    987.1
     3     1    20     4    13    18     0     0    18.0   65.786   43.247    288.5    964.2
     1     1    20     4    13    19     0     1    19.0   63.643   45.656    194.7    964.8
     2     1    20     4    13    19     0     1    19.0   65.481   43.491    107.0    987.8
     3     1    20     4    13    19     0     1    19.0   66.215   42.868    245.6    970.8
     1     1    20     4    13    20     0     2    20.0   63.991   45.395    148.3    973.0
     2     1    20     4    13    20     0     2    20.0   65.754   43.187     90.8    989.6
     3     1    20     4    13    20     0     2    20.0   66.621   42.406    213.9    978.9
     1     1    20     4    13    21     0     3    21.0   64.290   45.123    110.9    981.2
     2     1    20     4    13    21     0     3    21.0   66.004   42.836     69.9    994.2
     3     1    20     4    13    21     0     3    21.0   67.025   41.923    225.7    976.4
     1     1    20     4    13    22     0     2    22.0   64.553   44.840     88.1    985.3
     2     1    20     4    13    22     0     2    22.0   66.238   42.469     51.3    995.8
     3     1    20     4    13    22     0     2    22.0   67.438   41.493    260.1    964.1
     1     1    20     4    13    23     0     1    23.0   64.793   44.558     72.1    989.4
     2     1    20     4    13    23     0     1    23.0   66.471   42.108     39.4    996.7
     3     1    20     4    13    23     0     1    23.0   67.848   41.091    284.2    963.8
     1     1    20     4    14     0     0     0    24.0   65.017   44.285     57.1    993.6
     2     1    20     4    14     0     0     0    24.0   66.696   41.751     36.0    994.7
     3     1    20     4    14     0     0     0    24.0   68.243   40.719    280.3    962.5
