     5     1
    GDAS    20     4     8     0     0
    GDAS    20     4    15     0     0
    GDAS    20     4    22     0     0
    GDAS    20     4    29     0     0
    GDAS    20     5     1     0     0
     3 FORWARD  OMEGA   
    20     4    19     0   62.085   49.588   100.0
    20     4    19     0   62.085   49.588   500.0
    20     4    19     0   62.085   49.588  1000.0
     1 PRESSURE
     1     1    20     4    19     0     0     0     0.0   62.085   49.588    100.0    977.2
     2     1    20     4    19     0     0     0     0.0   62.085   49.588    500.0    931.0
     3     1    20     4    19     0     0     0     0.0   62.085   49.588   1000.0    874.6
     1     1    20     4    19     1     0     1     1.0   61.984   49.638    107.1    977.8
     2     1    20     4    19     1     0     1     1.0   61.957   49.584    502.4    932.3
     3     1    20     4    19     1     0     1     1.0   62.014   49.462   1007.4    876.4
     1     1    20     4    19     2     0     2     2.0   61.895   49.687    117.5    976.4
     2     1    20     4    19     2     0     2     2.0   61.846   49.575    518.4    929.9
     3     1    20     4    19     2     0     2     2.0   61.952   49.342   1052.4    872.3
     1     1    20     4    19     3     0     3     3.0   61.819   49.734    130.4    974.8
     2     1    20     4    19     3     0     3     3.0   61.752   49.569    545.5    926.2
     3     1    20     4    19     3     0     3     3.0   61.897   49.239   1142.3    862.1
     1     1    20     4    19     4     0     2     4.0   61.754   49.800    142.1    973.3
     2     1    20     4    19     4     0     2     4.0   61.672   49.600    582.4    922.3
     3     1    20     4    19     4     0     2     4.0   61.849   49.172   1251.5    848.3
     1     1    20     4    19     5     0     1     5.0   61.701   49.905    147.3    972.9
     2     1    20     4    19     5     0     1     5.0   61.610   49.699    628.8    917.7
     3     1    20     4    19     5     0     1     5.0   61.810   49.160   1352.5    837.2
     1     1    20     4    19     6     0     0     6.0   61.662   50.047    145.3    973.3
     2     1    20     4    19     6     0     0     6.0   61.566   49.867    692.0    910.9
     3     1    20     4    19     6     0     0     6.0   61.778   49.200   1446.9    827.7
     1     1    20     4    19     7     0     1     7.0   61.637   50.214    136.1    973.8
     2     1    20     4    19     7     0     1     7.0   61.535   50.090    761.9    900.7
     3     1    20     4    19     7     0     1     7.0   61.748   49.283   1529.1    818.2
     1     1    20     4    19     8     0     2     8.0   61.621   50.394    122.8    975.6
     2     1    20     4    19     8     0     2     8.0   61.507   50.348    811.0    893.9
     3     1    20     4    19     8     0     2     8.0   61.717   49.405   1602.8    812.3
     1     1    20     4    19     9     0     3     9.0   61.613   50.592    113.0    977.1
     2     1    20     4    19     9     0     3     9.0   61.485   50.640    832.5    891.0
     3     1    20     4    19     9     0     3     9.0   61.681   49.569   1701.4    804.5
     1     1    20     4    19    10     0     2    10.0   61.613   50.813    109.4    977.4
     2     1    20     4    19    10     0     2    10.0   61.481   50.952    820.6    891.2
     3     1    20     4    19    10     0     2    10.0   61.650   49.762   1840.4    789.8
     1     1    20     4    19    11     0     1    11.0   61.625   51.054    106.4    977.1
     2     1    20     4    19    11     0     1    11.0   61.500   51.276    795.1    897.1
     3     1    20     4    19    11     0     1    11.0   61.635   49.958   1978.5    773.5
     1     1    20     4    19    12     0     0    12.0   61.645   51.310     98.2    978.8
     2     1    20     4    19    12     0     0    12.0   61.534   51.626    788.6    899.6
     3     1    20     4    19    12     0     0    12.0   61.638   50.153   2057.1    763.2
     1     1    20     4    19    13     0     1    13.0   61.666   51.555     89.4    981.2
     2     1    20     4    19    13     0     1    13.0   61.576   51.997    804.9    897.3
     3     1    20     4    19    13     0     1    13.0   61.652   50.357   2085.2    763.5
     1     1    20     4    19    14     0     2    14.0   61.685   51.779     82.9    982.2
     2     1    20     4    19    14     0     2    14.0   61.627   52.377    811.6    893.4
     3     1    20     4    19    14     0     2    14.0   61.670   50.568   2095.6    761.7
     1     1    20     4    19    15     0     3    15.0   61.704   51.991     75.5    983.6
     2     1    20     4    19    15     0     3    15.0   61.683   52.771    813.6    895.8
     3     1    20     4    19    15     0     3    15.0   61.693   50.780   2083.9    762.0
     1     1    20     4    19    16     0     2    16.0   61.734   52.194     71.8    984.7
     2     1    20     4    19    16     0     2    16.0   61.741   53.184    834.5    892.6
     3     1    20     4    19    16     0     2    16.0   61.717   50.992   2066.1    765.0
     1     1    20     4    19    17     0     1    17.0   61.785   52.403     75.8    984.6
     2     1    20     4    19    17     0     1    17.0   61.805   53.598    847.4    888.1
     3     1    20     4    19    17     0     1    17.0   61.739   51.207   2062.1    765.7
     1     1    20     4    19    18     0     0    18.0   61.852   52.632     86.0    983.6
     2     1    20     4    19    18     0     0    18.0   61.871   54.016    846.2    887.9
     3     1    20     4    19    18     0     0    18.0   61.762   51.420   2070.5    765.1
     1     1    20     4    19    19     0     1    19.0   61.926   52.891    103.0    981.7
     2     1    20     4    19    19     0     1    19.0   61.945   54.427    846.7    890.7
     3     1    20     4    19    19     0     1    19.0   61.790   51.629   2075.7    763.4
     1     1    20     4    19    20     0     2    20.0   62.005   53.177    125.9    977.9
     2     1    20     4    19    20     0     2    20.0   62.026   54.834    850.7    893.3
     3     1    20     4    19    20     0     2    20.0   61.820   51.843   2063.9    764.8
     1     1    20     4    19    21     0     3    21.0   62.089   53.488    145.6    972.7
     2     1    20     4    19    21     0     3    21.0   62.111   55.270    863.7    893.5
     3     1    20     4    19    21     0     3    21.0   61.847   52.069   2036.8    767.8
     1     1    20     4    19    22     0     2    22.0   62.175   53.799    146.7    970.4
     2     1    20     4    19    22     0     2    22.0   62.208   55.743    885.7    891.1
     3     1    20     4    19    22     0     2    22.0   61.886   52.305   2004.9    771.9
     1     1    20     4    19    23     0     1    23.0   62.263   54.075    130.5    973.6
     2     1    20     4    19    23     0     1    23.0   62.312   56.230    906.2    889.3
     3     1    20     4    19    23     0     1    23.0   61.942   52.534   1971.8    775.0
     1     1    20     4    20     0     0     0    24.0   62.352   54.311    111.9    978.5
     2     1    20     4    20     0     0     0    24.0   62.417   56.718    929.4    888.3
     3     1    20     4    20     0     0     0    24.0   61.997   52.748   1930.9    779.2
