     5     1
    GDAS    20     2     1     0     0
    GDAS    20     2     8     0     0
    GDAS    20     2    15     0     0
    GDAS    20     2    22     0     0
    GDAS    21     3     1     0     0
     3 FORWARD  OMEGA   
    20     2    13     0   62.085   49.588   100.0
    20     2    13     0   62.085   49.588   500.0
    20     2    13     0   62.085   49.588  1000.0
     1 PRESSURE
     1     1    20     2    13     0     0     0     0.0   62.085   49.588    100.0    981.6
     2     1    20     2    13     0     0     0     0.0   62.085   49.588    500.0    933.7
     3     1    20     2    13     0     0     0     0.0   62.085   49.588   1000.0    876.1
     1     1    20     2    13     1     0     1     1.0   62.289   49.555     99.2    979.4
     2     1    20     2    13     1     0     1     1.0   62.411   49.795    500.7    930.4
     3     1    20     2    13     1     0     1     1.0   62.396   49.968   1005.4    873.4
     1     1    20     2    13     2     0     2     2.0   62.495   49.545     98.2    977.2
     2     1    20     2    13     2     0     2     2.0   62.730   50.051    501.1    928.4
     3     1    20     2    13     2     0     2     2.0   62.707   50.389   1011.1    869.6
     1     1    20     2    13     3     0     3     3.0   62.702   49.552     97.7    974.9
     2     1    20     2    13     3     0     3     3.0   63.048   50.329    504.1    925.7
     3     1    20     2    13     3     0     3     3.0   63.022   50.824   1014.1    867.4
     1     1    20     2    13     4     0     2     4.0   62.912   49.574     96.2    972.7
     2     1    20     2    13     4     0     2     4.0   63.361   50.637    511.8    922.7
     3     1    20     2    13     4     0     2     4.0   63.334   51.280   1020.6    865.7
     1     1    20     2    13     5     0     1     5.0   63.126   49.609     92.6    972.4
     2     1    20     2    13     5     0     1     5.0   63.662   50.990    526.2    918.8
     3     1    20     2    13     5     0     1     5.0   63.640   51.767   1028.6    861.3
     1     1    20     2    13     6     0     0     6.0   63.338   49.652     88.0    972.9
     2     1    20     2    13     6     0     0     6.0   63.950   51.375    535.6    914.3
     3     1    20     2    13     6     0     0     6.0   63.944   52.283   1008.9    861.3
     1     1    20     2    13     7     0     1     7.0   63.545   49.703     84.7    973.1
     2     1    20     2    13     7     0     1     7.0   64.229   51.786    520.1    917.7
     3     1    20     2    13     7     0     1     7.0   64.241   52.819    971.8    874.5
     1     1    20     2    13     8     0     2     8.0   63.742   49.765     84.9    972.2
     2     1    20     2    13     8     0     2     8.0   64.509   52.186    484.8    928.6
     3     1    20     2    13     8     0     2     8.0   64.526   53.362    957.3    881.0
     1     1    20     2    13     9     0     3     9.0   63.930   49.841     89.0    970.3
     2     1    20     2    13     9     0     3     9.0   64.787   52.525    452.5    938.1
     3     1    20     2    13     9     0     3     9.0   64.800   53.904    982.5    880.0
     1     1    20     2    13    10     0     2    10.0   64.115   49.932     95.7    968.5
     2     1    20     2    13    10     0     2    10.0   65.062   52.807    430.1    943.4
     3     1    20     2    13    10     0     2    10.0   65.065   54.447   1018.0    871.4
     1     1    20     2    13    11     0     1    11.0   64.300   50.043    102.6    967.5
     2     1    20     2    13    11     0     1    11.0   65.346   53.064    407.7    945.6
     3     1    20     2    13    11     0     1    11.0   65.319   54.981   1015.6    867.9
     1     1    20     2    13    12     0     0    12.0   64.483   50.181    107.5    967.6
     2     1    20     2    13    12     0     0    12.0   65.647   53.299    379.7    949.9
     3     1    20     2    13    12     0     0    12.0   65.567   55.496    974.5    878.3
     1     1    20     2    13    13     0     1    13.0   64.662   50.354    106.3    968.4
     2     1    20     2    13    13     0     1    13.0   65.947   53.543    353.6    953.2
     3     1    20     2    13    13     0     1    13.0   65.819   56.020    922.6    887.4
     1     1    20     2    13    14     0     2    14.0   64.832   50.564     96.7    971.4
     2     1    20     2    13    14     0     2    14.0   66.229   53.871    340.1    955.3
     3     1    20     2    13    14     0     2    14.0   66.075   56.583    897.7    892.6
     1     1    20     2    13    15     0     3    15.0   64.990   50.785     80.3    976.0
     2     1    20     2    13    15     0     3    15.0   66.496   54.330    340.0    954.5
     3     1    20     2    13    15     0     3    15.0   66.322   57.184    921.3    889.8
     1     1    20     2    13    16     0     2    16.0   65.133   50.973     62.1    980.2
     2     1    20     2    13    16     0     2    16.0   66.739   54.876    344.8    954.0
     3     1    20     2    13    16     0     2    16.0   66.549   57.801    953.6    882.2
     1     1    20     2    13    17     0     1    17.0   65.257   51.111     47.2    983.2
     2     1    20     2    13    17     0     1    17.0   66.949   55.441    351.1    953.5
     3     1    20     2    13    17     0     1    17.0   66.749   58.414    967.1    881.1
     1     1    20     2    13    18     0     0    18.0   65.364   51.212     35.6    985.9
     2     1    20     2    13    18     0     0    18.0   67.129   56.009    363.7    953.1
     3     1    20     2    13    18     0     0    18.0   66.925   59.022    965.1    881.4
     1     1    20     2    13    19     0     1    19.0   65.460   51.298     27.1    988.1
     2     1    20     2    13    19     0     1    19.0   67.301   56.560    363.4    950.7
     3     1    20     2    13    19     0     1    19.0   67.093   59.605    956.4    884.6
     1     1    20     2    13    20     0     2    20.0   65.548   51.385     21.4    989.9
     2     1    20     2    13    20     0     2    20.0   67.483   57.084    327.1    955.0
     3     1    20     2    13    20     0     2    20.0   67.262   60.153    948.3    884.6
     1     1    20     2    13    21     0     3    21.0   65.631   51.468     17.6    991.4
     2     1    20     2    13    21     0     3    21.0   67.675   57.600    285.6    963.6
     3     1    20     2    13    21     0     3    21.0   67.427   60.682    929.3    884.7
     1     1    20     2    13    22     0     2    22.0   65.709   51.547     15.1    993.0
     2     1    20     2    13    22     0     2    22.0   67.868   58.117    269.9    965.1
     3     1    20     2    13    22     0     2    22.0   67.582   61.218    906.8    886.4
     1     1    20     2    13    23     0     1    23.0   65.785   51.621     13.1    994.5
     2     1    20     2    13    23     0     1    23.0   68.044   58.681    255.6    960.2
     3     1    20     2    13    23     0     1    23.0   67.730   61.774    898.9    887.2
     1     1    20     2    14     0     0     0    24.0   65.859   51.696     11.5    995.8
     2     1    20     2    14     0     0     0    24.0   68.202   59.295    238.8    967.4
     3     1    20     2    14     0     0     0    24.0   67.874   62.338    917.1    886.7
