     5     1
    GDAS    20     3     8     0     0
    GDAS    20     3    15     0     0
    GDAS    20     3    22     0     0
    GDAS    20     3    29     0     0
    GDAS    20     4     1     0     0
     3 FORWARD  OMEGA   
    20     3    15     0   62.085   49.588   100.0
    20     3    15     0   62.085   49.588   500.0
    20     3    15     0   62.085   49.588  1000.0
     1 PRESSURE
     1     1    20     3    15     0     0     0     0.0   62.085   49.588    100.0    974.9
     2     1    20     3    15     0     0     0     0.0   62.085   49.588    500.0    926.1
     3     1    20     3    15     0     0     0     0.0   62.085   49.588   1000.0    867.7
     1     1    20     3    15     1     0     1     1.0   62.085   49.983     93.1    976.9
     2     1    20     3    15     1     0     1     1.0   61.992   50.365    481.7    926.7
     3     1    20     3    15     1     0     1     1.0   62.000   50.393    970.0    869.2
     1     1    20     3    15     2     0     2     2.0   62.076   50.393     91.4    975.0
     2     1    20     3    15     2     0     2     2.0   61.896   51.141    460.0    925.1
     3     1    20     3    15     2     0     2     2.0   61.909   51.192    920.6    871.6
     1     1    20     3    15     3     0     3     3.0   62.057   50.868     98.3    971.3
     2     1    20     3    15     3     0     3     3.0   61.795   51.913    440.4    927.9
     3     1    20     3    15     3     0     3     3.0   61.807   51.978    892.1    875.4
     1     1    20     3    15     4     0     2     4.0   62.026   51.366    105.4    969.8
     2     1    20     3    15     4     0     2     4.0   61.689   52.608    422.3    929.5
     3     1    20     3    15     4     0     2     4.0   61.703   52.712    875.6    875.6
     1     1    20     3    15     5     0     1     5.0   61.990   51.790    100.5    971.4
     2     1    20     3    15     5     0     1     5.0   61.581   53.182    400.0    930.8
     3     1    20     3    15     5     0     1     5.0   61.599   53.369    842.8    877.9
     1     1    20     3    15     6     0     0     6.0   61.946   52.126     93.2    973.5
     2     1    20     3    15     6     0     0     6.0   61.462   53.668    377.2    934.8
     3     1    20     3    15     6     0     0     6.0   61.486   53.962    806.8    882.9
     1     1    20     3    15     7     0     1     7.0   61.888   52.401     88.9    974.7
     2     1    20     3    15     7     0     1     7.0   61.336   54.090    363.1    938.2
     3     1    20     3    15     7     0     1     7.0   61.362   54.495    784.2    889.0
     1     1    20     3    15     8     0     2     8.0   61.808   52.644     87.7    974.6
     2     1    20     3    15     8     0     2     8.0   61.207   54.474    354.7    940.7
     3     1    20     3    15     8     0     2     8.0   61.230   54.984    773.7    891.2
     1     1    20     3    15     9     0     3     9.0   61.707   52.871     86.8    974.1
     2     1    20     3    15     9     0     3     9.0   61.080   54.843    350.2    942.4
     3     1    20     3    15     9     0     3     9.0   61.093   55.459    761.3    889.1
     1     1    20     3    15    10     0     2    10.0   61.590   53.087     84.9    973.6
     2     1    20     3    15    10     0     2    10.0   60.942   55.201    346.9    941.6
     3     1    20     3    15    10     0     2    10.0   60.944   55.912    746.6    888.7
     1     1    20     3    15    11     0     1    11.0   61.458   53.286     83.3    973.9
     2     1    20     3    15    11     0     1    11.0   60.786   55.530    342.5    941.0
     3     1    20     3    15    11     0     1    11.0   60.782   56.317    744.5    891.2
     1     1    20     3    15    12     0     0    12.0   61.311   53.462     84.7    974.4
     2     1    20     3    15    12     0     0    12.0   60.620   55.831    340.1    941.2
     3     1    20     3    15    12     0     0    12.0   60.611   56.681    760.2    890.8
     1     1    20     3    15    13     0     1    13.0   61.156   53.620     89.4    974.8
     2     1    20     3    15    13     0     1    13.0   60.435   56.107    334.7    942.2
     3     1    20     3    15    13     0     1    13.0   60.424   57.013    773.4    888.8
     1     1    20     3    15    14     0     2    14.0   61.003   53.766     96.8    975.7
     2     1    20     3    15    14     0     2    14.0   60.223   56.355    321.6    946.3
     3     1    20     3    15    14     0     2    14.0   60.214   57.316    768.3    886.2
     1     1    20     3    15    15     0     3    15.0   60.846   53.897    107.0    975.0
     2     1    20     3    15    15     0     3    15.0   59.984   56.596    304.5    950.8
     3     1    20     3    15    15     0     3    15.0   59.984   57.604    767.7    883.2
     1     1    20     3    15    16     0     2    16.0   60.677   53.999    119.9    973.5
     2     1    20     3    15    16     0     2    16.0   59.729   56.795    289.2    953.9
     3     1    20     3    15    16     0     2    16.0   59.756   57.907    767.0    874.8
     1     1    20     3    15    17     0     1    17.0   60.493   54.051    132.6    971.4
     2     1    20     3    15    17     0     1    17.0   59.470   56.909    279.6    955.9
     3     1    20     3    15    17     0     1    17.0   59.537   58.271    719.0    869.1
     1     1    20     3    15    18     0     0    18.0   60.298   54.040    140.0    969.7
     2     1    20     3    15    18     0     0    18.0   59.208   56.950    275.7    957.2
     3     1    20     3    15    18     0     0    18.0   59.297   58.715    586.1    878.0
     1     1    20     3    15    19     0     1    19.0   60.110   53.976    140.2    969.0
     2     1    20     3    15    19     0     1    19.0   58.949   56.936    272.4    957.3
     3     1    20     3    15    19     0     1    19.0   59.042   59.170    444.6    905.8
     1     1    20     3    15    20     0     2    20.0   59.946   53.882    136.4    970.3
     2     1    20     3    15    20     0     2    20.0   58.704   56.872    260.0    957.3
     3     1    20     3    15    20     0     2    20.0   58.823   59.570    369.5    930.8
     1     1    20     3    15    21     0     3    21.0   59.805   53.760    132.2    972.3
     2     1    20     3    15    21     0     3    21.0   58.474   56.758    235.8    960.2
     3     1    20     3    15    21     0     3    21.0   58.645   59.902    343.8    941.0
     1     1    20     3    15    22     0     2    22.0   59.687   53.629    129.8    973.4
     2     1    20     3    15    22     0     2    22.0   58.270   56.595    209.4    965.3
     3     1    20     3    15    22     0     2    22.0   58.491   60.159    345.2    944.5
     1     1    20     3    15    23     0     1    23.0   59.590   53.503    128.6    974.0
     2     1    20     3    15    23     0     1    23.0   58.103   56.388    190.1    969.2
     3     1    20     3    15    23     0     1    23.0   58.354   60.341    364.5    942.3
     1     1    20     3    16     0     0     0    24.0   59.516   53.380    127.8    974.5
     2     1    20     3    16     0     0     0    24.0   57.970   56.140    180.0    972.1
     3     1    20     3    16     0     0     0    24.0   58.240   60.474    387.7    940.1
