     5     1
    GDAS    20     3    15     0     0
    GDAS    20     3    22     0     0
    GDAS    20     3    29     0     0
    GDAS    20     4     1     0     0
    GDAS    20     4     8     0     0
     3 FORWARD  OMEGA   
    20     3    23     0   62.085   49.588   100.0
    20     3    23     0   62.085   49.588   500.0
    20     3    23     0   62.085   49.588  1000.0
     1 PRESSURE
     1     1    20     3    23     0     0     0     0.0   62.085   49.588    100.0   1009.9
     2     1    20     3    23     0     0     0     0.0   62.085   49.588    500.0    959.9
     3     1    20     3    23     0     0     0     0.0   62.085   49.588   1000.0    900.3
     1     1    20     3    23     1     0     1     1.0   62.065   49.868     97.0   1010.5
     2     1    20     3    23     1     0     1     1.0   61.980   49.970    516.1    958.7
     3     1    20     3    23     1     0     1     1.0   62.001   50.015   1033.0    897.0
     1     1    20     3    23     2     0     2     2.0   62.056   50.167     92.4   1010.3
     2     1    20     3    23     2     0     2     2.0   61.891   50.377    523.7    953.7
     3     1    20     3    23     2     0     2     2.0   61.906   50.472   1045.4    889.8
     1     1    20     3    23     3     0     3     3.0   62.059   50.493     87.8   1009.0
     2     1    20     3    23     3     0     3     3.0   61.818   50.827    521.2    951.3
     3     1    20     3    23     3     0     3     3.0   61.805   50.961   1035.3    889.1
     1     1    20     3    23     4     0     2     4.0   62.073   50.831     86.1   1007.9
     2     1    20     3    23     4     0     2     4.0   61.754   51.313    514.1    951.4
     3     1    20     3    23     4     0     2     4.0   61.696   51.448   1019.0    891.5
     1     1    20     3    23     5     0     1     5.0   62.105   51.163     87.7   1006.7
     2     1    20     3    23     5     0     1     5.0   61.696   51.823    499.0    953.2
     3     1    20     3    23     5     0     1     5.0   61.583   51.911    998.2    894.6
     1     1    20     3    23     6     0     0     6.0   62.159   51.490     88.3   1006.3
     2     1    20     3    23     6     0     0     6.0   61.647   52.364    476.2    955.9
     3     1    20     3    23     6     0     0     6.0   61.473   52.358    971.3    896.7
     1     1    20     3    23     7     0     1     7.0   62.226   51.827     85.0   1006.2
     2     1    20     3    23     7     0     1     7.0   61.614   52.913    456.4    957.4
     3     1    20     3    23     7     0     1     7.0   61.375   52.793    945.3    898.7
     1     1    20     3    23     8     0     2     8.0   62.295   52.191     79.4   1006.5
     2     1    20     3    23     8     0     2     8.0   61.604   53.439    437.4    957.4
     3     1    20     3    23     8     0     2     8.0   61.291   53.222    932.4    899.6
     1     1    20     3    23     9     0     3     9.0   62.366   52.589     78.8   1005.0
     2     1    20     3    23     9     0     3     9.0   61.624   53.942    408.6    959.7
     3     1    20     3    23     9     0     3     9.0   61.224   53.651    932.7    900.8
     1     1    20     3    23    10     0     2    10.0   62.440   53.020     86.0   1001.4
     2     1    20     3    23    10     0     2    10.0   61.665   54.424    381.9    966.8
     3     1    20     3    23    10     0     2    10.0   61.171   54.072    928.2    901.7
     1     1    20     3    23    11     0     1    11.0   62.517   53.473     84.5    998.6
     2     1    20     3    23    11     0     1    11.0   61.712   54.894    375.2    970.5
     3     1    20     3    23    11     0     1    11.0   61.136   54.478    902.8    905.2
     1     1    20     3    23    12     0     0    12.0   62.593   53.920     62.6   1002.5
     2     1    20     3    23    12     0     0    12.0   61.764   55.380    381.3    968.4
     3     1    20     3    23    12     0     0    12.0   61.122   54.874    860.3    911.0
     1     1    20     3    23    13     0     1    13.0   62.666   54.323     43.5   1006.2
     2     1    20     3    23    13     0     1    13.0   61.824   55.923    383.2    966.5
     3     1    20     3    23    13     0     1    13.0   61.117   55.278    821.6    915.2
     1     1    20     3    23    14     0     2    14.0   62.749   54.711     36.2   1005.6
     2     1    20     3    23    14     0     2    14.0   61.896   56.560    386.7    967.3
     3     1    20     3    23    14     0     2    14.0   61.105   55.708    798.7    914.2
     1     1    20     3    23    15     0     3    15.0   62.845   55.110     34.7   1004.0
     2     1    20     3    23    15     0     3    15.0   61.973   57.315    415.2    962.5
     3     1    20     3    23    15     0     3    15.0   61.088   56.169    791.0    912.9
     1     1    20     3    23    16     0     2    16.0   62.940   55.516     29.0   1005.8
     2     1    20     3    23    16     0     2    16.0   62.040   58.154    486.2    942.8
     3     1    20     3    23    16     0     2    16.0   61.063   56.642    800.0    911.6
     1     1    20     3    23    17     0     1    17.0   63.013   55.884     18.3   1010.6
     2     1    20     3    23    17     0     1    17.0   62.074   59.045    605.0    909.1
     3     1    20     3    23    17     0     1    17.0   61.030   57.104    822.5    907.5
     1     1    20     3    23    18     0     0    18.0   63.068   56.203     10.6   1013.4
     2     1    20     3    23    18     0     0    18.0   62.021   60.125    501.8    931.2
     3     1    20     3    23    18     0     0    18.0   60.989   57.555    862.1    899.9
     1     1    20     3    23    19     0     1    19.0   63.121   56.482      7.6   1013.2
     2     1    20     3    23    19     0     1    19.0   61.991   61.175    345.4    980.6
     3     1    20     3    23    19     0     1    19.0   60.937   58.003    924.2    888.9
     1     1    20     3    23    20     0     2    20.0   63.179   56.728      6.4   1013.5
     2     1    20     3    23    20     0     2    20.0   61.986   62.095    343.8    976.6
     3     1    20     3    23    20     0     2    20.0   60.864   58.479    915.0    872.8
     1     1    20     3    23    21     0     3    21.0   63.243   56.948      6.3   1014.0
     2     1    20     3    23    21     0     3    21.0   61.961   63.033    319.2    971.1
     3     1    20     3    23    21     0     3    21.0   60.768   59.023    775.3    873.5
     1     1    20     3    23    22     0     2    22.0   63.310   57.162      7.2   1011.0
     2     1    20     3    23    22     0     2    22.0   61.945   63.954    294.6    982.7
     3     1    20     3    23    22     0     2    22.0   60.674   59.548    644.4    908.0
     1     1    20     3    23    23     0     1    23.0   63.372   57.401     10.7   1007.0
     2     1    20     3    23    23     0     1    23.0   61.942   64.867    285.2    982.4
     3     1    20     3    23    23     0     1    23.0   60.589   60.041    541.7    936.5
     1     1    20     3    24     0     0     0    24.0   63.429   57.689     20.2   1001.4
     2     1    20     3    24     0     0     0    24.0   61.943   65.770    223.3    989.5
     3     1    20     3    24     0     0     0    24.0   60.528   60.488    457.1    954.5
