     5     1
    GDAS    20     7     8     0     0
    GDAS    20     7    15     0     0
    GDAS    20     7    22     0     0
    GDAS    20     7    29     0     0
    GDAS    20     8     1     0     0
     3 FORWARD  OMEGA   
    20     7    16     0   62.085   49.588   100.0
    20     7    16     0   62.085   49.588   500.0
    20     7    16     0   62.085   49.588  1000.0
     1 PRESSURE
     1     1    20     7    16     0     0     0     0.0   62.085   49.588    100.0    984.3
     2     1    20     7    16     0     0     0     0.0   62.085   49.588    500.0    940.0
     3     1    20     7    16     0     0     0     0.0   62.085   49.588   1000.0    886.5
     1     1    20     7    16     1     0     1     1.0   62.003   49.123    126.0    981.8
     2     1    20     7    16     1     0     1     1.0   62.140   48.932    627.0    922.0
     3     1    20     7    16     1     0     1     1.0   62.240   49.260   1156.8    863.3
     1     1    20     7    16     2     0     2     2.0   61.922   48.686    143.8    976.6
     2     1    20     7    16     2     0     2     2.0   62.213   48.360    684.4    909.7
     3     1    20     7    16     2     0     2     2.0   62.390   48.969   1232.4    854.3
     1     1    20     7    16     3     0     3     3.0   61.857   48.287    146.5    973.2
     2     1    20     7    16     3     0     3     3.0   62.280   47.771    682.5    912.2
     3     1    20     7    16     3     0     3     3.0   62.544   48.668   1241.8    852.4
     1     1    20     7    16     4     0     2     4.0   61.821   47.927    142.4    972.7
     2     1    20     7    16     4     0     2     4.0   62.351   47.140    691.2    915.1
     3     1    20     7    16     4     0     2     4.0   62.705   48.346   1227.8    856.6
     1     1    20     7    16     5     0     1     5.0   61.818   47.604    143.8    973.1
     2     1    20     7    16     5     0     1     5.0   62.442   46.534    741.3    910.6
     3     1    20     7    16     5     0     1     5.0   62.880   48.024   1232.9    857.5
     1     1    20     7    16     6     0     0     6.0   61.838   47.315    157.1    971.9
     2     1    20     7    16     6     0     0     6.0   62.551   45.979    817.4    902.8
     3     1    20     7    16     6     0     0     6.0   63.069   47.683   1252.2    854.8
     1     1    20     7    16     7     0     1     7.0   61.872   47.038    186.8    969.4
     2     1    20     7    16     7     0     1     7.0   62.678   45.466    881.6    893.8
     3     1    20     7    16     7     0     1     7.0   63.246   47.318   1267.6    853.6
     1     1    20     7    16     8     0     2     8.0   61.915   46.746    236.3    965.3
     2     1    20     7    16     8     0     2     8.0   62.811   44.963    902.3    890.9
     3     1    20     7    16     8     0     2     8.0   63.405   46.961   1287.0    855.0
     1     1    20     7    16     9     0     3     9.0   61.966   46.439    305.2    959.4
     2     1    20     7    16     9     0     3     9.0   62.944   44.450    900.8    890.9
     3     1    20     7    16     9     0     3     9.0   63.555   46.658   1316.9    850.9
     1     1    20     7    16    10     0     2    10.0   62.036   46.139    393.3    952.2
     2     1    20     7    16    10     0     2    10.0   63.075   43.905    898.1    891.5
     3     1    20     7    16    10     0     2    10.0   63.701   46.366   1344.7    846.8
     1     1    20     7    16    11     0     1    11.0   62.138   45.860    494.5    941.7
     2     1    20     7    16    11     0     1    11.0   63.188   43.326    912.0    895.8
     3     1    20     7    16    11     0     1    11.0   63.850   46.035   1368.0    843.1
     1     1    20     7    16    12     0     0    12.0   62.279   45.588    609.0    930.7
     2     1    20     7    16    12     0     0    12.0   63.279   42.745    946.1    895.1
     3     1    20     7    16    12     0     0    12.0   64.004   45.677   1389.7    842.5
     1     1    20     7    16    13     0     1    13.0   62.458   45.327    715.3    915.4
     2     1    20     7    16    13     0     1    13.0   63.351   42.144    989.8    895.8
     3     1    20     7    16    13     0     1    13.0   64.147   45.287   1414.2    843.5
     1     1    20     7    16    14     0     2    14.0   62.665   45.065    793.7    905.6
     2     1    20     7    16    14     0     2    14.0   63.405   41.537   1022.2    887.0
     3     1    20     7    16    14     0     2    14.0   64.270   44.844   1446.8    841.6
     1     1    20     7    16    15     0     3    15.0   62.900   44.760    869.8    895.2
     2     1    20     7    16    15     0     3    15.0   63.440   40.956   1035.8    881.3
     3     1    20     7    16    15     0     3    15.0   64.376   44.315   1480.5    839.7
     1     1    20     7    16    16     0     2    16.0   63.146   44.467    930.0    885.5
     2     1    20     7    16    16     0     2    16.0   63.460   40.410   1037.8    880.7
     3     1    20     7    16    16     0     2    16.0   64.474   43.734   1516.1    837.3
     1     1    20     7    16    17     0     1    17.0   63.379   44.240    946.8    886.3
     2     1    20     7    16    17     0     1    17.0   63.470   39.898   1039.2    881.7
     3     1    20     7    16    17     0     1    17.0   64.586   43.193   1536.4    830.9
     1     1    20     7    16    18     0     0    18.0   63.598   44.037    944.3    890.2
     2     1    20     7    16    18     0     0    18.0   63.467   39.431   1046.1    876.6
     3     1    20     7    16    18     0     0    18.0   64.706   42.676   1532.1    832.0
     1     1    20     7    16    19     0     1    19.0   63.797   43.830    948.4    892.1
     2     1    20     7    16    19     0     1    19.0   63.443   38.992   1055.1    873.2
     3     1    20     7    16    19     0     1    19.0   64.806   42.141   1540.1    834.6
     1     1    20     7    16    20     0     2    20.0   63.974   43.627    962.5    890.9
     2     1    20     7    16    20     0     2    20.0   63.398   38.568   1090.8    873.7
     3     1    20     7    16    20     0     2    20.0   64.876   41.631   1594.7    828.1
     1     1    20     7    16    21     0     3    21.0   64.134   43.429    977.8    889.1
     2     1    20     7    16    21     0     3    21.0   63.337   38.168   1155.3    867.2
     3     1    20     7    16    21     0     3    21.0   64.931   41.193   1713.4    817.5
     1     1    20     7    16    22     0     2    22.0   64.269   43.192    995.9    887.8
     2     1    20     7    16    22     0     2    22.0   63.265   37.788   1220.3    858.9
     3     1    20     7    16    22     0     2    22.0   64.960   40.804   1857.1    798.5
     1     1    20     7    16    23     0     1    23.0   64.375   42.911   1022.1    884.8
     2     1    20     7    16    23     0     1    23.0   63.176   37.416   1270.9    852.7
     3     1    20     7    16    23     0     1    23.0   64.960   40.397   1930.0    792.4
     1     1    20     7    17     0     0     0    24.0   64.463   42.616   1050.4    882.5
     2     1    20     7    17     0     0     0    24.0   63.049   37.059   1297.3    846.9
     3     1    20     7    17     0     0     0    24.0   64.940   39.981   1943.4    796.8
