     5     1
    GDAS    20     7    29     0     0
    GDAS    20     8     1     0     0
    GDAS    20     8     8     0     0
    GDAS    20     8    15     0     0
    GDAS    20     8    22     0     0
     3 FORWARD  OMEGA   
    20     8     6     0   62.085   49.588   100.0
    20     8     6     0   62.085   49.588   500.0
    20     8     6     0   62.085   49.588  1000.0
     1 PRESSURE
     1     1    20     8     6     0     0     0     0.0   62.085   49.588    100.0    995.4
     2     1    20     8     6     0     0     0     0.0   62.085   49.588    500.0    949.9
     3     1    20     8     6     0     0     0     0.0   62.085   49.588   1000.0    895.9
     1     1    20     8     6     1     0     1     1.0   62.258   49.809     91.5    994.8
     2     1    20     8     6     1     0     1     1.0   62.338   50.257    477.5    950.4
     3     1    20     8     6     1     0     1     1.0   62.341   50.290    994.5    894.1
     1     1    20     8     6     2     0     2     2.0   62.418   50.032     85.2    993.8
     2     1    20     8     6     2     0     2     2.0   62.575   50.913    486.1    946.8
     3     1    20     8     6     2     0     2     2.0   62.588   51.001   1004.4    889.3
     1     1    20     8     6     3     0     3     3.0   62.564   50.265     80.3    992.7
     2     1    20     8     6     3     0     3     3.0   62.799   51.584    511.8    940.5
     3     1    20     8     6     3     0     3     3.0   62.831   51.750   1030.0    886.1
     1     1    20     8     6     4     0     2     4.0   62.693   50.512     79.8    992.2
     2     1    20     8     6     4     0     2     4.0   63.021   52.247    524.1    936.9
     3     1    20     8     6     4     0     2     4.0   63.075   52.535   1055.3    878.2
     1     1    20     8     6     5     0     1     5.0   62.808   50.782     86.1    990.6
     2     1    20     8     6     5     0     1     5.0   63.239   52.887    519.0    935.0
     3     1    20     8     6     5     0     1     5.0   63.315   53.323   1036.2    881.6
     1     1    20     8     6     6     0     0     6.0   62.913   51.085     97.4    989.1
     2     1    20     8     6     6     0     0     6.0   63.454   53.482    506.6    939.9
     3     1    20     8     6     6     0     0     6.0   63.546   54.046   1041.6    884.8
     1     1    20     8     6     7     0     1     7.0   63.006   51.410    109.9    987.0
     2     1    20     8     6     7     0     1     7.0   63.657   54.046    514.0    941.4
     3     1    20     8     6     7     0     1     7.0   63.775   54.753   1080.9    878.4
     1     1    20     8     6     8     0     2     8.0   63.086   51.749    122.8    983.9
     2     1    20     8     6     8     0     2     8.0   63.850   54.643    534.4    937.3
     3     1    20     8     6     8     0     2     8.0   64.005   55.489   1122.7    874.8
     1     1    20     8     6     9     0     3     9.0   63.160   52.109    134.6    980.8
     2     1    20     8     6     9     0     3     9.0   64.035   55.286    548.6    934.9
     3     1    20     8     6     9     0     3     9.0   64.232   56.240   1137.8    872.7
     1     1    20     8     6    10     0     2    10.0   63.238   52.480    147.0    978.2
     2     1    20     8     6    10     0     2    10.0   64.214   55.927    538.3    936.8
     3     1    20     8     6    10     0     2    10.0   64.449   56.975   1183.1    880.7
     1     1    20     8     6    11     0     1    11.0   63.320   52.851    159.7    975.9
     2     1    20     8     6    11     0     1    11.0   64.375   56.534    542.2    944.7
     3     1    20     8     6    11     0     1    11.0   64.651   57.723   1284.1    861.8
     1     1    20     8     6    12     0     0    12.0   63.397   53.213    170.0    976.0
     2     1    20     8     6    12     0     0    12.0   64.514   57.126    593.5    939.7
     3     1    20     8     6    12     0     0    12.0   64.846   58.528   1412.9    836.7
     1     1    20     8     6    13     0     1    13.0   63.459   53.569    168.2    977.2
     2     1    20     8     6    13     0     1    13.0   64.631   57.750    654.4    927.9
     3     1    20     8     6    13     0     1    13.0   65.020   59.416   1656.3    768.3
     1     1    20     8     6    14     0     2    14.0   63.503   53.925    143.9    980.8
     2     1    20     8     6    14     0     2    14.0   64.728   58.433    768.0    905.2
     3     1    20     8     6    14     0     2    14.0   65.101   60.435   1558.7    771.6
     1     1    20     8     6    15     0     3    15.0   63.528   54.259    114.1    984.2
     2     1    20     8     6    15     0     3    15.0   64.801   59.183   1033.0    848.8
     3     1    20     8     6    15     0     3    15.0   65.139   61.382   1579.2    798.7
     1     1    20     8     6    16     0     2    16.0   63.529   54.562    107.8    984.1
     2     1    20     8     6    16     0     2    16.0   64.842   60.055   1060.4    800.9
     3     1    20     8     6    16     0     2    16.0   65.179   62.199   1664.6    812.7
     1     1    20     8     6    17     0     1    17.0   63.517   54.848    117.2    981.8
     2     1    20     8     6    17     0     1    17.0   64.833   60.842    883.8    850.8
     3     1    20     8     6    17     0     1    17.0   65.222   62.928   1674.0    809.0
     1     1    20     8     6    18     0     0    18.0   63.499   55.125    125.9    980.4
     2     1    20     8     6    18     0     0    18.0   64.773   61.369    739.4    889.3
     3     1    20     8     6    18     0     0    18.0   65.267   63.605   1694.5    819.5
     1     1    20     8     6    19     0     1    19.0   63.474   55.350    128.9    980.6
     2     1    20     8     6    19     0     1    19.0   64.708   61.727    665.0    913.5
     3     1    20     8     6    19     0     1    19.0   65.341   64.272   1831.8    811.3
     1     1    20     8     6    20     0     2    20.0   63.445   55.512    136.5    979.8
     2     1    20     8     6    20     0     2    20.0   64.656   61.999    615.6    926.2
     3     1    20     8     6    20     0     2    20.0   65.446   64.972   1921.9    801.9
     1     1    20     8     6    21     0     3    21.0   63.413   55.619    151.8    977.9
     2     1    20     8     6    21     0     3    21.0   64.604   62.202    570.2    931.5
     3     1    20     8     6    21     0     3    21.0   65.562   65.694   1952.2    803.7
     1     1    20     8     6    22     0     2    22.0   63.363   55.720    172.4    976.0
     2     1    20     8     6    22     0     2    22.0   64.549   62.366    553.0    936.3
     3     1    20     8     6    22     0     2    22.0   65.677   66.419   2000.7    800.9
     1     1    20     8     6    23     0     1    23.0   63.285   55.880    195.5    974.7
     2     1    20     8     6    23     0     1    23.0   64.504   62.501    574.0    933.5
     3     1    20     8     6    23     0     1    23.0   65.789   67.137   2072.1    792.6
     1     1    20     8     7     0     0     0    24.0   63.197   56.119    226.5    972.2
     2     1    20     8     7     0     0     0    24.0   64.477   62.607    619.2    928.7
     3     1    20     8     7     0     0     0    24.0   65.901   67.849   2133.1    784.5
