     5     1
    GDAS    20     7    15     0     0
    GDAS    20     7    22     0     0
    GDAS    20     7    29     0     0
    GDAS    20     8     1     0     0
    GDAS    20     8     8     0     0
     3 FORWARD  OMEGA   
    20     7    23     0   62.085   49.588   100.0
    20     7    23     0   62.085   49.588   500.0
    20     7    23     0   62.085   49.588  1000.0
     1 PRESSURE
     1     1    20     7    23     0     0     0     0.0   62.085   49.588    100.0    981.7
     2     1    20     7    23     0     0     0     0.0   62.085   49.588    500.0    937.2
     3     1    20     7    23     0     0     0     0.0   62.085   49.588   1000.0    883.8
     1     1    20     7    23     1     0     1     1.0   62.234   49.277    103.9    978.7
     2     1    20     7    23     1     0     1     1.0   62.423   49.270    513.2    931.3
     3     1    20     7    23     1     0     1     1.0   62.456   49.263   1020.4    877.1
     1     1    20     7    23     2     0     2     2.0   62.384   48.952    105.1    975.8
     2     1    20     7    23     2     0     2     2.0   62.761   48.902    522.1    924.7
     3     1    20     7    23     2     0     2     2.0   62.851   48.901   1025.2    869.0
     1     1    20     7    23     3     0     3     3.0   62.538   48.624    106.1    973.8
     2     1    20     7    23     3     0     3     3.0   63.101   48.483    530.6    924.3
     3     1    20     7    23     3     0     3     3.0   63.266   48.500   1022.3    873.0
     1     1    20     7    23     4     0     2     4.0   62.706   48.293    102.0    973.4
     2     1    20     7    23     4     0     2     4.0   63.435   48.021    538.4    926.1
     3     1    20     7    23     4     0     2     4.0   63.685   48.062   1028.6    874.7
     1     1    20     7    23     5     0     1     5.0   62.894   47.966     82.5    976.5
     2     1    20     7    23     5     0     1     5.0   63.755   47.544    531.0    928.6
     3     1    20     7    23     5     0     1     5.0   64.087   47.593   1027.3    875.9
     1     1    20     7    23     6     0     0     6.0   63.092   47.677     56.7    981.2
     2     1    20     7    23     6     0     0     6.0   64.060   47.064    508.5    935.9
     3     1    20     7    23     6     0     0     6.0   64.462   47.090   1004.0    879.6
     1     1    20     7    23     7     0     1     7.0   63.284   47.426     40.1    983.7
     2     1    20     7    23     7     0     1     7.0   64.359   46.591    490.1    936.4
     3     1    20     7    23     7     0     1     7.0   64.819   46.568   1003.7    883.9
     1     1    20     7    23     8     0     2     8.0   63.469   47.188     32.3    984.9
     2     1    20     7    23     8     0     2     8.0   64.664   46.147    491.7    936.8
     3     1    20     7    23     8     0     2     8.0   65.178   46.048   1043.1    880.0
     1     1    20     7    23     9     0     3     9.0   63.654   46.959     27.7    986.6
     2     1    20     7    23     9     0     3     9.0   64.987   45.718    505.9    936.6
     3     1    20     7    23     9     0     3     9.0   65.538   45.506   1075.1    874.9
     1     1    20     7    23    10     0     2    10.0   63.834   46.724     22.4    987.1
     2     1    20     7    23    10     0     2    10.0   65.316   45.268    524.6    935.3
     3     1    20     7    23    10     0     2    10.0   65.899   44.924   1020.4    875.1
     1     1    20     7    23    11     0     1    11.0   63.999   46.470     16.5    987.2
     2     1    20     7    23    11     0     1    11.0   65.638   44.789    523.0    934.5
     3     1    20     7    23    11     0     1    11.0   66.262   44.334    925.6    902.9
     1     1    20     7    23    12     0     0    12.0   64.146   46.202     12.3    987.6
     2     1    20     7    23    12     0     0    12.0   65.968   44.307    483.4    945.2
     3     1    20     7    23    12     0     0    12.0   66.639   43.749    942.9    908.9
     1     1    20     7    23    13     0     1    13.0   64.279   45.946      9.7    988.3
     2     1    20     7    23    13     0     1    13.0   66.309   43.833    463.1    955.7
     3     1    20     7    23    13     0     1    13.0   67.044   43.124   1001.1    888.5
     1     1    20     7    23    14     0     2    14.0   64.400   45.715      7.4    990.8
     2     1    20     7    23    14     0     2    14.0   66.662   43.369    462.0    950.0
     3     1    20     7    23    14     0     2    14.0   67.454   42.544   1006.2    894.5
     1     1    20     7    23    15     0     3    15.0   64.510   45.479      4.9    992.8
     2     1    20     7    23    15     0     3    15.0   67.053   42.928    377.5    954.4
     3     1    20     7    23    15     0     3    15.0   67.857   42.034    984.1    892.4
     1     1    20     7    23    16     0     2    16.0   64.609   45.235      2.7    994.4
     2     1    20     7    23    16     0     2    16.0   67.415   42.534    294.3    978.0
     3     1    20     7    23    16     0     2    16.0   68.252   41.527    937.0    902.4
     1     1    20     7    23    17     0     1    17.0   64.699   45.002      1.1    995.2
     2     1    20     7    23    17     0     1    17.0   67.730   42.128    278.9    975.5
     3     1    20     7    23    17     0     1    17.0   68.628   40.989    901.6    906.3
     1     1    20     7    23    18     0     0    18.0   64.782   44.794      0.1    996.4
     2     1    20     7    23    18     0     0    18.0   68.039   41.733    285.3    973.5
     3     1    20     7    23    18     0     0    18.0   69.006   40.429    899.1    908.8
     1     1    20     7    23    19     0     1    19.0   64.856   44.595      0.0    997.4
     2     1    20     7    23    19     0     1    19.0   68.344   41.338    294.4    972.2
     3     1    20     7    23    19     0     1    19.0   69.384   39.847    905.0    903.6
     1     1    20     7    23    20     0     2    20.0   64.923   44.387      0.0    998.4
     2     1    20     7    23    20     0     2    20.0   68.641   40.908    299.4    971.2
     3     1    20     7    23    20     0     2    20.0   69.744   39.250    891.4    907.2
     1     1    20     7    23    21     0     3    21.0   64.981   44.173      0.0    999.6
     2     1    20     7    23    21     0     3    21.0   68.938   40.446    284.0    971.5
     3     1    20     7    23    21     0     3    21.0   70.107   38.586    883.2    908.2
     1     1    20     7    23    22     0     2    22.0   65.035   43.951      0.1   1000.3
     2     1    20     7    23    22     0     2    22.0   69.246   39.935    250.5    977.8
     3     1    20     7    23    22     0     2    22.0   70.473   37.902    882.6    908.6
     1     1    20     7    23    23     0     1    23.0   65.090   43.710      0.5    999.9
     2     1    20     7    23    23     0     1    23.0   69.561   39.402    228.6    982.9
     3     1    20     7    23    23     0     1    23.0   70.840   37.253    896.5    908.4
     1     1    20     7    24     0     0     0    24.0   65.148   43.436      1.6   1000.0
     2     1    20     7    24     0     0     0    24.0   69.897   38.909    223.4    983.1
     3     1    20     7    24     0     0     0    24.0   71.204   36.636    926.2    905.0
