     5     1
    GDAS    20     8    15     0     0
    GDAS    20     8    22     0     0
    GDAS    20     8    29     0     0
    GDAS    20     9     1     0     0
    GDAS    20     9     8     0     0
     3 FORWARD  OMEGA   
    20     8    28     0   62.085   49.588   100.0
    20     8    28     0   62.085   49.588   500.0
    20     8    28     0   62.085   49.588  1000.0
     1 PRESSURE
     1     1    20     8    28     0     0     0     0.0   62.085   49.588    100.0    983.9
     2     1    20     8    28     0     0     0     0.0   62.085   49.588    500.0    939.3
     3     1    20     8    28     0     0     0     0.0   62.085   49.588   1000.0    884.7
     1     1    20     8    28     1     0     1     1.0   62.120   49.834     98.1    984.5
     2     1    20     8    28     1     0     1     1.0   62.099   49.945    490.6    940.4
     3     1    20     8    28     1     0     1     1.0   62.085   49.924    981.3    886.4
     1     1    20     8    28     2     0     2     2.0   62.144   50.044     95.6    985.1
     2     1    20     8    28     2     0     2     2.0   62.106   50.268    474.8    940.9
     3     1    20     8    28     2     0     2     2.0   62.090   50.235    949.9    889.4
     1     1    20     8    28     3     0     3     3.0   62.162   50.220     91.6    985.1
     2     1    20     8    28     3     0     3     3.0   62.111   50.562    452.3    942.0
     3     1    20     8    28     3     0     3     3.0   62.105   50.532    910.8    892.1
     1     1    20     8    28     4     0     2     4.0   62.179   50.367     87.1    985.6
     2     1    20     8    28     4     0     2     4.0   62.124   50.823    434.9    944.1
     3     1    20     8    28     4     0     2     4.0   62.126   50.818    877.6    895.4
     1     1    20     8    28     5     0     1     5.0   62.203   50.494     84.0    985.9
     2     1    20     8    28     5     0     1     5.0   62.152   51.050    436.2    943.5
     3     1    20     8    28     5     0     1     5.0   62.158   51.101    869.6    895.9
     1     1    20     8    28     6     0     0     6.0   62.233   50.603     83.0    986.2
     2     1    20     8    28     6     0     0     6.0   62.192   51.248    456.7    941.0
     3     1    20     8    28     6     0     0     6.0   62.199   51.390    887.7    893.8
     1     1    20     8    28     7     0     1     7.0   62.263   50.694     82.7    986.1
     2     1    20     8    28     7     0     1     7.0   62.231   51.428    476.1    937.1
     3     1    20     8    28     7     0     1     7.0   62.236   51.669    900.9    890.3
     1     1    20     8    28     8     0     2     8.0   62.288   50.767     81.5    986.4
     2     1    20     8    28     8     0     2     8.0   62.261   51.581    474.2    937.5
     3     1    20     8    28     8     0     2     8.0   62.264   51.907    877.4    892.5
     1     1    20     8    28     9     0     3     9.0   62.309   50.821     79.7    986.8
     2     1    20     8    28     9     0     3     9.0   62.284   51.701    448.5    940.8
     3     1    20     8    28     9     0     3     9.0   62.289   52.095    818.6    899.5
     1     1    20     8    28    10     0     2    10.0   62.322   50.852     77.6    987.0
     2     1    20     8    28    10     0     2    10.0   62.299   51.785    413.4    947.0
     3     1    20     8    28    10     0     2    10.0   62.306   52.238    756.9    909.2
     1     1    20     8    28    11     0     1    11.0   62.327   50.857     75.0    987.4
     2     1    20     8    28    11     0     1    11.0   62.304   51.837    385.3    950.9
     3     1    20     8    28    11     0     1    11.0   62.314   52.342    714.3    913.4
     1     1    20     8    28    12     0     0    12.0   62.323   50.833     71.8    987.9
     2     1    20     8    28    12     0     0    12.0   62.300   51.853    367.2    953.0
     3     1    20     8    28    12     0     0    12.0   62.317   52.408    684.1    916.7
     1     1    20     8    28    13     0     1    13.0   62.309   50.763     69.1    988.4
     2     1    20     8    28    13     0     1    13.0   62.286   51.806    341.3    953.7
     3     1    20     8    28    13     0     1    13.0   62.312   52.419    646.2    919.0
     1     1    20     8    28    14     0     2    14.0   62.282   50.630     67.9    988.9
     2     1    20     8    28    14     0     2    14.0   62.261   51.658    298.0    958.8
     3     1    20     8    28    14     0     2    14.0   62.296   52.351    582.4    926.2
     1     1    20     8    28    15     0     3    15.0   62.239   50.435     67.7    989.6
     2     1    20     8    28    15     0     3    15.0   62.220   51.386    254.0    964.8
     3     1    20     8    28    15     0     3    15.0   62.267   52.191    489.2    936.1
     1     1    20     8    28    16     0     2    16.0   62.187   50.187     68.9    991.1
     2     1    20     8    28    16     0     2    16.0   62.176   50.967    232.9    969.4
     3     1    20     8    28    16     0     2    16.0   62.239   51.904    396.3    951.4
     1     1    20     8    28    17     0     1    17.0   62.138   49.890     72.9    992.0
     2     1    20     8    28    17     0     1    17.0   62.144   50.430    235.1    971.0
     3     1    20     8    28    17     0     1    17.0   62.227   51.465    353.0    956.8
     1     1    20     8    28    18     0     0    18.0   62.096   49.537     80.6    991.4
     2     1    20     8    28    18     0     0    18.0   62.126   49.797    252.4    971.7
     3     1    20     8    28    18     0     0    18.0   62.236   50.886    349.0    956.0
     1     1    20     8    28    19     0     1    19.0   62.063   49.137     89.7    989.3
     2     1    20     8    28    19     0     1    19.0   62.131   49.097    276.7    966.4
     3     1    20     8    28    19     0     1    19.0   62.267   50.205    369.1    957.0
     1     1    20     8    28    20     0     2    20.0   62.037   48.715     95.4    985.7
     2     1    20     8    28    20     0     2    20.0   62.160   48.363    287.0    959.8
     3     1    20     8    28    20     0     2    20.0   62.329   49.466    401.3    951.3
     1     1    20     8    28    21     0     3    21.0   62.015   48.267     96.2    982.1
     2     1    20     8    28    21     0     3    21.0   62.200   47.594    282.2    959.0
     3     1    20     8    28    21     0     3    21.0   62.422   48.695    421.1    945.0
     1     1    20     8    28    22     0     2    22.0   61.986   47.790     95.7    980.4
     2     1    20     8    28    22     0     2    22.0   62.233   46.797    278.5    960.4
     3     1    20     8    28    22     0     2    22.0   62.519   47.870    417.0    945.0
     1     1    20     8    28    23     0     1    23.0   61.952   47.299     98.0    979.8
     2     1    20     8    28    23     0     1    23.0   62.251   46.020    255.0    966.9
     3     1    20     8    28    23     0     1    23.0   62.606   46.996    400.0    946.6
     1     1    20     8    29     0     0     0    24.0   61.921   46.801     96.7    980.9
     2     1    20     8    29     0     0     0    24.0   62.264   45.315    245.4    974.6
     3     1    20     8    29     0     0     0    24.0   62.692   46.098    380.2    951.3
