     5     1
    GDAS    20     5     8     0     0
    GDAS    20     5    15     0     0
    GDAS    20     5    22     0     0
    GDAS    20     5    29     0     0
    GDAS    20     6     1     0     0
     3 FORWARD  OMEGA   
    20     5    19     0   62.085   49.588   100.0
    20     5    19     0   62.085   49.588   500.0
    20     5    19     0   62.085   49.588  1000.0
     1 PRESSURE
     1     1    20     5    19     0     0     0     0.0   62.085   49.588    100.0    979.4
     2     1    20     5    19     0     0     0     0.0   62.085   49.588    500.0    933.8
     3     1    20     5    19     0     0     0     0.0   62.085   49.588   1000.0    878.7
     1     1    20     5    19     1     0     1     1.0   62.137   49.492    102.3    978.4
     2     1    20     5    19     1     0     1     1.0   62.183   49.546    493.0    934.4
     3     1    20     5    19     1     0     1     1.0   62.222   49.585    971.2    882.7
     1     1    20     5    19     2     0     2     2.0   62.189   49.400    105.2    977.4
     2     1    20     5    19     2     0     2     2.0   62.297   49.470    501.7    931.9
     3     1    20     5    19     2     0     2     2.0   62.375   49.540    973.8    880.1
     1     1    20     5    19     3     0     3     3.0   62.238   49.309    110.4    976.1
     2     1    20     5    19     3     0     3     3.0   62.422   49.360    527.5    927.4
     3     1    20     5    19     3     0     3     3.0   62.547   49.460   1000.6    874.6
     1     1    20     5    19     4     0     2     4.0   62.284   49.207    116.2    974.6
     2     1    20     5    19     4     0     2     4.0   62.545   49.234    555.9    921.0
     3     1    20     5    19     4     0     2     4.0   62.727   49.373   1029.4    867.3
     1     1    20     5    19     5     0     1     5.0   62.323   49.087    118.6    973.6
     2     1    20     5    19     5     0     1     5.0   62.647   49.106    564.9    918.0
     3     1    20     5    19     5     0     1     5.0   62.897   49.298   1034.7    864.0
     1     1    20     5    19     6     0     0     6.0   62.354   48.945    116.6    973.3
     2     1    20     5    19     6     0     0     6.0   62.725   48.969    549.4    918.5
     3     1    20     5    19     6     0     0     6.0   63.048   49.228   1008.9    865.5
     1     1    20     5    19     7     0     1     7.0   62.380   48.795    118.1    973.2
     2     1    20     5    19     7     0     1     7.0   62.779   48.823    544.8    922.5
     3     1    20     5    19     7     0     1     7.0   63.170   49.148    991.4    872.3
     1     1    20     5    19     8     0     2     8.0   62.404   48.648    129.2    971.2
     2     1    20     5    19     8     0     2     8.0   62.817   48.672    579.8    918.4
     3     1    20     5    19     8     0     2     8.0   63.265   49.048   1021.7    869.2
     1     1    20     5    19     9     0     3     9.0   62.419   48.506    148.2    968.7
     2     1    20     5    19     9     0     3     9.0   62.834   48.518    645.8    911.5
     3     1    20     5    19     9     0     3     9.0   63.333   48.930   1104.1    860.9
     1     1    20     5    19    10     0     2    10.0   62.424   48.351    169.3    966.2
     2     1    20     5    19    10     0     2    10.0   62.839   48.342    718.7    901.9
     3     1    20     5    19    10     0     2    10.0   63.393   48.777   1185.5    848.3
     1     1    20     5    19    11     0     1    11.0   62.416   48.164    189.6    964.7
     2     1    20     5    19    11     0     1    11.0   62.835   48.122    790.0    896.8
     3     1    20     5    19    11     0     1    11.0   63.453   48.575   1210.6    847.7
     1     1    20     5    19    12     0     0    12.0   62.386   47.930    215.4    962.1
     2     1    20     5    19    12     0     0    12.0   62.810   47.848    884.3    888.6
     3     1    20     5    19    12     0     0    12.0   63.493   48.329   1191.9    851.5
     1     1    20     5    19    13     0     1    13.0   62.336   47.665    234.5    957.8
     2     1    20     5    19    13     0     1    13.0   62.786   47.527    967.8    875.2
     3     1    20     5    19    13     0     1    13.0   63.519   48.050   1150.0    857.9
     1     1    20     5    19    14     0     2    14.0   62.268   47.388    235.2    957.9
     2     1    20     5    19    14     0     2    14.0   62.766   47.161   1002.3    871.7
     3     1    20     5    19    14     0     2    14.0   63.546   47.747   1111.0    865.2
     1     1    20     5    19    15     0     3    15.0   62.179   47.089    228.2    959.4
     2     1    20     5    19    15     0     3    15.0   62.724   46.733   1016.7    873.3
     3     1    20     5    19    15     0     3    15.0   63.562   47.413   1118.3    868.2
     1     1    20     5    19    16     0     2    16.0   62.078   46.755    220.8    961.9
     2     1    20     5    19    16     0     2    16.0   62.664   46.272   1078.2    871.6
     3     1    20     5    19    16     0     2    16.0   63.555   47.052   1220.4    861.4
     1     1    20     5    19    17     0     1    17.0   61.965   46.394    202.3    965.8
     2     1    20     5    19    17     0     1    17.0   62.614   45.776   1182.1    858.5
     3     1    20     5    19    17     0     1    17.0   63.548   46.649   1365.2    837.5
     1     1    20     5    19    18     0     0    18.0   61.819   46.049    164.3    971.6
     2     1    20     5    19    18     0     0    18.0   62.579   45.175   1297.3    850.2
     3     1    20     5    19    18     0     0    18.0   63.559   46.159   1434.8    824.3
     1     1    20     5    19    19     0     1    19.0   61.657   45.772    135.4    977.0
     2     1    20     5    19    19     0     1    19.0   62.579   44.510   1385.9    833.9
     3     1    20     5    19    19     0     1    19.0   63.590   45.606   1438.8    829.5
     1     1    20     5    19    20     0     2    20.0   61.493   45.526    129.6    976.8
     2     1    20     5    19    20     0     2    20.0   62.612   43.868   1405.5    830.5
     3     1    20     5    19    20     0     2    20.0   63.649   45.062   1460.6    832.9
     1     1    20     5    19    21     0     3    21.0   61.327   45.256    152.0    972.8
     2     1    20     5    19    21     0     3    21.0   62.648   43.211   1439.9    837.6
     3     1    20     5    19    21     0     3    21.0   63.721   44.548   1508.3    826.0
     1     1    20     5    19    22     0     2    22.0   61.160   44.904    205.8    964.3
     2     1    20     5    19    22     0     2    22.0   62.690   42.548   1515.2    827.2
     3     1    20     5    19    22     0     2    22.0   63.787   44.046   1558.3    821.4
     1     1    20     5    19    23     0     1    23.0   61.012   44.431    250.5    951.8
     2     1    20     5    19    23     0     1    23.0   62.734   41.894   1584.4    822.4
     3     1    20     5    19    23     0     1    23.0   63.849   43.549   1612.4    817.2
     1     1    20     5    20     0     0     0    24.0   60.878   43.901    253.7    952.5
     2     1    20     5    20     0     0     0    24.0   62.788   41.250   1688.3    812.9
     3     1    20     5    20     0     0     0    24.0   63.907   43.063   1689.0    811.8
