     5     1
    GDAS    20     5    15     0     0
    GDAS    20     5    22     0     0
    GDAS    20     5    29     0     0
    GDAS    20     6     1     0     0
    GDAS    20     6     8     0     0
     3 FORWARD  OMEGA   
    20     5    27     0   62.085   49.588   100.0
    20     5    27     0   62.085   49.588   500.0
    20     5    27     0   62.085   49.588  1000.0
     1 PRESSURE
     1     1    20     5    27     0     0     0     0.0   62.085   49.588    100.0   1003.1
     2     1    20     5    27     0     0     0     0.0   62.085   49.588    500.0    956.7
     3     1    20     5    27     0     0     0     0.0   62.085   49.588   1000.0    900.7
     1     1    20     5    27     1     0     1     1.0   62.128   49.484    100.4   1002.1
     2     1    20     5    27     1     0     1     1.0   62.169   49.540    503.2    955.0
     3     1    20     5    27     1     0     1     1.0   62.155   49.658    983.8    901.3
     1     1    20     5    27     2     0     2     2.0   62.176   49.374    101.1   1000.9
     2     1    20     5    27     2     0     2     2.0   62.272   49.457    508.5    952.9
     3     1    20     5    27     2     0     2     2.0   62.233   49.663    969.9    902.3
     1     1    20     5    27     3     0     3     3.0   62.230   49.255    102.7    999.4
     2     1    20     5    27     3     0     3     3.0   62.398   49.344    519.2    949.8
     3     1    20     5    27     3     0     3     3.0   62.323   49.612    963.9    902.0
     1     1    20     5    27     4     0     2     4.0   62.287   49.129    107.4    997.6
     2     1    20     5    27     4     0     2     4.0   62.531   49.222    542.9    945.1
     3     1    20     5    27     4     0     2     4.0   62.426   49.530    976.1    899.7
     1     1    20     5    27     5     0     1     5.0   62.346   48.996    117.7    994.8
     2     1    20     5    27     5     0     1     5.0   62.657   49.100    580.0    937.9
     3     1    20     5    27     5     0     1     5.0   62.536   49.437   1007.6    893.5
     1     1    20     5    27     6     0     0     6.0   62.405   48.857    132.1    991.4
     2     1    20     5    27     6     0     0     6.0   62.774   48.971    622.2    930.4
     3     1    20     5    27     6     0     0     6.0   62.651   49.331   1048.1    886.0
     1     1    20     5    27     7     0     1     7.0   62.464   48.752    147.5    988.1
     2     1    20     5    27     7     0     1     7.0   62.886   48.874    675.6    923.5
     3     1    20     5    27     7     0     1     7.0   62.764   49.232   1109.8    878.6
     1     1    20     5    27     8     0     2     8.0   62.520   48.710    163.6    985.0
     2     1    20     5    27     8     0     2     8.0   62.990   48.846    746.5    913.1
     3     1    20     5    27     8     0     2     8.0   62.865   49.151   1199.5    865.7
     1     1    20     5    27     9     0     3     9.0   62.573   48.731    182.0    982.1
     2     1    20     5    27     9     0     3     9.0   63.083   48.865    830.8    903.2
     3     1    20     5    27     9     0     3     9.0   62.953   49.062   1294.3    852.1
     1     1    20     5    27    10     0     2    10.0   62.612   48.760    198.7    978.6
     2     1    20     5    27    10     0     2    10.0   63.153   48.868    893.2    893.1
     3     1    20     5    27    10     0     2    10.0   63.025   48.945   1343.9    841.9
     1     1    20     5    27    11     0     1    11.0   62.622   48.736    201.1    977.3
     2     1    20     5    27    11     0     1    11.0   63.197   48.819    897.7    892.7
     3     1    20     5    27    11     0     1    11.0   63.079   48.801   1340.6    845.4
     1     1    20     5    27    12     0     0    12.0   62.604   48.660    190.0    978.8
     2     1    20     5    27    12     0     0    12.0   63.214   48.734    849.8    898.1
     3     1    20     5    27    12     0     0    12.0   63.117   48.629   1308.8    850.3
     1     1    20     5    27    13     0     1    13.0   62.576   48.567    186.1    980.4
     2     1    20     5    27    13     0     1    13.0   63.208   48.639    814.4    908.1
     3     1    20     5    27    13     0     1    13.0   63.138   48.459   1295.2    856.4
     1     1    20     5    27    14     0     2    14.0   62.550   48.487    201.6    977.9
     2     1    20     5    27    14     0     2    14.0   63.191   48.537    840.6    903.6
     3     1    20     5    27    14     0     2    14.0   63.150   48.315   1313.9    851.7
     1     1    20     5    27    15     0     3    15.0   62.526   48.420    232.5    973.1
     2     1    20     5    27    15     0     3    15.0   63.160   48.429    897.2    895.5
     3     1    20     5    27    15     0     3    15.0   63.152   48.199   1321.5    848.8
     1     1    20     5    27    16     0     2    16.0   62.498   48.382    260.7    967.3
     2     1    20     5    27    16     0     2    16.0   63.120   48.331    930.5    888.2
     3     1    20     5    27    16     0     2    16.0   63.138   48.115   1298.7    851.3
     1     1    20     5    27    17     0     1    17.0   62.461   48.387    272.8    965.9
     2     1    20     5    27    17     0     1    17.0   63.071   48.257    919.1    890.8
     3     1    20     5    27    17     0     1    17.0   63.102   48.069   1257.0    856.9
     1     1    20     5    27    18     0     0    18.0   62.414   48.439    269.6    966.1
     2     1    20     5    27    18     0     0    18.0   63.014   48.208    886.6    895.2
     3     1    20     5    27    18     0     0    18.0   63.044   48.055   1217.9    861.3
     1     1    20     5    27    19     0     1    19.0   62.356   48.552    259.1    968.6
     2     1    20     5    27    19     0     1    19.0   62.948   48.214    864.1    899.4
     3     1    20     5    27    19     0     1    19.0   62.970   48.082   1185.7    863.9
     1     1    20     5    27    20     0     2    20.0   62.288   48.729    249.6    970.4
     2     1    20     5    27    20     0     2    20.0   62.861   48.292    869.3    898.0
     3     1    20     5    27    20     0     2    20.0   62.879   48.159   1168.2    865.6
     1     1    20     5    27    21     0     3    21.0   62.211   48.964    243.8    972.7
     2     1    20     5    27    21     0     3    21.0   62.745   48.425    901.6    894.1
     3     1    20     5    27    21     0     3    21.0   62.763   48.282   1177.3    864.5
     1     1    20     5    27    22     0     2    22.0   62.123   49.244    244.1    974.2
     2     1    20     5    27    22     0     2    22.0   62.602   48.614    946.9    888.0
     3     1    20     5    27    22     0     2    22.0   62.621   48.459   1209.6    860.3
     1     1    20     5    27    23     0     1    23.0   62.017   49.561    247.3    974.8
     2     1    20     5    27    23     0     1    23.0   62.438   48.877    990.4    884.5
     3     1    20     5    27    23     0     1    23.0   62.459   48.707   1251.4    856.4
     1     1    20     5    28     0     0     0    24.0   61.894   49.917    247.8    973.6
     2     1    20     5    28     0     0     0    24.0   62.254   49.219   1022.5    882.7
     3     1    20     5    28     0     0     0    24.0   62.282   49.035   1291.5    854.5
