     5     1
    GDAS    20     7     1     0     0
    GDAS    20     7     8     0     0
    GDAS    20     7    15     0     0
    GDAS    20     7    22     0     0
    GDAS    20     7    29     0     0
     3 FORWARD  OMEGA   
    20     7     8     0   62.085   49.588   100.0
    20     7     8     0   62.085   49.588   500.0
    20     7     8     0   62.085   49.588  1000.0
     1 PRESSURE
     1     1    20     7     8     0     0     0     0.0   62.085   49.588    100.0    986.0
     2     1    20     7     8     0     0     0     0.0   62.085   49.588    500.0    942.8
     3     1    20     7     8     0     0     0     0.0   62.085   49.588   1000.0    890.2
     1     1    20     7     8     1     0     1     1.0   62.240   49.776     93.1    986.0
     2     1    20     7     8     1     0     1     1.0   62.297   50.020    477.0    943.4
     3     1    20     7     8     1     0     1     1.0   62.286   49.988    965.9    891.6
     1     1    20     7     8     2     0     2     2.0   62.382   49.933     86.3    986.5
     2     1    20     7     8     2     0     2     2.0   62.507   50.450    464.4    944.4
     3     1    20     7     8     2     0     2     2.0   62.498   50.405    951.6    895.0
     1     1    20     7     8     3     0     3     3.0   62.514   50.067     81.0    986.6
     2     1    20     7     8     3     0     3     3.0   62.719   50.868    479.1    940.7
     3     1    20     7     8     3     0     3     3.0   62.721   50.829    999.5    887.9
     1     1    20     7     8     4     0     2     4.0   62.644   50.192     76.4    986.1
     2     1    20     7     8     4     0     2     4.0   62.928   51.275    507.3    936.4
     3     1    20     7     8     4     0     2     4.0   62.952   51.273   1067.6    876.3
     1     1    20     7     8     5     0     1     5.0   62.782   50.316     72.2    986.0
     2     1    20     7     8     5     0     1     5.0   63.134   51.664    531.0    932.4
     3     1    20     7     8     5     0     1     5.0   63.180   51.751   1106.4    870.5
     1     1    20     7     8     6     0     0     6.0   62.930   50.438     69.3    986.1
     2     1    20     7     8     6     0     0     6.0   63.345   52.041    543.8    929.8
     3     1    20     7     8     6     0     0     6.0   63.409   52.268   1117.8    868.5
     1     1    20     7     8     7     0     1     7.0   63.084   50.576     68.0    985.5
     2     1    20     7     8     7     0     1     7.0   63.551   52.429    536.6    928.6
     3     1    20     7     8     7     0     1     7.0   63.633   52.802   1103.7    869.7
     1     1    20     7     8     8     0     2     8.0   63.242   50.750     69.0    984.6
     2     1    20     7     8     8     0     2     8.0   63.740   52.841    510.9    933.8
     3     1    20     7     8     8     0     2     8.0   63.836   53.313   1083.5    876.8
     1     1    20     7     8     9     0     3     9.0   63.405   50.953     73.7    983.6
     2     1    20     7     8     9     0     3     9.0   63.906   53.259    497.7    939.3
     3     1    20     7     8     9     0     3     9.0   64.015   53.784   1109.5    878.1
     1     1    20     7     8    10     0     2    10.0   63.574   51.168     81.0    980.8
     2     1    20     7     8    10     0     2    10.0   64.062   53.659    495.3    938.5
     3     1    20     7     8    10     0     2    10.0   64.180   54.253   1136.3    869.0
     1     1    20     7     8    11     0     1    11.0   63.749   51.384     88.6    978.2
     2     1    20     7     8    11     0     1    11.0   64.219   54.035    463.0    941.1
     3     1    20     7     8    11     0     1    11.0   64.336   54.752   1119.8    873.5
     1     1    20     7     8    12     0     0    12.0   63.935   51.596    100.1    975.4
     2     1    20     7     8    12     0     0    12.0   64.371   54.405    414.4    950.5
     3     1    20     7     8    12     0     0    12.0   64.482   55.272   1104.2    877.1
     1     1    20     7     8    13     0     1    13.0   64.130   51.774    114.5    973.7
     2     1    20     7     8    13     0     1    13.0   64.508   54.773    389.0    953.6
     3     1    20     7     8    13     0     1    13.0   64.622   55.798   1107.8    879.7
     1     1    20     7     8    14     0     2    14.0   64.326   51.904    125.2    974.2
     2     1    20     7     8    14     0     2    14.0   64.632   55.130    386.9    952.8
     3     1    20     7     8    14     0     2    14.0   64.751   56.310   1131.5    879.0
     1     1    20     7     8    15     0     3    15.0   64.517   52.011    129.6    976.0
     2     1    20     7     8    15     0     3    15.0   64.746   55.478    402.5    953.1
     3     1    20     7     8    15     0     3    15.0   64.849   56.805   1128.0    876.0
     1     1    20     7     8    16     0     2    16.0   64.717   52.090    136.4    978.6
     2     1    20     7     8    16     0     2    16.0   64.873   55.809    435.8    951.2
     3     1    20     7     8    16     0     2    16.0   64.925   57.294   1087.7    883.1
     1     1    20     7     8    17     0     1    17.0   64.957   52.127    162.2    979.6
     2     1    20     7     8    17     0     1    17.0   65.034   56.111    478.7    947.5
     3     1    20     7     8    17     0     1    17.0   65.004   57.813   1039.9    888.2
     1     1    20     7     8    18     0     0    18.0   65.254   52.047    230.7    974.6
     2     1    20     7     8    18     0     0    18.0   65.214   56.367    485.2    942.9
     3     1    20     7     8    18     0     0    18.0   65.079   58.362   1036.0    883.5
     1     1    20     7     8    19     0     1    19.0   65.568   52.054    357.5    958.2
     2     1    20     7     8    19     0     1    19.0   65.393   56.580    452.6    949.8
     3     1    20     7     8    19     0     1    19.0   65.127   59.015   1158.6    853.8
     1     1    20     7     8    20     0     2    20.0   65.887   52.386    454.4    944.7
     2     1    20     7     8    20     0     2    20.0   65.571   56.797    431.0    954.6
     3     1    20     7     8    20     0     2    20.0   65.093   59.846   1241.5    785.6
     1     1    20     7     8    21     0     3    21.0   66.234   52.933    311.9    963.2
     2     1    20     7     8    21     0     3    21.0   65.762   57.040    440.9    952.1
     3     1    20     7     8    21     0     3    21.0   64.973   60.728   1169.0    811.3
     1     1    20     7     8    22     0     2    22.0   66.553   53.274    203.0    982.4
     2     1    20     7     8    22     0     2    22.0   65.927   57.293    478.5    948.0
     3     1    20     7     8    22     0     2    22.0   64.806   61.469   1103.5    853.2
     1     1    20     7     8    23     0     1    23.0   66.830   53.505    204.8    981.4
     2     1    20     7     8    23     0     1    23.0   66.013   57.582    556.9    939.7
     3     1    20     7     8    23     0     1    23.0   64.645   62.096   1067.3    878.1
     1     1    20     7     9     0     0     0    24.0   67.053   53.799    256.1    975.3
     2     1    20     7     9     0     0     0    24.0   65.979   57.928    682.6    928.2
     3     1    20     7     9     0     0     0    24.0   64.516   62.679   1058.0    882.8
