     5     1
    GDAS    20     2    29     0     0
    GDAS    20     3     1     0     0
    GDAS    20     3     8     0     0
    GDAS    20     3    15     0     0
    GDAS    20     3    22     0     0
     3 FORWARD  OMEGA   
    20     3     3     0   62.085   49.588   100.0
    20     3     3     0   62.085   49.588   500.0
    20     3     3     0   62.085   49.588  1000.0
     1 PRESSURE
     1     1    20     3     3     0     0     0     0.0   62.085   49.588    100.0    979.5
     2     1    20     3     3     0     0     0     0.0   62.085   49.588    500.0    932.4
     3     1    20     3     3     0     0     0     0.0   62.085   49.588   1000.0    875.6
     1     1    20     3     3     1     0     1     1.0   62.175   50.135     88.4    980.3
     2     1    20     3     3     1     0     1     1.0   62.168   50.590    485.5    930.3
     3     1    20     3     3     1     0     1     1.0   62.111   50.668    999.4    871.3
     1     1    20     3     3     2     0     2     2.0   62.268   50.671     84.8    977.8
     2     1    20     3     3     2     0     2     2.0   62.253   51.556    475.2    929.2
     3     1    20     3     3     2     0     2     2.0   62.130   51.744    973.3    872.6
     1     1    20     3     3     3     0     3     3.0   62.367   51.232     87.5    976.0
     2     1    20     3     3     3     0     3     3.0   62.349   52.497    488.3    926.2
     3     1    20     3     3     3     0     3     3.0   62.145   52.851    966.2    873.8
     1     1    20     3     3     4     0     2     4.0   62.459   51.804     88.0    975.9
     2     1    20     3     3     4     0     2     4.0   62.445   53.425    510.4    920.0
     3     1    20     3     3     4     0     2     4.0   62.156   53.936    972.6    866.5
     1     1    20     3     3     5     0     1     5.0   62.538   52.374     89.8    974.5
     2     1    20     3     3     5     0     1     5.0   62.536   54.360    474.3    926.1
     3     1    20     3     3     5     0     1     5.0   62.182   54.995    977.0    872.7
     1     1    20     3     3     6     0     0     6.0   62.610   52.966    109.8    968.7
     2     1    20     3     3     6     0     0     6.0   62.632   55.328    479.7    925.5
     3     1    20     3     3     6     0     0     6.0   62.224   56.050   1013.0    869.0
     1     1    20     3     3     7     0     1     7.0   62.678   53.619    118.5    967.3
     2     1    20     3     3     7     0     1     7.0   62.733   56.277    503.4    925.2
     3     1    20     3     3     7     0     1     7.0   62.265   57.108   1055.7    863.0
     1     1    20     3     3     8     0     2     8.0   62.726   54.265     89.2    973.5
     2     1    20     3     3     8     0     2     8.0   62.840   57.224    520.4    920.6
     3     1    20     3     3     8     0     2     8.0   62.285   58.209   1112.6    844.8
     1     1    20     3     3     9     0     3     9.0   62.767   54.886    101.4    970.0
     2     1    20     3     3     9     0     3     9.0   62.935   58.275    596.4    895.6
     3     1    20     3     3     9     0     3     9.0   62.280   59.417   1192.3    824.4
     1     1    20     3     3    10     0     2    10.0   62.816   55.576    138.6    965.8
     2     1    20     3     3    10     0     2    10.0   63.000   59.502    723.6    876.3
     3     1    20     3     3    10     0     2    10.0   62.221   60.702   1091.8    863.0
     1     1    20     3     3    11     0     1    11.0   62.866   56.305    114.8    972.4
     2     1    20     3     3    11     0     1    11.0   63.026   60.739    614.3    916.3
     3     1    20     3     3    11     0     1    11.0   62.134   61.921   1042.9    874.1
     1     1    20     3     3    12     0     0    12.0   62.899   57.002     92.1    976.0
     2     1    20     3     3    12     0     0    12.0   63.060   61.929    526.0    932.6
     3     1    20     3     3    12     0     0    12.0   62.026   63.085   1046.8    865.7
     1     1    20     3     3    13     0     1    13.0   62.908   57.705    108.5    963.6
     2     1    20     3     3    13     0     1    13.0   63.113   63.140    561.3    932.0
     3     1    20     3     3    13     0     1    13.0   61.909   64.193   1070.9    869.4
     1     1    20     3     3    14     0     2    14.0   62.899   58.587    232.7    934.0
     2     1    20     3     3    14     0     2    14.0   63.160   64.333    560.2    933.2
     3     1    20     3     3    14     0     2    14.0   61.770   65.222   1069.9    868.2
     1     1    20     3     3    15     0     3    15.0   62.876   59.856    367.5    922.1
     2     1    20     3     3    15     0     3    15.0   63.191   65.487    599.6    925.1
     3     1    20     3     3    15     0     3    15.0   61.617   66.203    983.9    880.7
     1     1    20     3     3    16     0     2    16.0   62.830   60.991    200.1    971.8
     2     1    20     3     3    16     0     2    16.0   63.210   66.622    640.0    914.8
     3     1    20     3     3    16     0     2    16.0   61.465   67.192    930.5    895.1
     1     1    20     3     3    17     0     1    17.0   62.780   61.853    150.0    976.9
     2     1    20     3     3    17     0     1    17.0   63.222   67.743    653.9    911.2
     3     1    20     3     3    17     0     1    17.0   61.342   68.153    900.3    894.8
     1     1    20     3     3    18     0     0    18.0   62.711   62.698    165.0    977.2
     2     1    20     3     3    18     0     0    18.0   63.270   68.826    693.8    909.2
     3     1    20     3     3    18     0     0    18.0   61.249   69.085    870.9    898.6
     1     1    20     3     3    19     0     1    19.0   62.630   63.555    176.0    976.7
     2     1    20     3     3    19     0     1    19.0   63.338   69.937    763.8    895.1
     3     1    20     3     3    19     0     1    19.0   61.179   70.010    859.9    900.5
     1     1    20     3     3    20     0     2    20.0   62.557   64.391    156.1    980.1
     2     1    20     3     3    20     0     2    20.0   63.355   71.125    748.3    897.5
     3     1    20     3     3    20     0     2    20.0   61.130   70.952    860.9    899.8
     1     1    20     3     3    21     0     3    21.0   62.488   65.185    148.8    978.3
     2     1    20     3     3    21     0     3    21.0   63.399   72.364    778.8    894.2
     3     1    20     3     3    21     0     3    21.0   61.108   71.924    863.8    899.0
     1     1    20     3     3    22     0     2    22.0   62.416   65.950    121.9    977.1
     2     1    20     3     3    22     0     2    22.0   63.450   73.555    841.4    886.9
     3     1    20     3     3    22     0     2    22.0   61.082   72.902    899.5    896.1
     1     1    20     3     3    23     0     1    23.0   62.365   66.602     97.9    985.7
     2     1    20     3     3    23     0     1    23.0   63.463   74.707    981.8    869.0
     3     1    20     3     3    23     0     1    23.0   61.059   73.901    960.6    886.5
     1     1    20     3     4     0     0     0    24.0   62.316   67.177     98.4    987.4
     2     1    20     3     4     0     0     0    24.0   63.490   75.907   1080.0    859.5
     3     1    20     3     4     0     0     0    24.0   61.083   74.920    916.8    891.1
