     5     1
    GDAS    20     7    29     0     0
    GDAS    20     8     1     0     0
    GDAS    20     8     8     0     0
    GDAS    20     8    15     0     0
    GDAS    20     8    22     0     0
     3 FORWARD  OMEGA   
    20     8     2     0   62.085   49.588   100.0
    20     8     2     0   62.085   49.588   500.0
    20     8     2     0   62.085   49.588  1000.0
     1 PRESSURE
     1     1    20     8     2     0     0     0     0.0   62.085   49.588    100.0    981.5
     2     1    20     8     2     0     0     0     0.0   62.085   49.588    500.0    936.1
     3     1    20     8     2     0     0     0     0.0   62.085   49.588   1000.0    881.4
     1     1    20     8     2     1     0     1     1.0   62.011   49.638    103.1    981.1
     2     1    20     8     2     1     0     1     1.0   61.976   49.667    508.2    934.7
     3     1    20     8     2     1     0     1     1.0   62.050   49.759   1000.8    880.9
     1     1    20     8     2     2     0     2     2.0   61.931   49.657    104.4    979.9
     2     1    20     8     2     2     0     2     2.0   61.854   49.688    505.5    933.5
     3     1    20     8     2     2     0     2     2.0   62.001   49.881   1001.4    881.2
     1     1    20     8     2     3     0     3     3.0   61.843   49.644    104.8    978.6
     2     1    20     8     2     3     0     3     3.0   61.717   49.640    494.3    933.1
     3     1    20     8     2     3     0     3     3.0   61.937   49.951   1007.9    879.7
     1     1    20     8     2     4     0     2     4.0   61.744   49.596    106.0    977.3
     2     1    20     8     2     4     0     2     4.0   61.562   49.508    477.6    933.7
     3     1    20     8     2     4     0     2     4.0   61.863   49.938   1004.0    877.2
     1     1    20     8     2     5     0     1     5.0   61.628   49.508    109.6    975.5
     2     1    20     8     2     5     0     1     5.0   61.384   49.292    460.0    934.0
     3     1    20     8     2     5     0     1     5.0   61.773   49.821    970.1    879.7
     1     1    20     8     2     6     0     0     6.0   61.491   49.378    114.7    973.4
     2     1    20     8     2     6     0     0     6.0   61.172   49.005    440.1    933.8
     3     1    20     8     2     6     0     0     6.0   61.655   49.604    917.3    885.3
     1     1    20     8     2     7     0     1     7.0   61.331   49.238    115.8    971.1
     2     1    20     8     2     7     0     1     7.0   60.920   48.725    407.8    935.2
     3     1    20     8     2     7     0     1     7.0   61.494   49.340    865.4    889.7
     1     1    20     8     2     8     0     2     8.0   61.150   49.136    108.1    970.3
     2     1    20     8     2     8     0     2     8.0   60.634   48.542    369.1    940.5
     3     1    20     8     2     8     0     2     8.0   61.280   49.083    806.5    892.7
     1     1    20     8     2     9     0     3     9.0   60.953   49.090     94.1    970.9
     2     1    20     8     2     9     0     3     9.0   60.309   48.471    335.4    943.6
     3     1    20     8     2     9     0     3     9.0   61.011   48.860    712.7    898.9
     1     1    20     8     2    10     0     2    10.0   60.748   49.090     82.1    973.4
     2     1    20     8     2    10     0     2    10.0   59.954   48.481    306.7    946.7
     3     1    20     8     2    10     0     2    10.0   60.694   48.727    588.3    915.6
     1     1    20     8     2    11     0     1    11.0   60.537   49.116     74.5    974.3
     2     1    20     8     2    11     0     1    11.0   59.603   48.569    268.7    950.2
     3     1    20     8     2    11     0     1    11.0   60.357   48.696    474.6    930.0
     1     1    20     8     2    12     0     0    12.0   60.317   49.187     71.1    974.2
     2     1    20     8     2    12     0     0    12.0   59.268   48.777    212.7    957.8
     3     1    20     8     2    12     0     0    12.0   60.015   48.748    380.6    941.2
     1     1    20     8     2    13     0     1    13.0   60.108   49.318     74.3    973.3
     2     1    20     8     2    13     0     1    13.0   58.976   49.111    157.6    966.3
     3     1    20     8     2    13     0     1    13.0   59.701   48.912    309.9    949.6
     1     1    20     8     2    14     0     2    14.0   59.922   49.516     82.9    970.8
     2     1    20     8     2    14     0     2    14.0   58.760   49.509    124.5    970.9
     3     1    20     8     2    14     0     2    14.0   59.436   49.205    264.0    954.4
     1     1    20     8     2    15     0     3    15.0   59.744   49.800     89.8    969.0
     2     1    20     8     2    15     0     3    15.0   58.605   49.943    102.6    970.9
     3     1    20     8     2    15     0     3    15.0   59.210   49.618    236.6    957.1
     1     1    20     8     2    16     0     2    16.0   59.593   50.156     92.0    969.8
     2     1    20     8     2    16     0     2    16.0   58.504   50.384     85.7    975.3
     3     1    20     8     2    16     0     2    16.0   59.031   50.111    216.6    961.4
     1     1    20     8     2    17     0     1    17.0   59.495   50.540     94.7    971.5
     2     1    20     8     2    17     0     1    17.0   58.452   50.798     79.6    977.6
     3     1    20     8     2    17     0     1    17.0   58.914   50.628    213.9    963.8
     1     1    20     8     2    18     0     0    18.0   59.439   50.940    100.7    972.0
     2     1    20     8     2    18     0     0    18.0   58.436   51.180     75.4    977.8
     3     1    20     8     2    18     0     0    18.0   58.840   51.146    226.7    961.3
     1     1    20     8     2    19     0     1    19.0   59.405   51.352    107.3    970.2
     2     1    20     8     2    19     0     1    19.0   58.439   51.541     68.9    977.1
     3     1    20     8     2    19     0     1    19.0   58.787   51.666    238.8    955.6
     1     1    20     8     2    20     0     2    20.0   59.392   51.768    108.7    968.5
     2     1    20     8     2    20     0     2    20.0   58.445   51.887     60.3    976.4
     3     1    20     8     2    20     0     2    20.0   58.742   52.182    233.0    953.5
     1     1    20     8     2    21     0     3    21.0   59.409   52.170     99.9    969.6
     2     1    20     8     2    21     0     3    21.0   58.454   52.183     50.6    978.1
     3     1    20     8     2    21     0     3    21.0   58.705   52.657    201.9    959.6
     1     1    20     8     2    22     0     2    22.0   59.444   52.542     85.1    974.0
     2     1    20     8     2    22     0     2    22.0   58.467   52.421     41.7    980.1
     3     1    20     8     2    22     0     2    22.0   58.680   53.066    163.8    966.5
     1     1    20     8     2    23     0     1    23.0   59.483   52.877     71.6    977.8
     2     1    20     8     2    23     0     1    23.0   58.483   52.613     34.7    981.5
     3     1    20     8     2    23     0     1    23.0   58.666   53.422    129.3    969.8
     1     1    20     8     3     0     0     0    24.0   59.533   53.180     60.2    979.3
     2     1    20     8     3     0     0     0    24.0   58.505   52.766     29.7    982.5
     3     1    20     8     3     0     0     0    24.0   58.663   53.728     98.0    973.6
