     5     1
    GDAS    20     3     8     0     0
    GDAS    20     3    15     0     0
    GDAS    20     3    22     0     0
    GDAS    20     3    29     0     0
    GDAS    20     4     1     0     0
     3 FORWARD  OMEGA   
    20     3    17     0   62.085   49.588   100.0
    20     3    17     0   62.085   49.588   500.0
    20     3    17     0   62.085   49.588  1000.0
     1 PRESSURE
     1     1    20     3    17     0     0     0     0.0   62.085   49.588    100.0    977.8
     2     1    20     3    17     0     0     0     0.0   62.085   49.588    500.0    929.9
     3     1    20     3    17     0     0     0     0.0   62.085   49.588   1000.0    872.7
     1     1    20     3    17     1     0     1     1.0   62.128   50.120     88.4    979.4
     2     1    20     3    17     1     0     1     1.0   62.069   50.559    505.1    926.6
     3     1    20     3    17     1     0     1     1.0   61.908   50.614   1010.7    869.0
     1     1    20     3    17     2     0     2     2.0   62.142   50.688     95.1    974.1
     2     1    20     3    17     2     0     2     2.0   62.027   51.546    538.2    917.9
     3     1    20     3    17     2     0     2     2.0   61.730   51.537   1053.1    860.2
     1     1    20     3    17     3     0     3     3.0   62.151   51.346    115.4    968.7
     2     1    20     3    17     3     0     3     3.0   61.977   52.519    545.3    918.2
     3     1    20     3    17     3     0     3     3.0   61.543   52.368   1085.8    855.9
     1     1    20     3    17     4     0     2     4.0   62.147   52.003    118.7    968.7
     2     1    20     3    17     4     0     2     4.0   61.909   53.447    591.7    908.7
     3     1    20     3    17     4     0     2     4.0   61.355   53.161   1110.2    850.1
     1     1    20     3    17     5     0     1     5.0   62.105   52.626    120.9    969.4
     2     1    20     3    17     5     0     1     5.0   61.827   54.363    615.5    906.6
     3     1    20     3    17     5     0     1     5.0   61.169   53.952   1114.3    853.1
     1     1    20     3    17     6     0     0     6.0   62.010   53.284    158.5    962.4
     2     1    20     3    17     6     0     0     6.0   61.749   55.243    653.3    905.0
     3     1    20     3    17     6     0     0     6.0   60.974   54.731   1143.0    852.4
     1     1    20     3    17     7     0     1     7.0   61.904   53.967    175.1    956.2
     2     1    20     3    17     7     0     1     7.0   61.643   56.108    676.7    900.4
     3     1    20     3    17     7     0     1     7.0   60.765   55.500   1210.0    841.9
     1     1    20     3    17     8     0     2     8.0   61.786   54.610    174.6    961.6
     2     1    20     3    17     8     0     2     8.0   61.535   56.944    760.6    891.9
     3     1    20     3    17     8     0     2     8.0   60.556   56.264   1277.4    834.4
     1     1    20     3    17     9     0     3     9.0   61.630   55.224    174.7    963.6
     2     1    20     3    17     9     0     3     9.0   61.412   57.777    921.6    865.0
     3     1    20     3    17     9     0     3     9.0   60.326   57.035   1358.2    826.3
     1     1    20     3    17    10     0     2    10.0   61.459   55.834    178.7    961.1
     2     1    20     3    17    10     0     2    10.0   61.211   58.651   1057.0    830.8
     3     1    20     3    17    10     0     2    10.0   60.061   57.832   1432.9    804.8
     1     1    20     3    17    11     0     1    11.0   61.291   56.418    190.2    959.2
     2     1    20     3    17    11     0     1    11.0   60.945   59.627   1198.6    816.8
     3     1    20     3    17    11     0     1    11.0   59.771   58.702   1428.7    782.7
     1     1    20     3    17    12     0     0    12.0   61.090   56.984    238.0    952.7
     2     1    20     3    17    12     0     0    12.0   60.593   60.470   1152.6    846.9
     3     1    20     3    17    12     0     0    12.0   59.428   59.591   1345.6    814.5
     1     1    20     3    17    13     0     1    13.0   60.846   57.599    324.2    936.4
     2     1    20     3    17    13     0     1    13.0   60.221   61.187   1149.8    857.8
     3     1    20     3    17    13     0     1    13.0   59.033   60.375   1360.4    826.0
     1     1    20     3    17    14     0     2    14.0   60.587   58.277    425.1    910.9
     2     1    20     3    17    14     0     2    14.0   59.848   61.940   1206.8    852.7
     3     1    20     3    17    14     0     2    14.0   58.653   61.109   1375.3    828.5
     1     1    20     3    17    15     0     3    15.0   60.274   59.015    480.7    879.1
     2     1    20     3    17    15     0     3    15.0   59.452   62.652   1271.8    842.8
     3     1    20     3    17    15     0     3    15.0   58.272   61.823   1376.3    829.8
     1     1    20     3    17    16     0     2    16.0   59.946   59.804    405.0    923.4
     2     1    20     3    17    16     0     2    16.0   59.052   63.314   1283.2    840.6
     3     1    20     3    17    16     0     2    16.0   57.868   62.502   1349.3    838.0
     1     1    20     3    17    17     0     1    17.0   59.681   60.555    308.0    954.0
     2     1    20     3    17    17     0     1    17.0   58.644   64.024   1291.0    846.2
     3     1    20     3    17    17     0     1    17.0   57.476   63.191   1350.4    839.3
     1     1    20     3    17    18     0     0    18.0   59.411   61.199    287.3    961.3
     2     1    20     3    17    18     0     0    18.0   58.184   64.718   1323.4    843.2
     3     1    20     3    17    18     0     0    18.0   57.079   63.875   1348.3    841.8
     1     1    20     3    17    19     0     1    19.0   59.108   61.794    289.5    963.0
     2     1    20     3    17    19     0     1    19.0   57.743   65.423   1336.3    839.2
     3     1    20     3    17    19     0     1    19.0   56.695   64.559   1331.3    845.4
     1     1    20     3    17    20     0     2    20.0   58.818   62.386    282.2    962.0
     2     1    20     3    17    20     0     2    20.0   57.354   66.125   1312.9    845.3
     3     1    20     3    17    20     0     2    20.0   56.348   65.257   1325.2    844.7
     1     1    20     3    17    21     0     3    21.0   58.545   62.936    264.1    964.6
     2     1    20     3    17    21     0     3    21.0   56.944   66.747   1290.1    850.3
     3     1    20     3    17    21     0     3    21.0   55.985   65.965   1328.7    847.6
     1     1    20     3    17    22     0     2    22.0   58.300   63.451    248.0    971.6
     2     1    20     3    17    22     0     2    22.0   56.541   67.410   1264.6    848.9
     3     1    20     3    17    22     0     2    22.0   55.644   66.700   1317.2    842.9
     1     1    20     3    17    23     0     1    23.0   58.080   63.960    241.3    974.5
     2     1    20     3    17    23     0     1    23.0   56.200   68.205   1224.2    852.5
     3     1    20     3    17    23     0     1    23.0   55.359   67.458   1292.6    846.8
     1     1    20     3    18     0     0     0    24.0   57.880   64.456    233.4    975.6
     2     1    20     3    18     0     0     0    24.0   55.864   68.995   1152.5    859.9
     3     1    20     3    18     0     0     0    24.0   55.077   68.197   1273.1    850.5
