     5     1
    GDAS    20     5    29     0     0
    GDAS    20     6     1     0     0
    GDAS    20     6     8     0     0
    GDAS    20     6    15     0     0
    GDAS    20     6    22     0     0
     3 FORWARD  OMEGA   
    20     6     7     0   62.085   49.588   100.0
    20     6     7     0   62.085   49.588   500.0
    20     6     7     0   62.085   49.588  1000.0
     1 PRESSURE
     1     1    20     6     7     0     0     0     0.0   62.085   49.588    100.0    993.4
     2     1    20     6     7     0     0     0     0.0   62.085   49.588    500.0    947.5
     3     1    20     6     7     0     0     0     0.0   62.085   49.588   1000.0    893.2
     1     1    20     6     7     1     0     1     1.0   62.211   49.651     99.6    992.2
     2     1    20     6     7     1     0     1     1.0   62.327   49.773    527.1    941.2
     3     1    20     6     7     1     0     1     1.0   62.409   49.760   1023.3    886.5
     1     1    20     6     7     2     0     2     2.0   62.337   49.722     96.2    991.7
     2     1    20     6     7     2     0     2     2.0   62.569   50.006    529.1    940.0
     3     1    20     6     7     2     0     2     2.0   62.739   49.996    998.8    885.5
     1     1    20     6     7     3     0     3     3.0   62.461   49.790     90.0    991.6
     2     1    20     6     7     3     0     3     3.0   62.792   50.270    511.4    940.4
     3     1    20     6     7     3     0     3     3.0   63.047   50.299    929.2    893.2
     1     1    20     6     7     4     0     2     4.0   62.587   49.852     82.4    991.9
     2     1    20     6     7     4     0     2     4.0   62.990   50.529    491.8    943.2
     3     1    20     6     7     4     0     2     4.0   63.316   50.660    881.6    901.1
     1     1    20     6     7     5     0     1     5.0   62.723   49.908     75.9    991.9
     2     1    20     6     7     5     0     1     5.0   63.195   50.763    470.9    943.2
     3     1    20     6     7     5     0     1     5.0   63.573   51.053    855.7    898.3
     1     1    20     6     7     6     0     0     6.0   62.872   49.958     72.4    991.1
     2     1    20     6     7     6     0     0     6.0   63.420   50.991    435.2    945.2
     3     1    20     6     7     6     0     0     6.0   63.819   51.451    843.6    900.9
     1     1    20     6     7     7     0     1     7.0   63.033   50.015     71.1    989.9
     2     1    20     6     7     7     0     1     7.0   63.649   51.254    406.8    950.1
     3     1    20     6     7     7     0     1     7.0   64.057   51.862    871.0    897.5
     1     1    20     6     7     8     0     2     8.0   63.201   50.107     69.4    989.2
     2     1    20     6     7     8     0     2     8.0   63.874   51.571    417.6    947.4
     3     1    20     6     7     8     0     2     8.0   64.289   52.306    904.9    894.9
     1     1    20     6     7     9     0     3     9.0   63.373   50.239     66.8    988.7
     2     1    20     6     7     9     0     3     9.0   64.100   51.926    468.4    941.1
     3     1    20     6     7     9     0     3     9.0   64.513   52.786    894.4    898.9
     1     1    20     6     7    10     0     2    10.0   63.542   50.413     63.9    988.1
     2     1    20     6     7    10     0     2    10.0   64.326   52.330    505.3    936.3
     3     1    20     6     7    10     0     2    10.0   64.727   53.309    862.6    908.0
     1     1    20     6     7    11     0     1    11.0   63.701   50.624     60.0    987.6
     2     1    20     6     7    11     0     1    11.0   64.538   52.784    486.3    943.7
     3     1    20     6     7    11     0     1    11.0   64.932   53.860    842.7    911.0
     1     1    20     6     7    12     0     0    12.0   63.851   50.866     53.5    987.3
     2     1    20     6     7    12     0     0    12.0   64.737   53.262    446.0    952.8
     3     1    20     6     7    12     0     0    12.0   65.123   54.433    775.4    910.8
     1     1    20     6     7    13     0     1    13.0   63.992   51.109     46.5    987.3
     2     1    20     6     7    13     0     1    13.0   64.934   53.737    420.8    958.6
     3     1    20     6     7    13     0     1    13.0   65.280   55.006    697.5    925.8
     1     1    20     6     7    14     0     2    14.0   64.126   51.335     42.3    988.6
     2     1    20     6     7    14     0     2    14.0   65.126   54.206    403.6    957.0
     3     1    20     6     7    14     0     2    14.0   65.412   55.561    665.8    931.0
     1     1    20     6     7    15     0     3    15.0   64.248   51.552     40.2    989.7
     2     1    20     6     7    15     0     3    15.0   65.290   54.641    380.8    958.4
     3     1    20     6     7    15     0     3    15.0   65.538   56.084    631.7    931.4
     1     1    20     6     7    16     0     2    16.0   64.354   51.761     40.1    991.4
     2     1    20     6     7    16     0     2    16.0   65.428   55.061    352.4    960.1
     3     1    20     6     7    16     0     2    16.0   65.660   56.623    580.5    939.6
     1     1    20     6     7    17     0     1    17.0   64.454   51.956     45.1    992.7
     2     1    20     6     7    17     0     1    17.0   65.558   55.506    314.0    966.7
     3     1    20     6     7    17     0     1    17.0   65.774   57.235    560.7    944.6
     1     1    20     6     7    18     0     0    18.0   64.556   52.139     53.6    993.5
     2     1    20     6     7    18     0     0    18.0   65.693   55.972    271.0    973.3
     3     1    20     6     7    18     0     0    18.0   65.871   57.912    578.6    940.4
     1     1    20     6     7    19     0     1    19.0   64.661   52.330     55.4    994.3
     2     1    20     6     7    19     0     1    19.0   65.821   56.477    242.1    978.6
     3     1    20     6     7    19     0     1    19.0   65.940   58.631    596.1    931.8
     1     1    20     6     7    20     0     2    20.0   64.758   52.534     47.2    996.4
     2     1    20     6     7    20     0     2    20.0   65.926   57.108    236.8    978.3
     3     1    20     6     7    20     0     2    20.0   65.981   59.368    665.3    930.6
     1     1    20     6     7    21     0     3    21.0   64.839   52.742     38.7    998.3
     2     1    20     6     7    21     0     3    21.0   66.010   57.833    277.0    976.2
     3     1    20     6     7    21     0     3    21.0   66.000   60.134    854.1    914.6
     1     1    20     6     7    22     0     2    22.0   64.907   52.965     34.6    999.8
     2     1    20     6     7    22     0     2    22.0   66.076   58.576    339.4    961.1
     3     1    20     6     7    22     0     2    22.0   65.980   60.908    982.8    886.0
     1     1    20     6     7    23     0     1    23.0   64.972   53.215     35.0   1001.0
     2     1    20     6     7    23     0     1    23.0   66.150   59.219    347.5    960.7
     3     1    20     6     7    23     0     1    23.0   65.929   61.638    996.9    882.7
     1     1    20     6     8     0     0     0    24.0   65.036   53.482     39.7   1001.5
     2     1    20     6     8     0     0     0    24.0   66.246   59.739    361.1    963.6
     3     1    20     6     8     0     0     0    24.0   65.842   62.327   1039.8    872.5
