     5     1
    GDAS    20     2    29     0     0
    GDAS    20     3     1     0     0
    GDAS    20     3     8     0     0
    GDAS    20     3    15     0     0
    GDAS    20     3    22     0     0
     3 FORWARD  OMEGA   
    20     3     5     0   62.085   49.588   100.0
    20     3     5     0   62.085   49.588   500.0
    20     3     5     0   62.085   49.588  1000.0
     1 PRESSURE
     1     1    20     3     5     0     0     0     0.0   62.085   49.588    100.0   1005.3
     2     1    20     3     5     0     0     0     0.0   62.085   49.588    500.0    955.6
     3     1    20     3     5     0     0     0     0.0   62.085   49.588   1000.0    895.7
     1     1    20     3     5     1     0     1     1.0   62.021   49.505    104.3   1005.7
     2     1    20     3     5     1     0     1     1.0   61.991   49.363    495.2    957.3
     3     1    20     3     5     1     0     1     1.0   61.958   49.426    995.6    897.0
     1     1    20     3     5     2     0     2     2.0   61.980   49.430    104.9   1005.8
     2     1    20     3     5     2     0     2     2.0   61.939   49.143    487.2    957.5
     3     1    20     3     5     2     0     2     2.0   61.861   49.246    983.6    897.1
     1     1    20     3     5     3     0     3     3.0   61.962   49.368    100.3   1006.5
     2     1    20     3     5     3     0     3     3.0   61.928   48.935    469.4    959.0
     3     1    20     3     5     3     0     3     3.0   61.796   49.047    953.9    899.9
     1     1    20     3     5     4     0     2     4.0   61.966   49.310     93.0   1008.1
     2     1    20     3     5     4     0     2     4.0   61.964   48.725    442.2    961.7
     3     1    20     3     5     4     0     2     4.0   61.782   48.812    908.0    905.2
     1     1    20     3     5     5     0     1     5.0   61.990   49.242     85.3   1009.5
     2     1    20     3     5     5     0     1     5.0   62.057   48.497    412.3    964.3
     3     1    20     3     5     5     0     1     5.0   61.841   48.527    859.0    910.1
     1     1    20     3     5     6     0     0     6.0   62.033   49.168     77.5   1010.4
     2     1    20     3     5     6     0     0     6.0   62.206   48.258    389.6    965.8
     3     1    20     3     5     6     0     0     6.0   61.978   48.195    822.7    913.5
     1     1    20     3     5     7     0     1     7.0   62.090   49.088     70.9   1010.2
     2     1    20     3     5     7     0     1     7.0   62.402   48.031    374.1    965.3
     3     1    20     3     5     7     0     1     7.0   62.193   47.873    802.7    913.0
     1     1    20     3     5     8     0     2     8.0   62.158   49.005     66.0   1009.2
     2     1    20     3     5     8     0     2     8.0   62.631   47.841    354.0    966.3
     3     1    20     3     5     8     0     2     8.0   62.481   47.625    780.0    913.8
     1     1    20     3     5     9     0     3     9.0   62.239   48.917     61.5   1007.8
     2     1    20     3     5     9     0     3     9.0   62.886   47.682    323.5    969.2
     3     1    20     3     5     9     0     3     9.0   62.842   47.448    745.7    917.6
     1     1    20     3     5    10     0     2    10.0   62.336   48.807     56.4   1006.1
     2     1    20     3     5    10     0     2    10.0   63.154   47.517    290.5    974.3
     3     1    20     3     5    10     0     2    10.0   63.258   47.334    711.9    923.8
     1     1    20     3     5    11     0     1    11.0   62.454   48.656     50.6   1004.7
     2     1    20     3     5    11     0     1    11.0   63.436   47.294    264.3    978.9
     3     1    20     3     5    11     0     1    11.0   63.710   47.252    690.3    928.6
     1     1    20     3     5    12     0     0    12.0   62.595   48.463     43.9   1004.0
     2     1    20     3     5    12     0     0    12.0   63.737   46.989    242.3    983.9
     3     1    20     3     5    12     0     0    12.0   64.198   47.167    677.0    930.2
     1     1    20     3     5    13     0     1    13.0   62.760   48.240     33.8   1003.8
     2     1    20     3     5    13     0     1    13.0   64.068   46.619    206.6    983.5
     3     1    20     3     5    13     0     1    13.0   64.730   47.094    648.2    926.3
     1     1    20     3     5    14     0     2    14.0   62.942   48.007     19.7   1005.3
     2     1    20     3     5    14     0     2    14.0   64.414   46.231    156.1    987.4
     3     1    20     3     5    14     0     2    14.0   65.300   46.999    593.6    932.1
     1     1    20     3     5    15     0     3    15.0   63.127   47.773      8.4   1005.4
     2     1    20     3     5    15     0     3    15.0   64.760   45.841    119.9    994.0
     3     1    20     3     5    15     0     3    15.0   65.883   46.819    524.4    942.3
     1     1    20     3     5    16     0     2    16.0   63.312   47.552      2.0   1004.2
     2     1    20     3     5    16     0     2    16.0   65.116   45.451    106.2    994.9
     3     1    20     3     5    16     0     2    16.0   66.463   46.506    477.4    956.1
     1     1    20     3     5    17     0     1    17.0   63.505   47.351      0.0   1003.8
     2     1    20     3     5    17     0     1    17.0   65.491   45.103    106.8    992.1
     3     1    20     3     5    17     0     1    17.0   67.066   46.118    464.3    957.8
     1     1    20     3     5    18     0     0    18.0   63.709   47.169      0.0   1004.2
     2     1    20     3     5    18     0     0    18.0   65.898   44.811    112.9    990.7
     3     1    20     3     5    18     0     0    18.0   67.695   45.672    423.7    946.6
     1     1    20     3     5    19     0     1    19.0   63.922   46.997      0.0   1005.1
     2     1    20     3     5    19     0     1    19.0   66.328   44.540    118.8    992.5
     3     1    20     3     5    19     0     1    19.0   68.300   45.094    383.5    959.1
     1     1    20     3     5    20     0     2    20.0   64.140   46.844      0.0   1002.0
     2     1    20     3     5    20     0     2    20.0   66.767   44.280    129.0    993.5
     3     1    20     3     5    20     0     2    20.0   68.877   44.514    369.1    964.1
     1     1    20     3     5    21     0     3    21.0   64.363   46.721      0.0    999.5
     2     1    20     3     5    21     0     3    21.0   67.221   44.041    152.5    989.3
     3     1    20     3     5    21     0     3    21.0   69.438   43.991    364.4    963.6
     1     1    20     3     5    22     0     2    22.0   64.587   46.629      0.0    998.4
     2     1    20     3     5    22     0     2    22.0   67.692   43.778    174.0    983.4
     3     1    20     3     5    22     0     2    22.0   69.990   43.445    381.2    960.7
     1     1    20     3     5    23     0     1    23.0   64.811   46.562      0.0    997.6
     2     1    20     3     5    23     0     1    23.0   68.184   43.466    181.2    981.0
     3     1    20     3     5    23     0     1    23.0   70.534   42.822    406.8    953.1
     1     1    20     3     6     0     0     0    24.0   65.032   46.521      0.0    997.1
     2     1    20     3     6     0     0     0    24.0   68.699   43.130    177.2    979.1
     3     1    20     3     6     0     0     0    24.0   71.054   42.063    417.7    950.0
