     5     1
    GDAS    20     5     8     0     0
    GDAS    20     5    15     0     0
    GDAS    20     5    22     0     0
    GDAS    20     5    29     0     0
    GDAS    20     6     1     0     0
     3 FORWARD  OMEGA   
    20     5    18     0   62.085   49.588   100.0
    20     5    18     0   62.085   49.588   500.0
    20     5    18     0   62.085   49.588  1000.0
     1 PRESSURE
     1     1    20     5    18     0     0     0     0.0   62.085   49.588    100.0    978.7
     2     1    20     5    18     0     0     0     0.0   62.085   49.588    500.0    932.6
     3     1    20     5    18     0     0     0     0.0   62.085   49.588   1000.0    876.7
     1     1    20     5    18     1     0     1     1.0   62.175   49.722     95.3    978.8
     2     1    20     5    18     1     0     1     1.0   62.203   50.000    485.9    933.7
     3     1    20     5    18     1     0     1     1.0   62.179   50.029    957.8    881.8
     1     1    20     5    18     2     0     2     2.0   62.259   49.851     92.4    978.8
     2     1    20     5    18     2     0     2     2.0   62.327   50.354    482.2    932.8
     3     1    20     5    18     2     0     2     2.0   62.304   50.432    942.0    882.6
     1     1    20     5    18     3     0     3     3.0   62.341   49.984     90.7    978.8
     2     1    20     5    18     3     0     3     3.0   62.445   50.676    493.5    928.9
     3     1    20     5    18     3     0     3     3.0   62.437   50.823    946.4    877.4
     1     1    20     5    18     4     0     2     4.0   62.424   50.117     89.6    978.1
     2     1    20     5    18     4     0     2     4.0   62.551   50.963    509.6    925.6
     3     1    20     5    18     4     0     2     4.0   62.560   51.197    943.2    877.0
     1     1    20     5    18     5     0     1     5.0   62.508   50.238     89.4    977.5
     2     1    20     5    18     5     0     1     5.0   62.669   51.204    516.5    924.1
     3     1    20     5    18     5     0     1     5.0   62.698   51.534    915.9    878.8
     1     1    20     5    18     6     0     0     6.0   62.594   50.341     90.9    976.7
     2     1    20     5    18     6     0     0     6.0   62.800   51.402    502.3    925.5
     3     1    20     5    18     6     0     0     6.0   62.838   51.829    855.2    885.8
     1     1    20     5    18     7     0     1     7.0   62.687   50.428     92.2    975.6
     2     1    20     5    18     7     0     1     7.0   62.929   51.570    479.6    929.9
     3     1    20     5    18     7     0     1     7.0   62.973   52.075    808.2    895.4
     1     1    20     5    18     8     0     2     8.0   62.788   50.501     90.8    975.1
     2     1    20     5    18     8     0     2     8.0   63.053   51.720    465.8    931.6
     3     1    20     5    18     8     0     2     8.0   63.113   52.278    803.6    893.1
     1     1    20     5    18     9     0     3     9.0   62.895   50.563     86.6    975.2
     2     1    20     5    18     9     0     3     9.0   63.177   51.848    464.6    931.0
     3     1    20     5    18     9     0     3     9.0   63.260   52.451    820.1    888.8
     1     1    20     5    18    10     0     2    10.0   63.009   50.599     82.6    976.0
     2     1    20     5    18    10     0     2    10.0   63.304   51.952    455.6    928.8
     3     1    20     5    18    10     0     2    10.0   63.410   52.603    827.3    886.2
     1     1    20     5    18    11     0     1    11.0   63.132   50.599     81.7    975.5
     2     1    20     5    18    11     0     1    11.0   63.434   52.027    423.7    932.5
     3     1    20     5    18    11     0     1    11.0   63.558   52.734    819.4    889.0
     1     1    20     5    18    12     0     0    12.0   63.261   50.565     83.5    974.3
     2     1    20     5    18    12     0     0    12.0   63.563   52.068    383.3    938.1
     3     1    20     5    18    12     0     0    12.0   63.696   52.834    816.0    891.3
     1     1    20     5    18    13     0     1    13.0   63.385   50.497     85.9    972.4
     2     1    20     5    18    13     0     1    13.0   63.686   52.063    353.4    941.3
     3     1    20     5    18    13     0     1    13.0   63.828   52.895    817.0    891.2
     1     1    20     5    18    14     0     2    14.0   63.496   50.398     87.8    970.9
     2     1    20     5    18    14     0     2    14.0   63.806   52.008    340.7    941.0
     3     1    20     5    18    14     0     2    14.0   63.962   52.915    808.5    892.1
     1     1    20     5    18    15     0     3    15.0   63.598   50.261     89.4    969.7
     2     1    20     5    18    15     0     3    15.0   63.928   51.908    339.0    939.7
     3     1    20     5    18    15     0     3    15.0   64.098   52.899    782.8    895.7
     1     1    20     5    18    16     0     2    16.0   63.699   50.085     91.8    968.9
     2     1    20     5    18    16     0     2    16.0   64.061   51.775    339.0    939.7
     3     1    20     5    18    16     0     2    16.0   64.238   52.863    751.8    901.7
     1     1    20     5    18    17     0     1    17.0   63.806   49.872     93.5    968.4
     2     1    20     5    18    17     0     1    17.0   64.208   51.594    334.1    942.1
     3     1    20     5    18    17     0     1    17.0   64.382   52.810    720.8    905.8
     1     1    20     5    18    18     0     0    18.0   63.919   49.614     89.7    969.7
     2     1    20     5    18    18     0     0    18.0   64.364   51.335    331.1    944.5
     3     1    20     5    18    18     0     0    18.0   64.525   52.722    676.8    911.4
     1     1    20     5    18    19     0     1    19.0   64.032   49.330     81.0    972.8
     2     1    20     5    18    19     0     1    19.0   64.538   50.995    342.7    943.7
     3     1    20     5    18    19     0     1    19.0   64.666   52.583    628.7    919.5
     1     1    20     5    18    20     0     2    20.0   64.140   49.059     73.5    974.9
     2     1    20     5    18    20     0     2    20.0   64.744   50.611    349.0    939.7
     3     1    20     5    18    20     0     2    20.0   64.808   52.382    596.7    924.3
     1     1    20     5    18    21     0     3    21.0   64.247   48.824     71.4    974.7
     2     1    20     5    18    21     0     3    21.0   64.973   50.178    317.3    939.5
     3     1    20     5    18    21     0     3    21.0   64.954   52.123    594.2    926.6
     1     1    20     5    18    22     0     2    22.0   64.360   48.629     73.2    974.4
     2     1    20     5    18    22     0     2    22.0   65.212   49.702    287.9    948.3
     3     1    20     5    18    22     0     2    22.0   65.115   51.826    601.1    922.6
     1     1    20     5    18    23     0     1    23.0   64.477   48.467     73.9    974.5
     2     1    20     5    18    23     0     1    23.0   65.468   49.222    305.0    948.3
     3     1    20     5    18    23     0     1    23.0   65.303   51.481    595.9    921.6
     1     1    20     5    19     0     0     0    24.0   64.591   48.317     69.6    975.1
     2     1    20     5    19     0     0     0    24.0   65.755   48.748    352.7    945.0
     3     1    20     5    19     0     0     0    24.0   65.517   51.068    594.5    919.6
