     5     1
    GDAS    20     1     1     0     0
    GDAS    20     1     8     0     0
    GDAS    20     1    15     0     0
    GDAS    20     1    22     0     0
    GDAS    20     1    29     0     0
     3 FORWARD  OMEGA   
    20     1    11     0   62.085   49.588   100.0
    20     1    11     0   62.085   49.588   500.0
    20     1    11     0   62.085   49.588  1000.0
     1 PRESSURE
     1     1    20     1    11     0     0     0     0.0   62.085   49.588    100.0    977.7
     2     1    20     1    11     0     0     0     0.0   62.085   49.588    500.0    929.4
     3     1    20     1    11     0     0     0     0.0   62.085   49.588   1000.0    871.8
     1     1    20     1    11     1     0     1     1.0   62.146   49.998     87.5    978.8
     2     1    20     1    11     1     0     1     1.0   62.020   50.267    517.2    925.2
     3     1    20     1    11     1     0     1     1.0   61.926   50.140   1060.1    862.2
     1     1    20     1    11     2     0     2     2.0   62.201   50.399     77.3    977.9
     2     1    20     1    11     2     0     2     2.0   61.948   50.943    525.6    919.8
     3     1    20     1    11     2     0     2     2.0   61.793   50.690   1081.8    856.0
     1     1    20     1    11     3     0     3     3.0   62.252   50.827     72.5    975.7
     2     1    20     1    11     3     0     3     3.0   61.877   51.640    531.0    918.4
     3     1    20     1    11     3     0     3     3.0   61.682   51.232   1090.5    855.6
     1     1    20     1    11     4     0     2     4.0   62.297   51.273     70.4    975.0
     2     1    20     1    11     4     0     2     4.0   61.813   52.329    535.8    918.2
     3     1    20     1    11     4     0     2     4.0   61.578   51.760   1103.9    854.0
     1     1    20     1    11     5     0     1     5.0   62.338   51.704     65.9    975.3
     2     1    20     1    11     5     0     1     5.0   61.744   52.981    552.9    916.0
     3     1    20     1    11     5     0     1     5.0   61.471   52.287   1114.7    851.8
     1     1    20     1    11     6     0     0     6.0   62.372   52.099     59.4    976.1
     2     1    20     1    11     6     0     0     6.0   61.660   53.598    570.3    910.0
     3     1    20     1    11     6     0     0     6.0   61.360   52.816   1119.9    848.7
     1     1    20     1    11     7     0     1     7.0   62.398   52.458     57.8    976.0
     2     1    20     1    11     7     0     1     7.0   61.580   54.178    576.7    910.5
     3     1    20     1    11     7     0     1     7.0   61.249   53.333   1125.2    848.3
     1     1    20     1    11     8     0     2     8.0   62.418   52.803     67.3    973.9
     2     1    20     1    11     8     0     2     8.0   61.519   54.725    591.0    912.8
     3     1    20     1    11     8     0     2     8.0   61.146   53.831   1145.5    849.3
     1     1    20     1    11     9     0     3     9.0   62.429   53.159     85.5    970.1
     2     1    20     1    11     9     0     3     9.0   61.465   55.250    622.0    908.8
     3     1    20     1    11     9     0     3     9.0   61.043   54.317   1191.0    846.0
     1     1    20     1    11    10     0     2    10.0   62.423   53.532     98.7    966.8
     2     1    20     1    11    10     0     2    10.0   61.410   55.763    651.3    901.6
     3     1    20     1    11    10     0     2    10.0   60.940   54.796   1241.0    839.0
     1     1    20     1    11    11     0     1    11.0   62.399   53.909     95.2    966.8
     2     1    20     1    11    11     0     1    11.0   61.363   56.270    672.6    899.0
     3     1    20     1    11    11     0     1    11.0   60.837   55.271   1272.7    834.7
     1     1    20     1    11    12     0     0    12.0   62.372   54.272     86.1    970.5
     2     1    20     1    11    12     0     0    12.0   61.321   56.772    704.3    896.6
     3     1    20     1    11    12     0     0    12.0   60.722   55.741   1300.3    831.5
     1     1    20     1    11    13     0     1    13.0   62.338   54.619     88.8    971.7
     2     1    20     1    11    13     0     1    13.0   61.278   57.268    749.4    888.0
     3     1    20     1    11    13     0     1    13.0   60.600   56.207   1331.0    826.7
     1     1    20     1    11    14     0     2    14.0   62.281   54.962    106.3    970.2
     2     1    20     1    11    14     0     2    14.0   61.230   57.763    803.2    878.0
     3     1    20     1    11    14     0     2    14.0   60.486   56.678   1362.3    824.6
     1     1    20     1    11    15     0     3    15.0   62.196   55.319    125.4    967.5
     2     1    20     1    11    15     0     3    15.0   61.168   58.265    844.1    861.4
     3     1    20     1    11    15     0     3    15.0   60.371   57.162   1408.2    818.7
     1     1    20     1    11    16     0     2    16.0   62.106   55.679    136.9    967.4
     2     1    20     1    11    16     0     2    16.0   61.088   58.801    813.2    845.2
     3     1    20     1    11    16     0     2    16.0   60.257   57.662   1463.2    803.6
     1     1    20     1    11    17     0     1    17.0   62.022   56.018    148.4    966.9
     2     1    20     1    11    17     0     1    17.0   60.995   59.349    745.6    861.7
     3     1    20     1    11    17     0     1    17.0   60.139   58.173   1488.1    787.1
     1     1    20     1    11    18     0     0    18.0   61.933   56.328    163.8    964.9
     2     1    20     1    11    18     0     0    18.0   60.863   59.894    706.1    885.5
     3     1    20     1    11    18     0     0    18.0   59.982   58.672   1423.2    776.8
     1     1    20     1    11    19     0     1    19.0   61.837   56.615    183.1    962.2
     2     1    20     1    11    19     0     1    19.0   60.710   60.388    699.0    893.6
     3     1    20     1    11    19     0     1    19.0   59.799   59.184   1294.1    796.3
     1     1    20     1    11    20     0     2    20.0   61.737   56.884    209.5    958.6
     2     1    20     1    11    20     0     2    20.0   60.574   60.784    702.6    901.4
     3     1    20     1    11    20     0     2    20.0   59.633   59.708   1228.9    830.5
     1     1    20     1    11    21     0     3    21.0   61.634   57.126    245.6    952.0
     2     1    20     1    11    21     0     3    21.0   60.460   61.077    721.9    902.4
     3     1    20     1    11    21     0     3    21.0   59.487   60.173   1243.5    836.4
     1     1    20     1    11    22     0     2    22.0   61.536   57.356    289.3    944.2
     2     1    20     1    11    22     0     2    22.0   60.357   61.318    738.1    900.4
     3     1    20     1    11    22     0     2    22.0   59.356   60.598   1263.7    836.5
     1     1    20     1    11    23     0     1    23.0   61.445   57.583    339.7    936.8
     2     1    20     1    11    23     0     1    23.0   60.252   61.569    739.6    902.8
     3     1    20     1    11    23     0     1    23.0   59.236   61.002   1287.9    839.6
     1     1    20     1    12     0     0     0    24.0   61.350   57.793    400.3    928.4
     2     1    20     1    12     0     0     0    24.0   60.130   61.852    743.4    904.5
     3     1    20     1    12     0     0     0    24.0   59.117   61.405   1318.5    836.0
