     5     1
    GDAS    20     8    22     0     0
    GDAS    20     8    29     0     0
    GDAS    20     9     1     0     0
    GDAS    20     9     8     0     0
    GDAS    20     9    15     0     0
     3 FORWARD  OMEGA   
    20     8    31     0   62.085   49.588   100.0
    20     8    31     0   62.085   49.588   500.0
    20     8    31     0   62.085   49.588  1000.0
     1 PRESSURE
     1     1    20     8    31     0     0     0     0.0   62.085   49.588    100.0    983.8
     2     1    20     8    31     0     0     0     0.0   62.085   49.588    500.0    939.0
     3     1    20     8    31     0     0     0     0.0   62.085   49.588   1000.0    883.7
     1     1    20     8    31     1     0     1     1.0   62.050   49.862     96.8    984.7
     2     1    20     8    31     1     0     1     1.0   61.983   49.982    477.5    941.8
     3     1    20     8    31     1     0     1     1.0   62.008   50.017    947.7    889.5
     1     1    20     8    31     2     0     2     2.0   62.024   50.151     91.0    985.1
     2     1    20     8    31     2     0     2     2.0   61.884   50.406    447.9    942.7
     3     1    20     8    31     2     0     2     2.0   61.930   50.482    895.9    893.5
     1     1    20     8    31     3     0     3     3.0   61.998   50.451     81.9    985.5
     2     1    20     8    31     3     0     3     3.0   61.780   50.846    425.2    943.5
     3     1    20     8    31     3     0     3     3.0   61.845   50.973    868.6    893.9
     1     1    20     8    31     4     0     2     4.0   61.972   50.754     73.1    986.1
     2     1    20     8    31     4     0     2     4.0   61.679   51.271    410.0    943.9
     3     1    20     8    31     4     0     2     4.0   61.761   51.468    857.8    893.5
     1     1    20     8    31     5     0     1     5.0   61.955   51.060     68.1    985.3
     2     1    20     8    31     5     0     1     5.0   61.600   51.679    394.4    946.1
     3     1    20     8    31     5     0     1     5.0   61.682   51.966    853.9    894.8
     1     1    20     8    31     6     0     0     6.0   61.951   51.373     66.4    985.2
     2     1    20     8    31     6     0     0     6.0   61.540   52.083    380.6    948.2
     3     1    20     8    31     6     0     0     6.0   61.598   52.471    853.4    892.9
     1     1    20     8    31     7     0     1     7.0   61.949   51.695     63.7    985.3
     2     1    20     8    31     7     0     1     7.0   61.487   52.495    368.2    947.8
     3     1    20     8    31     7     0     1     7.0   61.510   52.982    851.6    891.9
     1     1    20     8    31     8     0     2     8.0   61.933   52.034     57.4    986.4
     2     1    20     8    31     8     0     2     8.0   61.434   52.923    362.6    947.6
     3     1    20     8    31     8     0     2     8.0   61.426   53.498    846.4    891.9
     1     1    20     8    31     9     0     3     9.0   61.911   52.393     52.9    987.2
     2     1    20     8    31     9     0     3     9.0   61.388   53.381    364.6    946.7
     3     1    20     8    31     9     0     3     9.0   61.354   54.033    829.5    895.1
     1     1    20     8    31    10     0     2    10.0   61.891   52.751     54.1    987.3
     2     1    20     8    31    10     0     2    10.0   61.339   53.854    350.2    948.0
     3     1    20     8    31    10     0     2    10.0   61.283   54.574    812.5    899.8
     1     1    20     8    31    11     0     1    11.0   61.867   53.095     59.3    985.9
     2     1    20     8    31    11     0     1    11.0   61.277   54.313    319.4    954.2
     3     1    20     8    31    11     0     1    11.0   61.198   55.099    796.5    901.4
     1     1    20     8    31    12     0     0    12.0   61.830   53.435     59.4    983.4
     2     1    20     8    31    12     0     0    12.0   61.203   54.752    289.3    959.4
     3     1    20     8    31    12     0     0    12.0   61.103   55.609    765.8    900.9
     1     1    20     8    31    13     0     1    13.0   61.791   53.762     50.1    982.7
     2     1    20     8    31    13     0     1    13.0   61.121   55.173    272.3    961.8
     3     1    20     8    31    13     0     1    13.0   60.997   56.115    726.6    903.7
     1     1    20     8    31    14     0     2    14.0   61.762   54.060     38.3    983.7
     2     1    20     8    31    14     0     2    14.0   61.035   55.592    264.1    958.2
     3     1    20     8    31    14     0     2    14.0   60.875   56.622    697.3    908.4
     1     1    20     8    31    15     0     3    15.0   61.744   54.314     30.4    986.8
     2     1    20     8    31    15     0     3    15.0   60.949   56.010    248.5    956.8
     3     1    20     8    31    15     0     3    15.0   60.736   57.131    680.1    910.1
     1     1    20     8    31    16     0     2    16.0   61.731   54.536     27.3    988.3
     2     1    20     8    31    16     0     2    16.0   60.865   56.407    240.0    960.9
     3     1    20     8    31    16     0     2    16.0   60.586   57.635    685.3    905.1
     1     1    20     8    31    17     0     1    17.0   61.718   54.739     26.9    989.5
     2     1    20     8    31    17     0     1    17.0   60.775   56.781    254.5    959.7
     3     1    20     8    31    17     0     1    17.0   60.428   58.141    702.2    891.1
     1     1    20     8    31    18     0     0    18.0   61.705   54.933     28.4    990.4
     2     1    20     8    31    18     0     0    18.0   60.680   57.136    287.8    954.2
     3     1    20     8    31    18     0     0    18.0   60.266   58.695    672.8    873.8
     1     1    20     8    31    19     0     1    19.0   61.690   55.114     30.9    989.9
     2     1    20     8    31    19     0     1    19.0   60.576   57.456    326.6    945.0
     3     1    20     8    31    19     0     1    19.0   60.100   59.250    575.2    886.1
     1     1    20     8    31    20     0     2    20.0   61.674   55.276     33.0    989.0
     2     1    20     8    31    20     0     2    20.0   60.465   57.727    363.6    937.3
     3     1    20     8    31    20     0     2    20.0   59.952   59.709    464.1    921.5
     1     1    20     8    31    21     0     3    21.0   61.657   55.416     34.5    988.1
     2     1    20     8    31    21     0     3    21.0   60.355   57.955    404.3    928.9
     3     1    20     8    31    21     0     3    21.0   59.844   60.095    378.7    945.5
     1     1    20     8    31    22     0     2    22.0   61.647   55.533     36.5    987.8
     2     1    20     8    31    22     0     2    22.0   60.254   58.180    431.3    916.7
     3     1    20     8    31    22     0     2    22.0   59.770   60.444    317.4    955.4
     1     1    20     8    31    23     0     1    23.0   61.649   55.628     40.5    987.2
     2     1    20     8    31    23     0     1    23.0   60.168   58.436    421.3    909.8
     3     1    20     8    31    23     0     1    23.0   59.722   60.738    273.6    964.5
     1     1    20     9     1     0     0     0    24.0   61.663   55.700     47.1    986.5
     2     1    20     9     1     0     0     0    24.0   60.100   58.729    390.5    906.2
     3     1    20     9     1     0     0     0    24.0   59.700   60.976    251.8    970.4
