     5     1
    GDAS    20     6     1     0     0
    GDAS    20     6     8     0     0
    GDAS    20     6    15     0     0
    GDAS    20     6    22     0     0
    GDAS    20     6    29     0     0
     3 FORWARD  OMEGA   
    20     6    12     0   62.085   49.588   100.0
    20     6    12     0   62.085   49.588   500.0
    20     6    12     0   62.085   49.588  1000.0
     1 PRESSURE
     1     1    20     6    12     0     0     0     0.0   62.085   49.588    100.0    993.7
     2     1    20     6    12     0     0     0     0.0   62.085   49.588    500.0    946.3
     3     1    20     6    12     0     0     0     0.0   62.085   49.588   1000.0    890.1
     1     1    20     6    12     1     0     1     1.0   61.924   49.630    104.4    993.2
     2     1    20     6    12     1     0     1     1.0   61.798   49.462    516.3    942.4
     3     1    20     6    12     1     0     1     1.0   61.746   49.368    981.5    889.1
     1     1    20     6    12     2     0     2     2.0   61.749   49.647    108.7    991.0
     2     1    20     6    12     2     0     2     2.0   61.511   49.332    510.0    940.7
     3     1    20     6    12     2     0     2     2.0   61.409   49.187    938.0    892.2
     1     1    20     6    12     3     0     3     3.0   61.561   49.630    112.4    988.8
     2     1    20     6    12     3     0     3     3.0   61.219   49.184    483.3    942.0
     3     1    20     6    12     3     0     3     3.0   61.058   48.966    875.0    896.9
     1     1    20     6    12     4     0     2     4.0   61.363   49.613    115.4    987.2
     2     1    20     6    12     4     0     2     4.0   60.928   49.043    454.1    945.8
     3     1    20     6    12     4     0     2     4.0   60.713   48.745    820.5    905.3
     1     1    20     6    12     5     0     1     5.0   61.158   49.628    118.4    985.6
     2     1    20     6    12     5     0     1     5.0   60.641   48.948    436.0    948.4
     3     1    20     6    12     5     0     1     5.0   60.385   48.595    785.2    908.7
     1     1    20     6    12     6     0     0     6.0   60.954   49.679    121.5    984.3
     2     1    20     6    12     6     0     0     6.0   60.357   48.892    425.3    949.8
     3     1    20     6    12     6     0     0     6.0   60.065   48.475    754.0    911.9
     1     1    20     6    12     7     0     1     7.0   60.745   49.755    123.3    982.8
     2     1    20     6    12     7     0     1     7.0   60.073   48.849    423.3    950.4
     3     1    20     6    12     7     0     1     7.0   59.748   48.376    731.5    915.7
     1     1    20     6    12     8     0     2     8.0   60.527   49.844    123.8    981.5
     2     1    20     6    12     8     0     2     8.0   59.784   48.819    431.0    949.0
     3     1    20     6    12     8     0     2     8.0   59.430   48.302    715.4    916.1
     1     1    20     6    12     9     0     3     9.0   60.304   49.949    127.4    979.3
     2     1    20     6    12     9     0     3     9.0   59.492   48.802    438.3    947.0
     3     1    20     6    12     9     0     3     9.0   59.115   48.230    682.8    918.6
     1     1    20     6    12    10     0     2    10.0   60.073   50.051    140.2    976.1
     2     1    20     6    12    10     0     2    10.0   59.205   48.783    445.4    947.2
     3     1    20     6    12    10     0     2    10.0   58.811   48.162    651.9    927.0
     1     1    20     6    12    11     0     1    11.0   59.834   50.132    159.5    973.5
     2     1    20     6    12    11     0     1    11.0   58.936   48.765    464.8    945.7
     3     1    20     6    12    11     0     1    11.0   58.531   48.111    642.9    929.4
     1     1    20     6    12    12     0     0    12.0   59.596   50.206    174.4    973.4
     2     1    20     6    12    12     0     0    12.0   58.685   48.755    495.6    942.2
     3     1    20     6    12    12     0     0    12.0   58.275   48.070    640.2    930.7
     1     1    20     6    12    13     0     1    13.0   59.360   50.267    182.8    974.2
     2     1    20     6    12    13     0     1    13.0   58.441   48.737    510.1    938.7
     3     1    20     6    12    13     0     1    13.0   58.033   48.019    594.5    933.4
     1     1    20     6    12    14     0     2    14.0   59.119   50.301    186.7    975.6
     2     1    20     6    12    14     0     2    14.0   58.198   48.700    482.2    942.1
     3     1    20     6    12    14     0     2    14.0   57.789   47.950    495.5    945.4
     1     1    20     6    12    15     0     3    15.0   58.869   50.310    188.3    975.8
     2     1    20     6    12    15     0     3    15.0   57.961   48.648    415.5    951.2
     3     1    20     6    12    15     0     3    15.0   57.538   47.866    389.7    958.6
     1     1    20     6    12    16     0     2    16.0   58.604   50.289    187.4    974.5
     2     1    20     6    12    16     0     2    16.0   57.721   48.568    354.7    962.5
     3     1    20     6    12    16     0     2    16.0   57.282   47.742    307.7    968.2
     1     1    20     6    12    17     0     1    17.0   58.325   50.224    183.4    973.4
     2     1    20     6    12    17     0     1    17.0   57.459   48.434    316.0    964.6
     3     1    20     6    12    17     0     1    17.0   57.028   47.561    253.6    974.1
     1     1    20     6    12    18     0     0    18.0   58.025   50.099    178.9    971.6
     2     1    20     6    12    18     0     0    18.0   57.181   48.241    275.0    967.6
     3     1    20     6    12    18     0     0    18.0   56.790   47.335    224.1    979.9
     1     1    20     6    12    19     0     1    19.0   57.728   49.912    177.0    974.0
     2     1    20     6    12    19     0     1    19.0   56.912   47.987    233.7    973.7
     3     1    20     6    12    19     0     1    19.0   56.579   47.053    214.5    979.8
     1     1    20     6    12    20     0     2    20.0   57.463   49.657    176.7    976.7
     2     1    20     6    12    20     0     2    20.0   56.685   47.690    212.7    980.5
     3     1    20     6    12    20     0     2    20.0   56.396   46.712    212.3    979.6
     1     1    20     6    12    21     0     3    21.0   57.228   49.339    185.3    978.4
     2     1    20     6    12    21     0     3    21.0   56.496   47.348    216.9    979.6
     3     1    20     6    12    21     0     3    21.0   56.241   46.332    210.7    980.8
     1     1    20     6    12    22     0     2    22.0   57.010   48.986    219.2    976.5
     2     1    20     6    12    22     0     2    22.0   56.331   46.961    229.5    975.7
     3     1    20     6    12    22     0     2    22.0   56.117   45.940    207.6    983.1
     1     1    20     6    12    23     0     1    23.0   56.825   48.601    253.8    969.4
     2     1    20     6    12    23     0     1    23.0   56.196   46.557    234.9    976.1
     3     1    20     6    12    23     0     1    23.0   56.010   45.531    210.0    980.7
     1     1    20     6    13     0     0     0    24.0   56.685   48.181    274.5    970.4
     2     1    20     6    13     0     0     0    24.0   56.089   46.159    233.3    979.5
     3     1    20     6    13     0     0     0    24.0   55.908   45.070    213.2    975.4
