     5     1
    GDAS    20     3     1     0     0
    GDAS    20     3     8     0     0
    GDAS    20     3    15     0     0
    GDAS    20     3    22     0     0
    GDAS    20     3    29     0     0
     3 FORWARD  OMEGA   
    20     3    13     0   62.085   49.588   100.0
    20     3    13     0   62.085   49.588   500.0
    20     3    13     0   62.085   49.588  1000.0
     1 PRESSURE
     1     1    20     3    13     0     0     0     0.0   62.085   49.588    100.0    957.1
     2     1    20     3    13     0     0     0     0.0   62.085   49.588    500.0    911.3
     3     1    20     3    13     0     0     0     0.0   62.085   49.588   1000.0    855.7
     1     1    20     3    13     1     0     1     1.0   62.293   50.069     87.0    957.8
     2     1    20     3    13     1     0     1     1.0   62.405   50.462    495.4    907.7
     3     1    20     3    13     1     0     1     1.0   62.387   50.687   1039.3    845.2
     1     1    20     3    13     2     0     2     2.0   62.507   50.527     82.6    954.9
     2     1    20     3    13     2     0     2     2.0   62.738   51.316    510.7    902.1
     3     1    20     3    13     2     0     2     2.0   62.691   51.832   1062.1    843.2
     1     1    20     3    13     3     0     3     3.0   62.733   50.995     85.9    952.6
     2     1    20     3    13     3     0     3     3.0   63.073   52.167    534.3    897.4
     3     1    20     3    13     3     0     3     3.0   63.052   52.963   1094.5    829.2
     1     1    20     3    13     4     0     2     4.0   62.968   51.482     89.2    951.4
     2     1    20     3    13     4     0     2     4.0   63.425   53.035    517.5    894.8
     3     1    20     3    13     4     0     2     4.0   63.426   54.050   1079.3    839.9
     1     1    20     3    13     5     0     1     5.0   63.204   51.984     96.6    948.7
     2     1    20     3    13     5     0     1     5.0   63.777   53.886    489.5    904.9
     3     1    20     3    13     5     0     1     5.0   63.797   55.100   1097.4    835.4
     1     1    20     3    13     6     0     0     6.0   63.446   52.526    111.2    943.4
     2     1    20     3    13     6     0     0     6.0   64.123   54.743    521.8    898.1
     3     1    20     3    13     6     0     0     6.0   64.165   56.189   1139.3    834.0
     1     1    20     3    13     7     0     1     7.0   63.684   53.069     86.2    947.4
     2     1    20     3    13     7     0     1     7.0   64.465   55.619    509.7    902.3
     3     1    20     3    13     7     0     1     7.0   64.538   57.376   1150.8    835.8
     1     1    20     3    13     8     0     2     8.0   63.895   53.526     53.3    953.9
     2     1    20     3    13     8     0     2     8.0   64.810   56.514    494.7    907.3
     3     1    20     3    13     8     0     2     8.0   64.947   58.586   1243.2    810.3
     1     1    20     3    13     9     0     3     9.0   64.099   53.938     53.4    954.9
     2     1    20     3    13     9     0     3     9.0   65.166   57.428    446.5    916.0
     3     1    20     3    13     9     0     3     9.0   65.347   59.926   1351.4    753.5
     1     1    20     3    13    10     0     2    10.0   64.317   54.357     64.2    953.9
     2     1    20     3    13    10     0     2    10.0   65.506   58.347    497.5    900.3
     3     1    20     3    13    10     0     2    10.0   65.662   61.374   1322.4    798.8
     1     1    20     3    13    11     0     1    11.0   64.529   54.780     58.2    953.7
     2     1    20     3    13    11     0     1    11.0   65.830   59.400    537.1    887.2
     3     1    20     3    13    11     0     1    11.0   65.931   62.808   1271.1    786.7
     1     1    20     3    13    12     0     0    12.0   64.722   55.183     42.4    955.9
     2     1    20     3    13    12     0     0    12.0   66.149   60.652    528.9    898.3
     3     1    20     3    13    12     0     0    12.0   66.166   64.239   1304.8    823.9
     1     1    20     3    13    13     0     1    13.0   64.887   55.509     30.6    958.8
     2     1    20     3    13    13     0     1    13.0   66.410   61.910    516.8    897.6
     3     1    20     3    13    13     0     1    13.0   66.397   65.615   1430.8    798.1
     1     1    20     3    13    14     0     2    14.0   65.033   55.751     23.2    960.9
     2     1    20     3    13    14     0     2    14.0   66.646   63.165    496.3    888.8
     3     1    20     3    13    14     0     2    14.0   66.655   66.966   1409.2    805.9
     1     1    20     3    13    15     0     3    15.0   65.171   55.932     18.9    962.1
     2     1    20     3    13    15     0     3    15.0   66.901   64.405    558.8    889.2
     3     1    20     3    13    15     0     3    15.0   66.923   68.378   1342.8    827.3
     1     1    20     3    13    16     0     2    16.0   65.298   56.069     15.9    962.9
     2     1    20     3    13    16     0     2    16.0   67.104   65.735    799.6    828.9
     3     1    20     3    13    16     0     2    16.0   67.232   69.798   1439.9    812.1
     1     1    20     3    13    17     0     1    17.0   65.410   56.176     13.3    963.5
     2     1    20     3    13    17     0     1    17.0   67.319   67.214    677.5    878.2
     3     1    20     3    13    17     0     1    17.0   67.547   71.192   1474.1    810.1
     1     1    20     3    13    18     0     0    18.0   65.509   56.256     11.3    964.0
     2     1    20     3    13    18     0     0    18.0   67.598   68.693    532.8    914.0
     3     1    20     3    13    18     0     0    18.0   67.853   72.647   1474.5    810.6
     1     1    20     3    13    19     0     1    19.0   65.593   56.313     10.0    964.2
     2     1    20     3    13    19     0     1    19.0   67.914   70.090    485.6    917.7
     3     1    20     3    13    19     0     1    19.0   68.164   74.208   1477.9    810.2
     1     1    20     3    13    20     0     2    20.0   65.664   56.348      9.2    964.1
     2     1    20     3    13    20     0     2    20.0   68.251   71.461    425.4    925.4
     3     1    20     3    13    20     0     2    20.0   68.482   75.797   1520.0    805.3
     1     1    20     3    13    21     0     3    21.0   65.721   56.355      8.4    963.9
     2     1    20     3    13    21     0     3    21.0   68.614   72.820    400.5    927.4
     3     1    20     3    13    21     0     3    21.0   68.789   77.388   1559.2    801.6
     1     1    20     3    13    22     0     2    22.0   65.761   56.348      8.0    963.9
     2     1    20     3    13    22     0     2    22.0   68.977   74.223    413.9    925.3
     3     1    20     3    13    22     0     2    22.0   69.108   78.976   1572.5    792.5
     1     1    20     3    13    23     0     1    23.0   65.777   56.341      8.4    963.9
     2     1    20     3    13    23     0     1    23.0   69.352   75.670    438.6    921.1
     3     1    20     3    13    23     0     1    23.0   69.438   80.579   1607.9    796.0
     1     1    20     3    14     0     0     0    24.0   65.769   56.333      9.8    963.9
     2     1    20     3    14     0     0     0    24.0   69.769   77.022    443.5    920.1
     3     1    20     3    14     0     0     0    24.0   69.758   82.184   1578.5    797.0
