     5     1
    GDAS    20     8     1     0     0
    GDAS    20     8     8     0     0
    GDAS    20     8    15     0     0
    GDAS    20     8    22     0     0
    GDAS    20     8    29     0     0
     3 FORWARD  OMEGA   
    20     8    12     0   62.085   49.588   100.0
    20     8    12     0   62.085   49.588   500.0
    20     8    12     0   62.085   49.588  1000.0
     1 PRESSURE
     1     1    20     8    12     0     0     0     0.0   62.085   49.588    100.0    990.8
     2     1    20     8    12     0     0     0     0.0   62.085   49.588    500.0    943.8
     3     1    20     8    12     0     0     0     0.0   62.085   49.588   1000.0    888.2
     1     1    20     8    12     1     0     1     1.0   61.988   49.591    111.8    990.2
     2     1    20     8    12     1     0     1     1.0   61.933   49.518    521.7    942.0
     3     1    20     8    12     1     0     1     1.0   61.925   49.645   1003.1    888.0
     1     1    20     8    12     2     0     2     2.0   61.891   49.586    125.0    987.7
     2     1    20     8    12     2     0     2     2.0   61.784   49.458    545.2    938.0
     3     1    20     8    12     2     0     2     2.0   61.762   49.686   1006.5    886.6
     1     1    20     8    12     3     0     3     3.0   61.791   49.570    137.7    985.3
     2     1    20     8    12     3     0     3     3.0   61.637   49.405    563.4    934.4
     3     1    20     8    12     3     0     3     3.0   61.596   49.721   1010.5    884.8
     1     1    20     8    12     4     0     2     4.0   61.686   49.554    146.7    983.5
     2     1    20     8    12     4     0     2     4.0   61.492   49.362    569.4    932.7
     3     1    20     8    12     4     0     2     4.0   61.433   49.755   1010.4    883.5
     1     1    20     8    12     5     0     1     5.0   61.574   49.548    150.9    982.4
     2     1    20     8    12     5     0     1     5.0   61.350   49.328    563.3    932.8
     3     1    20     8    12     5     0     1     5.0   61.276   49.778   1000.2    883.5
     1     1    20     8    12     6     0     0     6.0   61.457   49.558    151.9    981.6
     2     1    20     8    12     6     0     0     6.0   61.209   49.301    549.8    933.8
     3     1    20     8    12     6     0     0     6.0   61.123   49.773    975.3    885.2
     1     1    20     8    12     7     0     1     7.0   61.337   49.579    152.0    980.8
     2     1    20     8    12     7     0     1     7.0   61.071   49.279    541.5    934.8
     3     1    20     8    12     7     0     1     7.0   60.974   49.751    947.8    889.0
     1     1    20     8    12     8     0     2     8.0   61.216   49.605    152.2    979.9
     2     1    20     8    12     8     0     2     8.0   60.939   49.261    549.8    933.5
     3     1    20     8    12     8     0     2     8.0   60.834   49.737    930.5    890.3
     1     1    20     8    12     9     0     3     9.0   61.093   49.640    151.6    979.0
     2     1    20     8    12     9     0     3     9.0   60.810   49.248    576.1    930.3
     3     1    20     8    12     9     0     3     9.0   60.703   49.738    917.2    890.5
     1     1    20     8    12    10     0     2    10.0   60.972   49.677    147.1    978.6
     2     1    20     8    12    10     0     2    10.0   60.682   49.234    600.5    925.7
     3     1    20     8    12    10     0     2    10.0   60.575   49.747    889.1    891.6
     1     1    20     8    12    11     0     1    11.0   60.858   49.708    137.8    979.3
     2     1    20     8    12    11     0     1    11.0   60.549   49.211    601.3    925.5
     3     1    20     8    12    11     0     1    11.0   60.440   49.751    837.2    896.7
     1     1    20     8    12    12     0     0    12.0   60.746   49.727    126.2    980.3
     2     1    20     8    12    12     0     0    12.0   60.406   49.169    577.0    928.1
     3     1    20     8    12    12     0     0    12.0   60.294   49.741    768.6    903.9
     1     1    20     8    12    13     0     1    13.0   60.634   49.730    115.8    981.0
     2     1    20     8    12    13     0     1    13.0   60.254   49.095    549.7    933.3
     3     1    20     8    12    13     0     1    13.0   60.139   49.695    694.1    912.3
     1     1    20     8    12    14     0     2    14.0   60.519   49.714    107.6    981.1
     2     1    20     8    12    14     0     2    14.0   60.096   48.984    533.8    934.6
     3     1    20     8    12    14     0     2    14.0   59.982   49.601    618.9    920.9
     1     1    20     8    12    15     0     3    15.0   60.406   49.684    100.4    981.2
     2     1    20     8    12    15     0     3    15.0   59.935   48.836    519.7    935.8
     3     1    20     8    12    15     0     3    15.0   59.828   49.457    562.7    930.2
     1     1    20     8    12    16     0     2    16.0   60.298   49.644     94.7    981.9
     2     1    20     8    12    16     0     2    16.0   59.785   48.641    512.9    937.4
     3     1    20     8    12    16     0     2    16.0   59.686   49.259    543.8    933.8
     1     1    20     8    12    17     0     1    17.0   60.204   49.601     91.6    982.3
     2     1    20     8    12    17     0     1    17.0   59.657   48.385    509.8    936.8
     3     1    20     8    12    17     0     1    17.0   59.560   49.003    551.0    933.1
     1     1    20     8    12    18     0     0    18.0   60.124   49.557     90.8    982.7
     2     1    20     8    12    18     0     0    18.0   59.547   48.058    497.9    937.9
     3     1    20     8    12    18     0     0    18.0   59.451   48.686    555.6    930.9
     1     1    20     8    12    19     0     1    19.0   60.053   49.511     91.0    982.5
     2     1    20     8    12    19     0     1    19.0   59.453   47.672    477.4    940.5
     3     1    20     8    12    19     0     1    19.0   59.362   48.320    545.6    932.6
     1     1    20     8    12    20     0     2    20.0   59.984   49.460     90.9    982.8
     2     1    20     8    12    20     0     2    20.0   59.372   47.247    456.4    943.3
     3     1    20     8    12    20     0     2    20.0   59.295   47.930    531.3    934.4
     1     1    20     8    12    21     0     3    21.0   59.917   49.404     90.7    983.4
     2     1    20     8    12    21     0     3    21.0   59.307   46.785    437.5    945.2
     3     1    20     8    12    21     0     3    21.0   59.245   47.519    518.2    936.0
     1     1    20     8    12    22     0     2    22.0   59.860   49.325     88.6    984.1
     2     1    20     8    12    22     0     2    22.0   59.255   46.299    418.4    947.4
     3     1    20     8    12    22     0     2    22.0   59.212   47.094    508.0    937.0
     1     1    20     8    12    23     0     1    23.0   59.818   49.220     83.2    985.7
     2     1    20     8    12    23     0     1    23.0   59.214   45.805    404.4    950.0
     3     1    20     8    12    23     0     1    23.0   59.189   46.670    500.3    937.9
     1     1    20     8    13     0     0     0    24.0   59.788   49.096     75.7    987.5
     2     1    20     8    13     0     0     0    24.0   59.183   45.327    400.6    950.3
     3     1    20     8    13     0     0     0    24.0   59.172   46.255    498.7    938.6
