     5     1
    GDAS    20     9     8     0     0
    GDAS    20     9    15     0     0
    GDAS    20     9    22     0     0
    GDAS    20     9    29     0     0
    GDAS    20    10     1     0     0
     3 FORWARD  OMEGA   
    20     9    15     0   62.085   49.588   100.0
    20     9    15     0   62.085   49.588   500.0
    20     9    15     0   62.085   49.588  1000.0
     1 PRESSURE
     1     1    20     9    15     0     0     0     0.0   62.085   49.588    100.0    975.5
     2     1    20     9    15     0     0     0     0.0   62.085   49.588    500.0    929.3
     3     1    20     9    15     0     0     0     0.0   62.085   49.588   1000.0    874.2
     1     1    20     9    15     1     0     1     1.0   62.001   49.989     97.0    976.4
     2     1    20     9    15     1     0     1     1.0   61.861   50.156    480.8    929.9
     3     1    20     9    15     1     0     1     1.0   61.807   50.036    987.6    874.0
     1     1    20     9    15     2     0     2     2.0   61.917   50.399     92.7    974.0
     2     1    20     9    15     2     0     2     2.0   61.647   50.718    474.7    929.2
     3     1    20     9    15     2     0     2     2.0   61.550   50.472    986.8    874.2
     1     1    20     9    15     3     0     3     3.0   61.829   50.816     91.3    971.6
     2     1    20     9    15     3     0     3     3.0   61.435   51.246    500.1    924.2
     3     1    20     9    15     3     0     3     3.0   61.309   50.883   1021.2    867.6
     1     1    20     9    15     4     0     2     4.0   61.735   51.217     93.3    970.2
     2     1    20     9    15     4     0     2     4.0   61.223   51.731    544.4    918.7
     3     1    20     9    15     4     0     2     4.0   61.072   51.260   1084.9    860.9
     1     1    20     9    15     5     0     1     5.0   61.634   51.576     96.0    969.8
     2     1    20     9    15     5     0     1     5.0   61.003   52.178    607.6    911.7
     3     1    20     9    15     5     0     1     5.0   60.835   51.599   1165.1    849.9
     1     1    20     9    15     6     0     0     6.0   61.521   51.881     98.9    969.8
     2     1    20     9    15     6     0     0     6.0   60.775   52.577    693.0    899.0
     3     1    20     9    15     6     0     0     6.0   60.601   51.901   1230.0    840.1
     1     1    20     9    15     7     0     1     7.0   61.404   52.159    104.0    968.8
     2     1    20     9    15     7     0     1     7.0   60.562   52.920    779.0    887.8
     3     1    20     9    15     7     0     1     7.0   60.375   52.171   1291.0    835.8
     1     1    20     9    15     8     0     2     8.0   61.289   52.427    110.8    966.4
     2     1    20     9    15     8     0     2     8.0   60.365   53.217    839.7    881.5
     3     1    20     9    15     8     0     2     8.0   60.156   52.406   1378.8    827.3
     1     1    20     9    15     9     0     3     9.0   61.178   52.666    113.0    964.1
     2     1    20     9    15     9     0     3     9.0   60.175   53.481    871.5    878.3
     3     1    20     9    15     9     0     3     9.0   59.945   52.606   1484.3    816.0
     1     1    20     9    15    10     0     2    10.0   61.066   52.884    106.9    963.2
     2     1    20     9    15    10     0     2    10.0   59.980   53.706    876.9    876.2
     3     1    20     9    15    10     0     2    10.0   59.744   52.772   1559.7    805.1
     1     1    20     9    15    11     0     1    11.0   60.952   53.105     96.8    965.1
     2     1    20     9    15    11     0     1    11.0   59.770   53.897    853.7    877.2
     3     1    20     9    15    11     0     1    11.0   59.550   52.915   1585.3    803.6
     1     1    20     9    15    12     0     0    12.0   60.837   53.332     89.7    968.6
     2     1    20     9    15    12     0     0    12.0   59.542   54.074    814.3    883.2
     3     1    20     9    15    12     0     0    12.0   59.350   53.049   1579.3    804.1
     1     1    20     9    15    13     0     1    13.0   60.719   53.557     87.8    970.0
     2     1    20     9    15    13     0     1    13.0   59.299   54.261    787.1    888.9
     3     1    20     9    15    13     0     1    13.0   59.131   53.183   1556.8    805.7
     1     1    20     9    15    14     0     2    14.0   60.590   53.775     89.4    970.2
     2     1    20     9    15    14     0     2    14.0   59.049   54.455    783.9    890.0
     3     1    20     9    15    14     0     2    14.0   58.893   53.300   1538.9    808.6
     1     1    20     9    15    15     0     3    15.0   60.448   53.996     92.5    969.5
     2     1    20     9    15    15     0     3    15.0   58.793   54.625    783.8    889.4
     3     1    20     9    15    15     0     3    15.0   58.645   53.381   1541.6    809.8
     1     1    20     9    15    16     0     2    16.0   60.289   54.215     95.4    968.4
     2     1    20     9    15    16     0     2    16.0   58.515   54.753    768.8    891.9
     3     1    20     9    15    16     0     2    16.0   58.386   53.428   1557.6    807.9
     1     1    20     9    15    17     0     1    17.0   60.113   54.421     97.0    967.9
     2     1    20     9    15    17     0     1    17.0   58.208   54.843    745.6    895.8
     3     1    20     9    15    17     0     1    17.0   58.114   53.449   1577.3    806.7
     1     1    20     9    15    18     0     0    18.0   59.919   54.607     97.4    968.2
     2     1    20     9    15    18     0     0    18.0   57.879   54.902    727.1    898.1
     3     1    20     9    15    18     0     0    18.0   57.828   53.450   1606.2    805.3
     1     1    20     9    15    19     0     1    19.0   59.716   54.777     98.9    969.4
     2     1    20     9    15    19     0     1    19.0   57.547   54.952    718.7    896.9
     3     1    20     9    15    19     0     1    19.0   57.532   53.457   1632.0    801.5
     1     1    20     9    15    20     0     2    20.0   59.508   54.943    106.1    969.5
     2     1    20     9    15    20     0     2    20.0   57.223   55.012    722.7    894.2
     3     1    20     9    15    20     0     2    20.0   57.229   53.492   1646.2    801.7
     1     1    20     9    15    21     0     3    21.0   59.286   55.108    120.4    967.6
     2     1    20     9    15    21     0     3    21.0   56.906   55.096    733.6    890.2
     3     1    20     9    15    21     0     3    21.0   56.918   53.556   1659.2    801.5
     1     1    20     9    15    22     0     2    22.0   59.040   55.273    133.6    964.9
     2     1    20     9    15    22     0     2    22.0   56.579   55.223    732.4    891.0
     3     1    20     9    15    22     0     2    22.0   56.596   53.640   1652.1    802.5
     1     1    20     9    15    23     0     1    23.0   58.776   55.437    137.1    964.1
     2     1    20     9    15    23     0     1    23.0   56.230   55.391    709.6    896.1
     3     1    20     9    15    23     0     1    23.0   56.250   53.744   1615.3    809.1
     1     1    20     9    16     0     0     0    24.0   58.506   55.602    135.3    964.6
     2     1    20     9    16     0     0     0    24.0   55.862   55.584    674.0    903.0
     3     1    20     9    16     0     0     0    24.0   55.869   53.886   1557.7    815.0
