     5     1
    GDAS    20     7    15     0     0
    GDAS    20     7    22     0     0
    GDAS    20     7    29     0     0
    GDAS    20     8     1     0     0
    GDAS    20     8     8     0     0
     3 FORWARD  OMEGA   
    20     7    26     0   62.085   49.588   100.0
    20     7    26     0   62.085   49.588   500.0
    20     7    26     0   62.085   49.588  1000.0
     1 PRESSURE
     1     1    20     7    26     0     0     0     0.0   62.085   49.588    100.0    992.0
     2     1    20     7    26     0     0     0     0.0   62.085   49.588    500.0    946.7
     3     1    20     7    26     0     0     0     0.0   62.085   49.588   1000.0    893.1
     1     1    20     7    26     1     0     1     1.0   62.076   49.404    104.3    991.9
     2     1    20     7    26     1     0     1     1.0   62.111   49.313    502.4    946.7
     3     1    20     7    26     1     0     1     1.0   62.079   49.301    998.1    894.8
     1     1    20     7    26     2     0     2     2.0   62.055   49.200    112.7    991.4
     2     1    20     7    26     2     0     2     2.0   62.109   49.027    520.7    945.2
     3     1    20     7    26     2     0     2     2.0   62.056   49.018   1008.9    892.4
     1     1    20     7    26     3     0     3     3.0   62.027   48.973    130.2    989.9
     2     1    20     7    26     3     0     3     3.0   62.087   48.754    558.4    939.9
     3     1    20     7    26     3     0     3     3.0   62.017   48.735   1022.1    890.2
     1     1    20     7    26     4     0     2     4.0   61.995   48.732    151.9    985.4
     2     1    20     7    26     4     0     2     4.0   62.057   48.470    600.6    933.0
     3     1    20     7    26     4     0     2     4.0   61.973   48.431   1049.3    886.3
     1     1    20     7    26     5     0     1     5.0   61.962   48.500    168.1    982.1
     2     1    20     7    26     5     0     1     5.0   62.028   48.149    636.0    928.0
     3     1    20     7    26     5     0     1     5.0   61.934   48.116   1105.0    879.1
     1     1    20     7    26     6     0     0     6.0   61.939   48.274    176.2    979.8
     2     1    20     7    26     6     0     0     6.0   61.999   47.814    669.5    923.5
     3     1    20     7    26     6     0     0     6.0   61.902   47.812   1179.2    869.4
     1     1    20     7    26     7     0     1     7.0   61.922   48.058    181.9    978.5
     2     1    20     7    26     7     0     1     7.0   61.969   47.508    690.4    920.1
     3     1    20     7    26     7     0     1     7.0   61.873   47.519   1232.4    861.8
     1     1    20     7    26     8     0     2     8.0   61.904   47.855    190.8    977.4
     2     1    20     7    26     8     0     2     8.0   61.931   47.246    684.1    920.6
     3     1    20     7    26     8     0     2     8.0   61.840   47.243   1237.2    861.5
     1     1    20     7    26     9     0     3     9.0   61.884   47.660    198.0    976.4
     2     1    20     7    26     9     0     3     9.0   61.883   47.018    645.7    925.0
     3     1    20     7    26     9     0     3     9.0   61.796   46.994   1199.4    865.9
     1     1    20     7    26    10     0     2    10.0   61.861   47.478    196.1    976.4
     2     1    20     7    26    10     0     2    10.0   61.832   46.829    594.3    934.1
     3     1    20     7    26    10     0     2    10.0   61.749   46.774   1150.6    875.1
     1     1    20     7    26    11     0     1    11.0   61.833   47.320    183.1    977.9
     2     1    20     7    26    11     0     1    11.0   61.781   46.683    560.9    940.0
     3     1    20     7    26    11     0     1    11.0   61.706   46.582   1133.3    879.8
     1     1    20     7    26    12     0     0    12.0   61.801   47.184    161.1    980.1
     2     1    20     7    26    12     0     0    12.0   61.731   46.574    561.6    940.9
     3     1    20     7    26    12     0     0    12.0   61.670   46.424   1169.2    877.7
     1     1    20     7    26    13     0     1    13.0   61.761   47.091    142.7    983.1
     2     1    20     7    26    13     0     1    13.0   61.679   46.491    596.6    937.2
     3     1    20     7    26    13     0     1    13.0   61.637   46.275   1233.7    868.6
     1     1    20     7    26    14     0     2    14.0   61.706   47.058    138.6    983.6
     2     1    20     7    26    14     0     2    14.0   61.622   46.414    651.4    930.0
     3     1    20     7    26    14     0     2    14.0   61.603   46.113   1278.0    862.2
     1     1    20     7    26    15     0     3    15.0   61.639   47.073    149.0    982.6
     2     1    20     7    26    15     0     3    15.0   61.560   46.337    695.0    923.2
     3     1    20     7    26    15     0     3    15.0   61.565   45.944   1257.1    862.9
     1     1    20     7    26    16     0     2    16.0   61.560   47.087    166.2    980.4
     2     1    20     7    26    16     0     2    16.0   61.495   46.257    725.5    921.6
     3     1    20     7    26    16     0     2    16.0   61.526   45.781   1213.7    873.9
     1     1    20     7    26    17     0     1    17.0   61.467   47.072    183.2    979.0
     2     1    20     7    26    17     0     1    17.0   61.432   46.167    769.8    918.2
     3     1    20     7    26    17     0     1    17.0   61.496   45.619   1212.6    875.4
     1     1    20     7    26    18     0     0    18.0   61.362   47.044    196.9    977.9
     2     1    20     7    26    18     0     0    18.0   61.379   46.067    859.4    910.8
     3     1    20     7    26    18     0     0    18.0   61.479   45.452   1259.7    871.3
     1     1    20     7    26    19     0     1    19.0   61.261   47.026    205.1    976.8
     2     1    20     7    26    19     0     1    19.0   61.344   45.963    972.0    894.7
     3     1    20     7    26    19     0     1    19.0   61.475   45.285   1317.5    862.3
     1     1    20     7    26    20     0     2    20.0   61.168   47.035    208.6    976.4
     2     1    20     7    26    20     0     2    20.0   61.319   45.861   1058.6    884.6
     3     1    20     7    26    20     0     2    20.0   61.480   45.133   1354.2    859.2
     1     1    20     7    26    21     0     3    21.0   61.069   47.081    209.7    976.4
     2     1    20     7    26    21     0     3    21.0   61.300   45.766   1115.1    879.1
     3     1    20     7    26    21     0     3    21.0   61.494   44.997   1370.1    858.3
     1     1    20     7    26    22     0     2    22.0   60.965   47.159    208.5    976.5
     2     1    20     7    26    22     0     2    22.0   61.288   45.694   1135.1    876.3
     3     1    20     7    26    22     0     2    22.0   61.513   44.893   1367.6    859.0
     1     1    20     7    26    23     0     1    23.0   60.867   47.251    204.5    977.4
     2     1    20     7    26    23     0     1    23.0   61.279   45.660   1111.3    879.2
     3     1    20     7    26    23     0     1    23.0   61.530   44.834   1355.3    860.8
     1     1    20     7    27     0     0     0    24.0   60.779   47.340    197.8    978.5
     2     1    20     7    27     0     0     0    24.0   61.270   45.670   1045.4    886.2
     3     1    20     7    27     0     0     0    24.0   61.543   44.819   1337.4    863.1
