     5     1
    GDAS    20     4     8     0     0
    GDAS    20     4    15     0     0
    GDAS    20     4    22     0     0
    GDAS    20     4    29     0     0
    GDAS    20     5     1     0     0
     3 FORWARD  OMEGA   
    20     4    18     0   62.085   49.588   100.0
    20     4    18     0   62.085   49.588   500.0
    20     4    18     0   62.085   49.588  1000.0
     1 PRESSURE
     1     1    20     4    18     0     0     0     0.0   62.085   49.588    100.0    969.3
     2     1    20     4    18     0     0     0     0.0   62.085   49.588    500.0    921.9
     3     1    20     4    18     0     0     0     0.0   62.085   49.588   1000.0    865.8
     1     1    20     4    18     1     0     1     1.0   62.168   49.507     99.1    968.3
     2     1    20     4    18     1     0     1     1.0   62.237   49.600    499.7    920.5
     3     1    20     4    18     1     0     1     1.0   62.242   49.606   1009.0    864.2
     1     1    20     4    18     2     0     2     2.0   62.252   49.421     98.1    967.3
     2     1    20     4    18     2     0     2     2.0   62.398   49.570    502.7    918.1
     3     1    20     4    18     2     0     2     2.0   62.416   49.585   1030.8    859.2
     1     1    20     4    18     3     0     3     3.0   62.336   49.323     97.6    966.1
     2     1    20     4    18     3     0     3     3.0   62.568   49.504    505.7    915.4
     3     1    20     4    18     3     0     3     3.0   62.605   49.536   1053.4    853.8
     1     1    20     4    18     4     0     2     4.0   62.421   49.222     96.0    965.2
     2     1    20     4    18     4     0     2     4.0   62.744   49.419    503.3    913.3
     3     1    20     4    18     4     0     2     4.0   62.804   49.477   1063.8    850.1
     1     1    20     4    18     5     0     1     5.0   62.502   49.128     92.2    965.1
     2     1    20     4    18     5     0     1     5.0   62.914   49.323    501.0    912.5
     3     1    20     4    18     5     0     1     5.0   63.001   49.422   1064.5    849.0
     1     1    20     4    18     6     0     0     6.0   62.579   49.044     87.3    965.1
     2     1    20     4    18     6     0     0     6.0   63.075   49.210    515.7    910.7
     3     1    20     4    18     6     0     0     6.0   63.194   49.366   1074.6    849.4
     1     1    20     4    18     7     0     1     7.0   62.647   48.962     83.5    965.3
     2     1    20     4    18     7     0     1     7.0   63.228   49.084    542.9    906.8
     3     1    20     4    18     7     0     1     7.0   63.376   49.296   1092.5    847.2
     1     1    20     4    18     8     0     2     8.0   62.705   48.870     82.0    965.4
     2     1    20     4    18     8     0     2     8.0   63.370   48.951    560.9    905.8
     3     1    20     4    18     8     0     2     8.0   63.544   49.204   1107.1    846.6
     1     1    20     4    18     9     0     3     9.0   62.754   48.764     81.6    965.6
     2     1    20     4    18     9     0     3     9.0   63.496   48.815    563.1    907.5
     3     1    20     4    18     9     0     3     9.0   63.701   49.093   1112.2    847.2
     1     1    20     4    18    10     0     2    10.0   62.793   48.655     80.5    966.3
     2     1    20     4    18    10     0     2    10.0   63.607   48.680    562.0    910.5
     3     1    20     4    18    10     0     2    10.0   63.844   48.965   1129.8    849.9
     1     1    20     4    18    11     0     1    11.0   62.815   48.555     77.5    967.6
     2     1    20     4    18    11     0     1    11.0   63.709   48.543    569.8    911.0
     3     1    20     4    18    11     0     1    11.0   63.965   48.817   1190.6    845.2
     1     1    20     4    18    12     0     0    12.0   62.822   48.456     72.2    969.3
     2     1    20     4    18    12     0     0    12.0   63.800   48.389    585.6    910.3
     3     1    20     4    18    12     0     0    12.0   64.064   48.636   1277.6    834.9
     1     1    20     4    18    13     0     1    13.0   62.820   48.339     65.3    970.7
     2     1    20     4    18    13     0     1    13.0   63.882   48.216    597.7    908.9
     3     1    20     4    18    13     0     1    13.0   64.155   48.431   1331.8    824.6
     1     1    20     4    18    14     0     2    14.0   62.820   48.190     58.0    972.1
     2     1    20     4    18    14     0     2    14.0   63.949   48.033    606.1    909.6
     3     1    20     4    18    14     0     2    14.0   64.244   48.210   1336.3    827.0
     1     1    20     4    18    15     0     3    15.0   62.822   48.018     51.0    973.7
     2     1    20     4    18    15     0     3    15.0   64.005   47.837    616.9    909.8
     3     1    20     4    18    15     0     3    15.0   64.329   47.978   1326.3    830.7
     1     1    20     4    18    16     0     2    16.0   62.824   47.853     44.6    975.1
     2     1    20     4    18    16     0     2    16.0   64.053   47.643    625.1    910.7
     3     1    20     4    18    16     0     2    16.0   64.403   47.773   1321.7    833.2
     1     1    20     4    18    17     0     1    17.0   62.824   47.715     38.9    976.6
     2     1    20     4    18    17     0     1    17.0   64.089   47.473    635.3    911.7
     3     1    20     4    18    17     0     1    17.0   64.458   47.625   1326.9    833.6
     1     1    20     4    18    18     0     0    18.0   62.824   47.596     33.9    978.1
     2     1    20     4    18    18     0     0    18.0   64.107   47.336    656.2    911.1
     3     1    20     4    18    18     0     0    18.0   64.494   47.528   1340.9    832.8
     1     1    20     4    18    19     0     1    19.0   62.818   47.492     29.9    978.9
     2     1    20     4    18    19     0     1    19.0   64.108   47.222    688.8    907.9
     3     1    20     4    18    19     0     1    19.0   64.511   47.459   1355.2    830.7
     1     1    20     4    18    20     0     2    20.0   62.807   47.408     26.7    979.4
     2     1    20     4    18    20     0     2    20.0   64.090   47.111    734.1    904.1
     3     1    20     4    18    20     0     2    20.0   64.509   47.396   1362.0    830.6
     1     1    20     4    18    21     0     3    21.0   62.790   47.338     24.0    979.9
     2     1    20     4    18    21     0     3    21.0   64.051   46.995    798.7    898.3
     3     1    20     4    18    21     0     3    21.0   64.487   47.338   1364.2    831.0
     1     1    20     4    18    22     0     2    22.0   62.768   47.288     21.9    980.5
     2     1    20     4    18    22     0     2    22.0   63.996   46.879    852.2    888.7
     3     1    20     4    18    22     0     2    22.0   64.449   47.288   1362.5    831.8
     1     1    20     4    18    23     0     1    23.0   62.738   47.265     20.7    981.0
     2     1    20     4    18    23     0     1    23.0   63.937   46.781    870.3    886.8
     3     1    20     4    18    23     0     1    23.0   64.401   47.252   1354.3    833.2
     1     1    20     4    19     0     0     0    24.0   62.701   47.272     20.0    981.5
     2     1    20     4    19     0     0     0    24.0   63.879   46.703    863.7    887.7
     3     1    20     4    19     0     0     0    24.0   64.343   47.228   1336.4    835.8
