     5     1
    GDAS    20     9    15     0     0
    GDAS    20     9    22     0     0
    GDAS    20     9    29     0     0
    GDAS    20    10     1     0     0
    GDAS    20    10     8     0     0
     3 FORWARD  OMEGA   
    20     9    25     0   62.085   49.588   100.0
    20     9    25     0   62.085   49.588   500.0
    20     9    25     0   62.085   49.588  1000.0
     1 PRESSURE
     1     1    20     9    25     0     0     0     0.0   62.085   49.588    100.0    995.9
     2     1    20     9    25     0     0     0     0.0   62.085   49.588    500.0    949.6
     3     1    20     9    25     0     0     0     0.0   62.085   49.588   1000.0    894.9
     1     1    20     9    25     1     0     1     1.0   62.204   49.796    101.7    994.8
     2     1    20     9    25     1     0     1     1.0   62.168   50.089    521.0    947.3
     3     1    20     9    25     1     0     1     1.0   62.165   50.101   1009.2    893.4
     1     1    20     9    25     2     0     2     2.0   62.327   50.008    103.8    993.8
     2     1    20     9    25     2     0     2     2.0   62.258   50.580    551.9    940.4
     3     1    20     9    25     2     0     2     2.0   62.244   50.619   1024.2    888.7
     1     1    20     9    25     3     0     3     3.0   62.453   50.227    108.7    991.9
     2     1    20     9    25     3     0     3     3.0   62.362   51.066    595.2    934.2
     3     1    20     9    25     3     0     3     3.0   62.325   51.149   1055.9    884.3
     1     1    20     9    25     4     0     2     4.0   62.587   50.456    118.7    989.2
     2     1    20     9    25     4     0     2     4.0   62.479   51.568    641.7    927.6
     3     1    20     9    25     4     0     2     4.0   62.407   51.687   1102.5    878.2
     1     1    20     9    25     5     0     1     5.0   62.728   50.683    132.9    986.5
     2     1    20     9    25     5     0     1     5.0   62.606   52.106    669.2    923.4
     3     1    20     9    25     5     0     1     5.0   62.492   52.232   1141.0    872.6
     1     1    20     9    25     6     0     0     6.0   62.884   50.903    150.8    983.9
     2     1    20     9    25     6     0     0     6.0   62.740   52.687    668.9    920.3
     3     1    20     9    25     6     0     0     6.0   62.581   52.793   1158.4    868.4
     1     1    20     9    25     7     0     1     7.0   63.050   51.126    165.8    981.1
     2     1    20     9    25     7     0     1     7.0   62.871   53.316    643.0    922.7
     3     1    20     9    25     7     0     1     7.0   62.667   53.382   1159.0    868.5
     1     1    20     9    25     8     0     2     8.0   63.212   51.351    171.7    979.3
     2     1    20     9    25     8     0     2     8.0   62.996   53.989    603.6    932.5
     3     1    20     9    25     8     0     2     8.0   62.748   53.994   1153.7    871.4
     1     1    20     9    25     9     0     3     9.0   63.364   51.573    173.0    978.3
     2     1    20     9    25     9     0     3     9.0   63.113   54.708    580.5    933.1
     3     1    20     9    25     9     0     3     9.0   62.820   54.630   1153.4    870.3
     1     1    20     9    25    10     0     2    10.0   63.512   51.798    178.6    977.3
     2     1    20     9    25    10     0     2    10.0   63.203   55.449    597.9    931.0
     3     1    20     9    25    10     0     2    10.0   62.878   55.288   1175.0    868.6
     1     1    20     9    25    11     0     1    11.0   63.661   52.035    194.1    974.9
     2     1    20     9    25    11     0     1    11.0   63.270   56.125    636.1    931.6
     3     1    20     9    25    11     0     1    11.0   62.921   55.957   1214.4    868.1
     1     1    20     9    25    12     0     0    12.0   63.813   52.280    211.5    972.0
     2     1    20     9    25    12     0     0    12.0   63.336   56.732    690.9    926.8
     3     1    20     9    25    12     0     0    12.0   62.959   56.647   1254.2    864.2
     1     1    20     9    25    13     0     1    13.0   63.967   52.562    213.9    971.9
     2     1    20     9    25    13     0     1    13.0   63.411   57.310    743.4    915.9
     3     1    20     9    25    13     0     1    13.0   62.989   57.380   1275.2    855.9
     1     1    20     9    25    14     0     2    14.0   64.119   52.909    187.6    978.4
     2     1    20     9    25    14     0     2    14.0   63.489   57.912    779.4    904.1
     3     1    20     9    25    14     0     2    14.0   62.996   58.172   1251.1    846.7
     1     1    20     9    25    15     0     3    15.0   64.265   53.268    147.0    986.1
     2     1    20     9    25    15     0     3    15.0   63.556   58.549    821.5    890.8
     3     1    20     9    25    15     0     3    15.0   62.969   59.017   1042.8    849.7
     1     1    20     9    25    16     0     2    16.0   64.419   53.590    123.1    990.1
     2     1    20     9    25    16     0     2    16.0   63.588   59.223    872.2    879.1
     3     1    20     9    25    16     0     2    16.0   62.909   59.851    943.1    896.1
     1     1    20     9    25    17     0     1    17.0   64.591   53.868    115.2    992.2
     2     1    20     9    25    17     0     1    17.0   63.555   59.960    802.8    893.9
     3     1    20     9    25    17     0     1    17.0   62.782   60.586   1066.4    886.1
     1     1    20     9    25    18     0     0    18.0   64.786   54.120    116.4    992.5
     2     1    20     9    25    18     0     0    18.0   63.477   60.709    692.9    927.4
     3     1    20     9    25    18     0     0    18.0   62.636   61.170   1145.7    882.6
     1     1    20     9    25    19     0     1    19.0   64.991   54.382    115.1    991.6
     2     1    20     9    25    19     0     1    19.0   63.378   61.360    671.4    934.3
     3     1    20     9    25    19     0     1    19.0   62.501   61.688   1170.3    879.6
     1     1    20     9    25    20     0     2    20.0   65.193   54.663    112.9    990.3
     2     1    20     9    25    20     0     2    20.0   63.296   61.961    675.4    934.2
     3     1    20     9    25    20     0     2    20.0   62.378   62.173   1163.1    880.2
     1     1    20     9    25    21     0     3    21.0   65.396   54.951    112.3    989.5
     2     1    20     9    25    21     0     3    21.0   63.232   62.516    695.3    934.5
     3     1    20     9    25    21     0     3    21.0   62.258   62.638   1160.8    880.3
     1     1    20     9    25    22     0     2    22.0   65.593   55.265    109.5    991.5
     2     1    20     9    25    22     0     2    22.0   63.177   63.045    725.8    934.9
     3     1    20     9    25    22     0     2    22.0   62.137   63.096   1170.3    876.7
     1     1    20     9    25    23     0     1    23.0   65.772   55.622    100.8    994.4
     2     1    20     9    25    23     0     1    23.0   63.123   63.576    753.3    932.5
     3     1    20     9    25    23     0     1    23.0   62.019   63.561   1178.3    876.9
     1     1    20     9    26     0     0     0    24.0   65.939   56.016     86.4    997.2
     2     1    20     9    26     0     0     0    24.0   63.069   64.105    779.6    932.2
     3     1    20     9    26     0     0     0    24.0   61.904   64.028   1183.8    880.3
