     5     1
    GDAS    20     8    15     0     0
    GDAS    20     8    22     0     0
    GDAS    20     8    29     0     0
    GDAS    20     9     1     0     0
    GDAS    20     9     8     0     0
     3 FORWARD  OMEGA   
    20     8    26     0   62.085   49.588   100.0
    20     8    26     0   62.085   49.588   500.0
    20     8    26     0   62.085   49.588  1000.0
     1 PRESSURE
     1     1    20     8    26     0     0     0     0.0   62.085   49.588    100.0    983.8
     2     1    20     8    26     0     0     0     0.0   62.085   49.588    500.0    939.6
     3     1    20     8    26     0     0     0     0.0   62.085   49.588   1000.0    885.0
     1     1    20     8    26     1     0     1     1.0   62.046   49.837     98.4    985.3
     2     1    20     8    26     1     0     1     1.0   61.976   49.940    502.3    940.7
     3     1    20     8    26     1     0     1     1.0   61.986   50.087    993.9    886.8
     1     1    20     8    26     2     0     2     2.0   62.018   50.057     97.8    986.1
     2     1    20     8    26     2     0     2     2.0   61.889   50.276    502.5    938.0
     3     1    20     8    26     2     0     2     2.0   61.899   50.586    985.3    882.9
     1     1    20     8    26     3     0     3     3.0   62.001   50.253     97.3    985.8
     2     1    20     8    26     3     0     3     3.0   61.825   50.607    490.7    936.9
     3     1    20     8    26     3     0     3     3.0   61.819   51.078    951.6    883.3
     1     1    20     8    26     4     0     2     4.0   61.999   50.430     96.4    984.9
     2     1    20     8    26     4     0     2     4.0   61.785   50.926    466.1    938.4
     3     1    20     8    26     4     0     2     4.0   61.747   51.545    911.7    891.1
     1     1    20     8    26     5     0     1     5.0   62.013   50.594     94.6    984.2
     2     1    20     8    26     5     0     1     5.0   61.768   51.224    440.5    942.1
     3     1    20     8    26     5     0     1     5.0   61.682   51.986    886.5    893.1
     1     1    20     8    26     6     0     0     6.0   62.044   50.742     91.5    983.8
     2     1    20     8    26     6     0     0     6.0   61.778   51.505    419.8    944.7
     3     1    20     8    26     6     0     0     6.0   61.620   52.411    857.6    894.2
     1     1    20     8    26     7     0     1     7.0   62.089   50.884     87.4    983.3
     2     1    20     8    26     7     0     1     7.0   61.805   51.775    398.7    946.5
     3     1    20     8    26     7     0     1     7.0   61.563   52.824    814.6    897.3
     1     1    20     8    26     8     0     2     8.0   62.145   51.029     82.7    983.3
     2     1    20     8    26     8     0     2     8.0   61.837   52.039    374.3    949.4
     3     1    20     8    26     8     0     2     8.0   61.520   53.207    770.3    902.5
     1     1    20     8    26     9     0     3     9.0   62.210   51.175     77.9    983.8
     2     1    20     8    26     9     0     3     9.0   61.874   52.294    347.4    951.6
     3     1    20     8    26     9     0     3     9.0   61.494   53.555    739.2    906.3
     1     1    20     8    26    10     0     2    10.0   62.284   51.308     74.0    984.1
     2     1    20     8    26    10     0     2    10.0   61.923   52.529    323.4    954.8
     3     1    20     8    26    10     0     2    10.0   61.487   53.881    718.8    908.2
     1     1    20     8    26    11     0     1    11.0   62.368   51.418     71.0    984.2
     2     1    20     8    26    11     0     1    11.0   61.989   52.738    308.3    956.8
     3     1    20     8    26    11     0     1    11.0   61.496   54.191    698.0    910.7
     1     1    20     8    26    12     0     0    12.0   62.463   51.502     68.8    984.3
     2     1    20     8    26    12     0     0    12.0   62.064   52.925    301.5    957.2
     3     1    20     8    26    12     0     0    12.0   61.515   54.479    677.3    914.9
     1     1    20     8    26    13     0     1    13.0   62.571   51.538     66.6    983.5
     2     1    20     8    26    13     0     1    13.0   62.158   53.078    293.7    955.5
     3     1    20     8    26    13     0     1    13.0   61.544   54.744    669.8    917.3
     1     1    20     8    26    14     0     2    14.0   62.693   51.496     63.5    982.8
     2     1    20     8    26    14     0     2    14.0   62.285   53.181    281.8    955.7
     3     1    20     8    26    14     0     2    14.0   61.591   54.990    681.9    916.5
     1     1    20     8    26    15     0     3    15.0   62.831   51.367     60.0    982.4
     2     1    20     8    26    15     0     3    15.0   62.444   53.233    275.5    955.7
     3     1    20     8    26    15     0     3    15.0   61.655   55.226    690.5    912.3
     1     1    20     8    26    16     0     2    16.0   62.991   51.177     57.8    982.5
     2     1    20     8    26    16     0     2    16.0   62.646   53.265    268.9    954.1
     3     1    20     8    26    16     0     2    16.0   61.740   55.460    675.4    913.5
     1     1    20     8    26    17     0     1    17.0   63.183   50.960     59.1    980.8
     2     1    20     8    26    17     0     1    17.0   62.896   53.295    242.0    955.4
     3     1    20     8    26    17     0     1    17.0   61.847   55.687    643.9    918.3
     1     1    20     8    26    18     0     0    18.0   63.414   50.718     66.8    977.0
     2     1    20     8    26    18     0     0    18.0   63.184   53.285    192.9    962.5
     3     1    20     8    26    18     0     0    18.0   61.976   55.891    615.6    923.2
     1     1    20     8    26    19     0     1    19.0   63.679   50.461     80.8    971.6
     2     1    20     8    26    19     0     1    19.0   63.466   53.207    156.1    969.1
     3     1    20     8    26    19     0     1    19.0   62.136   56.089    592.7    924.5
     1     1    20     8    26    20     0     2    20.0   63.969   50.198     97.4    965.2
     2     1    20     8    26    20     0     2    20.0   63.745   53.090    148.4    969.5
     3     1    20     8    26    20     0     2    20.0   62.331   56.282    570.5    926.9
     1     1    20     8    26    21     0     3    21.0   64.282   49.931    112.7    961.2
     2     1    20     8    26    21     0     3    21.0   64.035   52.938    161.7    967.9
     3     1    20     8    26    21     0     3    21.0   62.554   56.459    557.5    928.3
     1     1    20     8    26    22     0     2    22.0   64.610   49.726    126.9    959.4
     2     1    20     8    26    22     0     2    22.0   64.352   52.759    174.5    965.8
     3     1    20     8    26    22     0     2    22.0   62.801   56.612    544.5    927.9
     1     1    20     8    26    23     0     1    23.0   64.955   49.662    148.9    956.3
     2     1    20     8    26    23     0     1    23.0   64.689   52.570    167.5    967.8
     3     1    20     8    26    23     0     1    23.0   63.085   56.724    522.3    930.8
     1     1    20     8    27     0     0     0    24.0   65.344   49.690    183.9    953.9
     2     1    20     8    27     0     0     0    24.0   65.036   52.384    139.8    972.4
     3     1    20     8    27     0     0     0    24.0   63.419   56.794    503.7    935.0
