     5     1
    GDAS    20     8    29     0     0
    GDAS    20     9     1     0     0
    GDAS    20     9     8     0     0
    GDAS    20     9    15     0     0
    GDAS    20     9    22     0     0
     3 FORWARD  OMEGA   
    20     9     3     0   62.085   49.588   100.0
    20     9     3     0   62.085   49.588   500.0
    20     9     3     0   62.085   49.588  1000.0
     1 PRESSURE
     1     1    20     9     3     0     0     0     0.0   62.085   49.588    100.0   1006.2
     2     1    20     9     3     0     0     0     0.0   62.085   49.588    500.0    959.8
     3     1    20     9     3     0     0     0     0.0   62.085   49.588   1000.0    902.9
     1     1    20     9     3     1     0     1     1.0   62.007   49.641     99.7   1007.5
     2     1    20     9     3     1     0     1     1.0   61.940   49.597    471.6    964.9
     3     1    20     9     3     1     0     1     1.0   61.844   49.635    948.7    910.1
     1     1    20     9     3     2     0     2     2.0   61.930   49.702    101.3   1007.4
     2     1    20     9     3     2     0     2     2.0   61.793   49.633    460.1    964.9
     3     1    20     9     3     2     0     2     2.0   61.602   49.696    921.6    911.3
     1     1    20     9     3     3     0     3     3.0   61.850   49.773    104.8   1006.8
     2     1    20     9     3     3     0     3     3.0   61.636   49.692    461.9    963.2
     3     1    20     9     3     3     0     3     3.0   61.350   49.763    914.3    909.7
     1     1    20     9     3     4     0     2     4.0   61.769   49.849    108.7   1005.7
     2     1    20     9     3     4     0     2     4.0   61.479   49.751    461.7    961.1
     3     1    20     9     3     4     0     2     4.0   61.089   49.804    902.5    907.7
     1     1    20     9     3     5     0     1     5.0   61.692   49.923    110.8   1005.2
     2     1    20     9     3     5     0     1     5.0   61.337   49.793    446.5    962.4
     3     1    20     9     3     5     0     1     5.0   60.830   49.808    868.6    910.4
     1     1    20     9     3     6     0     0     6.0   61.618   49.994    110.5   1005.2
     2     1    20     9     3     6     0     0     6.0   61.216   49.819    415.8    966.0
     3     1    20     9     3     6     0     0     6.0   60.578   49.786    817.5    915.6
     1     1    20     9     3     7     0     1     7.0   61.546   50.068    107.8   1004.5
     2     1    20     9     3     7     0     1     7.0   61.110   49.847    379.6    970.8
     3     1    20     9     3     7     0     1     7.0   60.346   49.763    766.1    921.4
     1     1    20     9     3     8     0     2     8.0   61.470   50.150    103.8   1004.0
     2     1    20     9     3     8     0     2     8.0   61.005   49.892    347.7    973.3
     3     1    20     9     3     8     0     2     8.0   60.141   49.753    726.5    924.9
     1     1    20     9     3     9     0     3     9.0   61.392   50.244     99.7   1003.6
     2     1    20     9     3     9     0     3     9.0   60.897   49.954    323.6    975.0
     3     1    20     9     3     9     0     3     9.0   59.957   49.744    700.7    927.5
     1     1    20     9     3    10     0     2    10.0   61.318   50.349     97.5   1003.8
     2     1    20     9     3    10     0     2    10.0   60.791   50.028    309.0    976.0
     3     1    20     9     3    10     0     2    10.0   59.795   49.737    682.1    930.1
     1     1    20     9     3    11     0     1    11.0   61.253   50.465     97.7   1003.4
     2     1    20     9     3    11     0     1    11.0   60.697   50.105    301.0    976.2
     3     1    20     9     3    11     0     1    11.0   59.657   49.730    662.6    933.3
     1     1    20     9     3    12     0     0    12.0   61.194   50.594    100.0   1002.7
     2     1    20     9     3    12     0     0    12.0   60.614   50.188    296.6    976.1
     3     1    20     9     3    12     0     0    12.0   59.543   49.717    640.4    936.8
     1     1    20     9     3    13     0     1    13.0   61.140   50.733    102.5   1001.4
     2     1    20     9     3    13     0     1    13.0   60.536   50.276    291.8    975.4
     3     1    20     9     3    13     0     1    13.0   59.441   49.705    614.2    940.1
     1     1    20     9     3    14     0     2    14.0   61.088   50.884    103.7   1000.6
     2     1    20     9     3    14     0     2    14.0   60.453   50.365    282.6    975.4
     3     1    20     9     3    14     0     2    14.0   59.335   49.696    581.8    943.5
     1     1    20     9     3    15     0     3    15.0   61.036   51.053    103.6   1000.1
     2     1    20     9     3    15     0     3    15.0   60.367   50.453    266.4    976.1
     3     1    20     9     3    15     0     3    15.0   59.228   49.685    539.7    948.2
     1     1    20     9     3    16     0     2    16.0   60.987   51.215    103.0   1000.2
     2     1    20     9     3    16     0     2    16.0   60.282   50.516    249.7    978.6
     3     1    20     9     3    16     0     2    16.0   59.123   49.641    493.1    954.9
     1     1    20     9     3    17     0     1    17.0   60.942   51.346    102.5   1000.0
     2     1    20     9     3    17     0     1    17.0   60.206   50.533    240.8    979.3
     3     1    20     9     3    17     0     1    17.0   59.026   49.538    452.0    960.6
     1     1    20     9     3    18     0     0    18.0   60.903   51.449    102.1    999.8
     2     1    20     9     3    18     0     0    18.0   60.139   50.506    240.8    979.0
     3     1    20     9     3    18     0     0    18.0   58.941   49.379    421.0    964.9
     1     1    20     9     3    19     0     1    19.0   60.872   51.544    100.8    999.4
     2     1    20     9     3    19     0     1    19.0   60.087   50.463    243.2    977.2
     3     1    20     9     3    19     0     1    19.0   58.886   49.194    407.0    967.0
     1     1    20     9     3    20     0     2    20.0   60.854   51.651     98.4    999.4
     2     1    20     9     3    20     0     2    20.0   60.053   50.437    242.5    977.0
     3     1    20     9     3    20     0     2    20.0   58.875   49.014    413.0    965.9
     1     1    20     9     3    21     0     3    21.0   60.846   51.768     96.4    999.5
     2     1    20     9     3    21     0     3    21.0   60.038   50.430    239.9    977.1
     3     1    20     9     3    21     0     3    21.0   58.906   48.850    435.9    962.6
     1     1    20     9     3    22     0     2    22.0   60.845   51.901     95.1    999.7
     2     1    20     9     3    22     0     2    22.0   60.040   50.465    236.7    978.0
     3     1    20     9     3    22     0     2    22.0   58.967   48.742    465.1    958.2
     1     1    20     9     3    23     0     1    23.0   60.848   52.057     92.6    999.8
     2     1    20     9     3    23     0     1    23.0   60.053   50.561    233.0    978.8
     3     1    20     9     3    23     0     1    23.0   59.050   48.721    489.1    955.3
     1     1    20     9     4     0     0     0    24.0   60.857   52.234     88.0    999.9
     2     1    20     9     4     0     0     0    24.0   60.080   50.717    230.2    979.9
     3     1    20     9     4     0     0     0    24.0   59.149   48.775    497.5    953.9
