     5     1
    GDAS    20     1     1     0     0
    GDAS    20     1     8     0     0
    GDAS    20     1    15     0     0
    GDAS    20     1    22     0     0
    GDAS    20     1    29     0     0
     3 FORWARD  OMEGA   
    20     1    12     0   62.085   49.588   100.0
    20     1    12     0   62.085   49.588   500.0
    20     1    12     0   62.085   49.588  1000.0
     1 PRESSURE
     1     1    20     1    12     0     0     0     0.0   62.085   49.588    100.0    981.9
     2     1    20     1    12     0     0     0     0.0   62.085   49.588    500.0    933.5
     3     1    20     1    12     0     0     0     0.0   62.085   49.588   1000.0    875.7
     1     1    20     1    12     1     0     1     1.0   62.214   49.912     91.8    981.1
     2     1    20     1    12     1     0     1     1.0   62.202   50.314    489.0    931.6
     3     1    20     1    12     1     0     1     1.0   62.109   50.302   1008.9    872.1
     1     1    20     1    12     2     0     2     2.0   62.351   50.227     87.8    978.8
     2     1    20     1    12     2     0     2     2.0   62.338   51.024    486.6    926.4
     3     1    20     1    12     2     0     2     2.0   62.162   51.000   1000.0    865.1
     1     1    20     1    12     3     0     3     3.0   62.509   50.556     90.5    975.3
     2     1    20     1    12     3     0     3     3.0   62.503   51.749    485.9    924.4
     3     1    20     1    12     3     0     3     3.0   62.252   51.726    965.2    869.4
     1     1    20     1    12     4     0     2     4.0   62.690   50.912     98.9    971.4
     2     1    20     1    12     4     0     2     4.0   62.686   52.495    474.2    921.9
     3     1    20     1    12     4     0     2     4.0   62.375   52.502    928.3    872.9
     1     1    20     1    12     5     0     1     5.0   62.884   51.281    108.5    968.4
     2     1    20     1    12     5     0     1     5.0   62.893   53.263    443.4    922.8
     3     1    20     1    12     5     0     1     5.0   62.530   53.324    883.7    874.4
     1     1    20     1    12     6     0     0     6.0   63.083   51.634    114.1    966.1
     2     1    20     1    12     6     0     0     6.0   63.151   53.981    403.9    932.6
     3     1    20     1    12     6     0     0     6.0   62.722   54.165    851.2    879.2
     1     1    20     1    12     7     0     1     7.0   63.292   51.966    119.9    961.9
     2     1    20     1    12     7     0     1     7.0   63.446   54.629    382.5    931.0
     3     1    20     1    12     7     0     1     7.0   62.932   55.021    869.2    871.6
     1     1    20     1    12     8     0     2     8.0   63.523   52.292    125.0    957.3
     2     1    20     1    12     8     0     2     8.0   63.768   55.175    369.8    931.8
     3     1    20     1    12     8     0     2     8.0   63.162   55.887    920.0    870.6
     1     1    20     1    12     9     0     3     9.0   63.774   52.628    121.8    955.8
     2     1    20     1    12     9     0     3     9.0   64.107   55.611    361.5    932.9
     3     1    20     1    12     9     0     3     9.0   63.413   56.760    960.5    867.0
     1     1    20     1    12    10     0     2    10.0   64.038   52.942    103.4    958.5
     2     1    20     1    12    10     0     2    10.0   64.473   56.005    350.1    935.9
     3     1    20     1    12    10     0     2    10.0   63.689   57.674    988.9    857.5
     1     1    20     1    12    11     0     1    11.0   64.305   53.168     76.8    964.1
     2     1    20     1    12    11     0     1    11.0   64.867   56.384    340.5    938.8
     3     1    20     1    12    11     0     1    11.0   63.970   58.671   1108.2    833.8
     1     1    20     1    12    12     0     0    12.0   64.582   53.318     53.8    967.2
     2     1    20     1    12    12     0     0    12.0   65.297   56.749    328.8    939.2
     3     1    20     1    12    12     0     0    12.0   64.154   59.758   1237.9    794.5
     1     1    20     1    12    13     0     1    13.0   64.854   53.431     34.2    969.2
     2     1    20     1    12    13     0     1    13.0   65.769   57.104    343.4    935.8
     3     1    20     1    12    13     0     1    13.0   64.280   60.822   1208.7    821.5
     1     1    20     1    12    14     0     2    14.0   65.101   53.523     21.6    969.6
     2     1    20     1    12    14     0     2    14.0   66.285   57.468    399.5    925.8
     3     1    20     1    12    14     0     2    14.0   64.456   61.757   1244.8    825.0
     1     1    20     1    12    15     0     3    15.0   65.322   53.597     16.0    967.9
     2     1    20     1    12    15     0     3    15.0   66.820   57.884    429.7    919.8
     3     1    20     1    12    15     0     3    15.0   64.676   62.641   1265.4    826.1
     1     1    20     1    12    16     0     2    16.0   65.527   53.662     13.2    967.0
     2     1    20     1    12    16     0     2    16.0   67.343   58.371    443.5    916.6
     3     1    20     1    12    16     0     2    16.0   64.953   63.494   1279.9    828.9
     1     1    20     1    12    17     0     1    17.0   65.721   53.727     11.2    966.1
     2     1    20     1    12    17     0     1    17.0   67.817   58.894    458.8    908.0
     3     1    20     1    12    17     0     1    17.0   65.298   64.340   1352.0    825.7
     1     1    20     1    12    18     0     0    18.0   65.902   53.790      9.9    965.4
     2     1    20     1    12    18     0     0    18.0   68.263   59.405    448.4    913.9
     3     1    20     1    12    18     0     0    18.0   65.686   65.197   1420.9    823.8
     1     1    20     1    12    19     0     1    19.0   66.071   53.850      9.4    963.9
     2     1    20     1    12    19     0     1    19.0   68.675   59.803    450.7    920.3
     3     1    20     1    12    19     0     1    19.0   66.112   66.077   1481.1    810.5
     1     1    20     1    12    20     0     2    20.0   66.242   53.904      9.8    962.6
     2     1    20     1    12    20     0     2    20.0   69.044   60.111    488.4    918.7
     3     1    20     1    12    20     0     2    20.0   66.535   67.010   1461.0    806.9
     1     1    20     1    12    21     0     3    21.0   66.412   53.947     10.9    961.0
     2     1    20     1    12    21     0     3    21.0   69.382   60.393    540.1    911.6
     3     1    20     1    12    21     0     3    21.0   67.001   68.008   1356.7    826.8
     1     1    20     1    12    22     0     2    22.0   66.578   54.005     13.1    960.4
     2     1    20     1    12    22     0     2    22.0   69.694   60.683    602.8    904.3
     3     1    20     1    12    22     0     2    22.0   67.484   69.009   1322.0    833.8
     1     1    20     1    12    23     0     1    23.0   66.736   54.114     17.1    959.5
     2     1    20     1    12    23     0     1    23.0   69.969   60.976    686.4    893.5
     3     1    20     1    12    23     0     1    23.0   67.918   70.086   1416.2    821.2
     1     1    20     1    13     0     0     0    24.0   66.884   54.289     24.1    957.8
     2     1    20     1    13     0     0     0    24.0   70.195   61.164    770.3    882.8
     3     1    20     1    13     0     0     0    24.0   68.313   71.168   1546.7    804.9
