     5     1
    GDAS    20     8    22     0     0
    GDAS    20     8    29     0     0
    GDAS    20     9     1     0     0
    GDAS    20     9     8     0     0
    GDAS    20     9    15     0     0
     3 FORWARD  OMEGA   
    20     8    29     0   62.085   49.588   100.0
    20     8    29     0   62.085   49.588   500.0
    20     8    29     0   62.085   49.588  1000.0
     1 PRESSURE
     1     1    20     8    29     0     0     0     0.0   62.085   49.588    100.0    988.2
     2     1    20     8    29     0     0     0     0.0   62.085   49.588    500.0    941.9
     3     1    20     8    29     0     0     0     0.0   62.085   49.588   1000.0    887.2
     1     1    20     8    29     1     0     1     1.0   62.036   49.126    120.7    985.7
     2     1    20     8    29     1     0     1     1.0   62.163   48.779    505.8    938.0
     3     1    20     8    29     1     0     1     1.0   62.209   48.831    975.7    888.0
     1     1    20     8    29     2     0     2     2.0   61.989   48.583    144.2    978.6
     2     1    20     8    29     2     0     2     2.0   62.247   47.904    494.5    934.8
     3     1    20     8    29     2     0     2     2.0   62.350   48.055    961.0    885.1
     1     1    20     8    29     3     0     3     3.0   61.957   47.978    148.7    973.3
     2     1    20     8    29     3     0     3     3.0   62.342   47.014    479.2    936.7
     3     1    20     8    29     3     0     3     3.0   62.503   47.271    953.8    885.1
     1     1    20     8    29     4     0     2     4.0   61.938   47.369    152.1    973.0
     2     1    20     8    29     4     0     2     4.0   62.453   46.160    487.9    939.0
     3     1    20     8    29     4     0     2     4.0   62.674   46.480    939.1    888.6
     1     1    20     8    29     5     0     1     5.0   61.923   46.784    154.4    973.6
     2     1    20     8    29     5     0     1     5.0   62.580   45.353    510.8    937.7
     3     1    20     8    29     5     0     1     5.0   62.880   45.635    959.5    885.6
     1     1    20     8    29     6     0     0     6.0   61.917   46.247    142.7    978.1
     2     1    20     8    29     6     0     0     6.0   62.722   44.562    509.1    935.5
     3     1    20     8    29     6     0     0     6.0   63.138   44.709   1006.2    880.2
     1     1    20     8    29     7     0     1     7.0   61.923   45.774    123.1    984.6
     2     1    20     8    29     7     0     1     7.0   62.885   43.751    474.4    938.3
     3     1    20     8    29     7     0     1     7.0   63.417   43.925   1063.3    875.3
     1     1    20     8    29     8     0     2     8.0   61.934   45.370    113.9    990.1
     2     1    20     8    29     8     0     2     8.0   63.052   42.967    471.7    944.8
     3     1    20     8    29     8     0     2     8.0   63.686   43.165   1099.7    874.8
     1     1    20     8    29     9     0     3     9.0   61.952   44.990    122.8    993.0
     2     1    20     8    29     9     0     3     9.0   63.230   42.244    510.4    946.0
     3     1    20     8    29     9     0     3     9.0   63.959   42.277   1281.5    869.7
     1     1    20     8    29    10     0     2    10.0   61.985   44.610    137.1    987.5
     2     1    20     8    29    10     0     2    10.0   63.411   41.553    571.4    938.1
     3     1    20     8    29    10     0     2    10.0   64.273   41.489   1815.9    799.5
     1     1    20     8    29    11     0     1    11.0   62.034   44.246    143.4    982.9
     2     1    20     8    29    11     0     1    11.0   63.652   40.849    691.5    918.7
     3     1    20     8    29    11     0     1    11.0   64.616   41.053   2133.8    769.0
     1     1    20     8    29    12     0     0    12.0   62.099   43.903    142.1    980.0
     2     1    20     8    29    12     0     0    12.0   63.974   40.253    865.1    901.7
     3     1    20     8    29    12     0     0    12.0   65.037   40.681   2405.7    751.2
     1     1    20     8    29    13     0     1    13.0   62.184   43.570    135.7    980.9
     2     1    20     8    29    13     0     1    13.0   64.302   39.777   1062.7    878.7
     3     1    20     8    29    13     0     1    13.0   65.431   40.424   2666.1    722.3
     1     1    20     8    29    14     0     2    14.0   62.293   43.238    128.1    982.3
     2     1    20     8    29    14     0     2    14.0   64.568   39.312   1304.2    861.2
     3     1    20     8    29    14     0     2    14.0   65.741   40.293   2882.4    707.4
     1     1    20     8    29    15     0     3    15.0   62.422   42.912    120.6    983.6
     2     1    20     8    29    15     0     3    15.0   64.799   38.887   1665.7    827.5
     3     1    20     8    29    15     0     3    15.0   66.010   40.164   3108.3    690.2
     1     1    20     8    29    16     0     2    16.0   62.563   42.623    117.2    985.1
     2     1    20     8    29    16     0     2    16.0   64.946   38.597   2016.6    781.1
     3     1    20     8    29    16     0     2    16.0   66.270   40.067   3335.5    665.3
     1     1    20     8    29    17     0     1    17.0   62.716   42.381    121.1    986.1
     2     1    20     8    29    17     0     1    17.0   65.010   38.359   2225.4    759.5
     3     1    20     8    29    17     0     1    17.0   66.513   40.062   3578.6    638.3
     1     1    20     8    29    18     0     0    18.0   62.880   42.161    128.7    988.0
     2     1    20     8    29    18     0     0    18.0   65.021   38.128   2321.4    756.0
     3     1    20     8    29    18     0     0    18.0   66.697   40.014   3781.7    617.2
     1     1    20     8    29    19     0     1    19.0   63.041   41.981    139.4    989.9
     2     1    20     8    29    19     0     1    19.0   65.003   37.898   2365.1    751.8
     3     1    20     8    29    19     0     1    19.0   66.841   39.913   3929.4    602.4
     1     1    20     8    29    20     0     2    20.0   63.187   41.885    157.9    987.1
     2     1    20     8    29    20     0     2    20.0   64.949   37.686   2363.6    749.9
     3     1    20     8    29    20     0     2    20.0   66.984   39.805   4010.6    593.4
     1     1    20     8    29    21     0     3    21.0   63.330   41.871    190.0    983.3
     2     1    20     8    29    21     0     3    21.0   64.850   37.528   2318.0    753.6
     3     1    20     8    29    21     0     3    21.0   67.133   39.686   4031.9    592.6
     1     1    20     8    29    22     0     2    22.0   63.473   41.946    229.6    978.5
     2     1    20     8    29    22     0     2    22.0   64.717   37.477   2246.7    761.8
     3     1    20     8    29    22     0     2    22.0   67.300   39.547   4034.9    595.9
     1     1    20     8    29    23     0     1    23.0   63.613   42.129    271.8    972.9
     2     1    20     8    29    23     0     1    23.0   64.582   37.568   2177.4    769.9
     3     1    20     8    29    23     0     1    23.0   67.510   39.389   4079.8    593.7
     1     1    20     8    30     0     0     0    24.0   63.747   42.423    331.6    964.2
     2     1    20     8    30     0     0     0    24.0   64.452   37.797   2108.5    777.0
     3     1    20     8    30     0     0     0    24.0   67.771   39.201   4186.2    585.3
