     5     1
    GDAS    20     7    15     0     0
    GDAS    20     7    22     0     0
    GDAS    20     7    29     0     0
    GDAS    20     8     1     0     0
    GDAS    20     8     8     0     0
     3 FORWARD  OMEGA   
    20     7    22     0   62.085   49.588   100.0
    20     7    22     0   62.085   49.588   500.0
    20     7    22     0   62.085   49.588  1000.0
     1 PRESSURE
     1     1    20     7    22     0     0     0     0.0   62.085   49.588    100.0    985.3
     2     1    20     7    22     0     0     0     0.0   62.085   49.588    500.0    940.3
     3     1    20     7    22     0     0     0     0.0   62.085   49.588   1000.0    886.2
     1     1    20     7    22     1     0     1     1.0   62.201   49.219    103.3    982.7
     2     1    20     7    22     1     0     1     1.0   62.377   49.177    502.9    935.0
     3     1    20     7    22     1     0     1     1.0   62.402   49.268   1012.0    879.8
     1     1    20     7    22     2     0     2     2.0   62.319   48.845    106.0    979.5
     2     1    20     7    22     2     0     2     2.0   62.657   48.722    495.5    931.9
     3     1    20     7    22     2     0     2     2.0   62.726   48.856   1007.1    875.7
     1     1    20     7    22     3     0     3     3.0   62.440   48.472    106.0    977.1
     2     1    20     7    22     3     0     3     3.0   62.926   48.238    484.7    933.3
     3     1    20     7    22     3     0     3     3.0   63.069   48.419   1005.6    877.1
     1     1    20     7    22     4     0     2     4.0   62.568   48.096    100.1    977.1
     2     1    20     7    22     4     0     2     4.0   63.181   47.734    470.3    936.1
     3     1    20     7    22     4     0     2     4.0   63.423   47.960   1011.4    878.2
     1     1    20     7    22     5     0     1     5.0   62.707   47.709     87.8    978.7
     2     1    20     7    22     5     0     1     5.0   63.424   47.214    446.6    940.3
     3     1    20     7    22     5     0     1     5.0   63.774   47.456    996.3    880.4
     1     1    20     7    22     6     0     0     6.0   62.853   47.313     72.0    980.4
     2     1    20     7    22     6     0     0     6.0   63.661   46.691    413.0    944.9
     3     1    20     7    22     6     0     0     6.0   64.109   46.935    951.2    888.9
     1     1    20     7    22     7     0     1     7.0   63.002   46.918     55.8    980.8
     2     1    20     7    22     7     0     1     7.0   63.896   46.186    374.4    947.4
     3     1    20     7    22     7     0     1     7.0   64.421   46.426    911.7    893.6
     1     1    20     7    22     8     0     2     8.0   63.149   46.539     44.0    982.6
     2     1    20     7    22     8     0     2     8.0   64.133   45.711    336.7    952.6
     3     1    20     7    22     8     0     2     8.0   64.715   45.936    914.8    895.3
     1     1    20     7    22     9     0     3     9.0   63.298   46.174     37.2    983.0
     2     1    20     7    22     9     0     3     9.0   64.372   45.258    297.9    959.2
     3     1    20     7    22     9     0     3     9.0   65.000   45.455    922.7    891.8
     1     1    20     7    22    10     0     2    10.0   63.452   45.820     31.9    982.9
     2     1    20     7    22    10     0     2    10.0   64.603   44.811    259.1    966.1
     3     1    20     7    22    10     0     2    10.0   65.277   44.965    889.2    895.0
     1     1    20     7    22    11     0     1    11.0   63.609   45.469     25.8    984.4
     2     1    20     7    22    11     0     1    11.0   64.812   44.374    230.3    973.8
     3     1    20     7    22    11     0     1    11.0   65.545   44.465    847.9    907.2
     1     1    20     7    22    12     0     0    12.0   63.762   45.115     19.3    987.2
     2     1    20     7    22    12     0     0    12.0   65.003   43.954    205.9    979.5
     3     1    20     7    22    12     0     0    12.0   65.815   43.970    829.3    912.8
     1     1    20     7    22    13     0     1    13.0   63.899   44.788     16.0    989.4
     2     1    20     7    22    13     0     1    13.0   65.188   43.518    185.0    978.8
     3     1    20     7    22    13     0     1    13.0   66.100   43.462    807.0    912.3
     1     1    20     7    22    14     0     2    14.0   64.016   44.511     18.1    989.9
     2     1    20     7    22    14     0     2    14.0   65.381   43.046    189.9    976.7
     3     1    20     7    22    14     0     2    14.0   66.389   42.922    784.3    917.0
     1     1    20     7    22    15     0     3    15.0   64.128   44.262     26.3    989.5
     2     1    20     7    22    15     0     3    15.0   65.586   42.551    207.5    973.2
     3     1    20     7    22    15     0     3    15.0   66.679   42.361    772.2    916.4
     1     1    20     7    22    16     0     2    16.0   64.250   43.986     36.6    989.9
     2     1    20     7    22    16     0     2    16.0   65.785   42.041    205.5    974.7
     3     1    20     7    22    16     0     2    16.0   66.966   41.795    775.5    915.2
     1     1    20     7    22    17     0     1    17.0   64.380   43.666     43.9    988.9
     2     1    20     7    22    17     0     1    17.0   65.959   41.485    170.6    979.5
     3     1    20     7    22    17     0     1    17.0   67.254   41.223    812.4    905.0
     1     1    20     7    22    18     0     0    18.0   64.517   43.324     53.2    987.8
     2     1    20     7    22    18     0     0    18.0   66.075   40.896    124.6    986.3
     3     1    20     7    22    18     0     0    18.0   67.560   40.634    844.4    897.3
     1     1    20     7    22    19     0     1    19.0   64.660   42.940     74.3    984.4
     2     1    20     7    22    19     0     1    19.0   66.161   40.300    101.7    988.2
     3     1    20     7    22    19     0     1    19.0   67.874   40.003    802.8    896.8
     1     1    20     7    22    20     0     2    20.0   64.814   42.485    102.5    979.0
     2     1    20     7    22    20     0     2    20.0   66.257   39.665    104.2    982.6
     3     1    20     7    22    20     0     2    20.0   68.181   39.362    742.4    909.2
     1     1    20     7    22    21     0     3    21.0   64.977   41.954    121.4    974.3
     2     1    20     7    22    21     0     3    21.0   66.330   38.943    124.3    978.1
     3     1    20     7    22    21     0     3    21.0   68.489   38.752    733.6    908.6
     1     1    20     7    22    22     0     2    22.0   65.150   41.373    121.8    974.6
     2     1    20     7    22    22     0     2    22.0   66.407   38.122    125.6    973.7
     3     1    20     7    22    22     0     2    22.0   68.788   38.144    732.7    914.3
     1     1    20     7    22    23     0     1    23.0   65.323   40.788     96.7    981.8
     2     1    20     7    22    23     0     1    23.0   66.500   37.288    112.7    976.2
     3     1    20     7    22    23     0     1    23.0   69.069   37.527    725.9    921.2
     1     1    20     7    23     0     0     0    24.0   65.493   40.160     71.4    990.6
     2     1    20     7    23     0     0     0    24.0   66.608   36.415    120.9    973.5
     3     1    20     7    23     0     0     0    24.0   69.328   36.923    686.4    925.1
