     5     1
    GDAS    20     8    15     0     0
    GDAS    20     8    22     0     0
    GDAS    20     8    29     0     0
    GDAS    20     9     1     0     0
    GDAS    20     9     8     0     0
     3 FORWARD  OMEGA   
    20     8    24     0   62.085   49.588   100.0
    20     8    24     0   62.085   49.588   500.0
    20     8    24     0   62.085   49.588  1000.0
     1 PRESSURE
     1     1    20     8    24     0     0     0     0.0   62.085   49.588    100.0    982.6
     2     1    20     8    24     0     0     0     0.0   62.085   49.588    500.0    938.5
     3     1    20     8    24     0     0     0     0.0   62.085   49.588   1000.0    884.9
     1     1    20     8    24     1     0     1     1.0   62.197   49.583    103.9    980.2
     2     1    20     8    24     1     0     1     1.0   62.177   49.850    518.6    933.3
     3     1    20     8    24     1     0     1     1.0   62.131   50.171   1058.3    872.3
     1     1    20     8    24     2     0     2     2.0   62.335   49.654     99.4    978.9
     2     1    20     8    24     2     0     2     2.0   62.285   50.189    501.4    935.0
     3     1    20     8    24     2     0     2     2.0   62.183   50.737   1067.6    873.0
     1     1    20     8    24     3     0     3     3.0   62.496   49.783     89.1    978.9
     2     1    20     8    24     3     0     3     3.0   62.428   50.584    503.9    935.1
     3     1    20     8    24     3     0     3     3.0   62.250   51.304   1133.5    869.2
     1     1    20     8    24     4     0     2     4.0   62.660   49.935     79.3    980.0
     2     1    20     8    24     4     0     2     4.0   62.584   51.035    533.6    927.4
     3     1    20     8    24     4     0     2     4.0   62.302   51.877   1246.0    851.6
     1     1    20     8    24     5     0     1     5.0   62.809   50.099     72.8    980.1
     2     1    20     8    24     5     0     1     5.0   62.739   51.529    550.2    923.6
     3     1    20     8    24     5     0     1     5.0   62.350   52.435   1324.4    840.4
     1     1    20     8    24     6     0     0     6.0   62.949   50.283     70.0    979.7
     2     1    20     8    24     6     0     0     6.0   62.909   52.049    504.0    924.7
     3     1    20     8    24     6     0     0     6.0   62.433   53.006   1407.2    835.8
     1     1    20     8    24     7     0     1     7.0   63.083   50.484     69.3    978.6
     2     1    20     8    24     7     0     1     7.0   63.079   52.512    433.5    936.4
     3     1    20     8    24     7     0     1     7.0   62.534   53.581   1490.2    820.3
     1     1    20     8    24     8     0     2     8.0   63.206   50.695     69.8    977.6
     2     1    20     8    24     8     0     2     8.0   63.248   52.943    395.7    938.7
     3     1    20     8    24     8     0     2     8.0   62.619   54.155   1526.5    818.7
     1     1    20     8    24     9     0     3     9.0   63.309   50.916     71.4    976.5
     2     1    20     8    24     9     0     3     9.0   63.442   53.347    386.3    941.8
     3     1    20     8    24     9     0     3     9.0   62.702   54.764   1559.5    816.8
     1     1    20     8    24    10     0     2    10.0   63.401   51.140     76.5    975.1
     2     1    20     8    24    10     0     2    10.0   63.649   53.710    386.4    941.4
     3     1    20     8    24    10     0     2    10.0   62.780   55.363   1569.2    811.1
     1     1    20     8    24    11     0     1    11.0   63.493   51.368     87.7    972.2
     2     1    20     8    24    11     0     1    11.0   63.854   54.026    377.0    942.9
     3     1    20     8    24    11     0     1    11.0   62.861   55.888   1521.5    820.7
     1     1    20     8    24    12     0     0    12.0   63.582   51.608    104.3    969.0
     2     1    20     8    24    12     0     0    12.0   64.062   54.307    367.2    944.9
     3     1    20     8    24    12     0     0    12.0   62.977   56.362   1500.6    829.2
     1     1    20     8    24    13     0     1    13.0   63.674   51.869    128.5    965.3
     2     1    20     8    24    13     0     1    13.0   64.272   54.585    356.4    944.9
     3     1    20     8    24    13     0     1    13.0   63.111   56.821   1547.3    822.3
     1     1    20     8    24    14     0     2    14.0   63.782   52.163    163.1    961.0
     2     1    20     8    24    14     0     2    14.0   64.475   54.867    330.8    946.2
     3     1    20     8    24    14     0     2    14.0   63.215   57.282   1605.2    810.9
     1     1    20     8    24    15     0     3    15.0   63.907   52.516    198.7    957.6
     2     1    20     8    24    15     0     3    15.0   64.666   55.135    295.0    950.5
     3     1    20     8    24    15     0     3    15.0   63.302   57.755   1671.2    801.3
     1     1    20     8    24    16     0     2    16.0   64.032   52.917    199.8    957.5
     2     1    20     8    24    16     0     2    16.0   64.856   55.377    271.8    956.5
     3     1    20     8    24    16     0     2    16.0   63.382   58.205   1767.1    785.1
     1     1    20     8    24    17     0     1    17.0   64.150   53.293    173.3    965.4
     2     1    20     8    24    17     0     1    17.0   65.049   55.589    266.8    957.9
     3     1    20     8    24    17     0     1    17.0   63.439   58.599   1903.5    768.5
     1     1    20     8    24    18     0     0    18.0   64.259   53.658    168.4    968.3
     2     1    20     8    24    18     0     0    18.0   65.240   55.768    262.1    959.1
     3     1    20     8    24    18     0     0    18.0   63.477   58.973   2153.1    744.2
     1     1    20     8    24    19     0     1    19.0   64.363   54.044    200.5    964.8
     2     1    20     8    24    19     0     1    19.0   65.430   55.910    243.1    960.9
     3     1    20     8    24    19     0     1    19.0   63.492   59.345   2394.9    709.0
     1     1    20     8    24    20     0     2    20.0   64.462   54.427    247.0    955.7
     2     1    20     8    24    20     0     2    20.0   65.623   56.007    204.7    965.6
     3     1    20     8    24    20     0     2    20.0   63.499   59.683   2497.4    709.1
     1     1    20     8    24    21     0     3    21.0   64.558   54.798    281.0    949.8
     2     1    20     8    24    21     0     3    21.0   65.806   56.058    154.9    971.1
     3     1    20     8    24    21     0     3    21.0   63.509   60.001   2548.6    710.2
     1     1    20     8    24    22     0     2    22.0   64.663   55.135    305.5    947.7
     2     1    20     8    24    22     0     2    22.0   65.973   56.068    114.8    977.3
     3     1    20     8    24    22     0     2    22.0   63.529   60.292   2571.5    712.0
     1     1    20     8    24    23     0     1    23.0   64.777   55.393    341.8    946.8
     2     1    20     8    24    23     0     1    23.0   66.135   56.038     93.7    979.6
     3     1    20     8    24    23     0     1    23.0   63.558   60.554   2554.8    717.5
     1     1    20     8    25     0     0     0    24.0   64.895   55.566    417.8    941.9
     2     1    20     8    25     0     0     0    24.0   66.301   55.976     88.2    979.5
     3     1    20     8    25     0     0     0    24.0   63.597   60.811   2490.9    727.5
