     5     1
    GDAS    20     2     8     0     0
    GDAS    20     2    15     0     0
    GDAS    20     2    29     0     0
    GDAS    20     3     1     0     0
    GDAS    20     3     8     0     0
     3 FORWARD  OMEGA   
    20     2    21     0   62.085   49.588   100.0
    20     2    21     0   62.085   49.588   500.0
    20     2    21     0   62.085   49.588  1000.0
     1 PRESSURE
     1     1    20     2    21     0     0     0     0.0   62.085   49.588    100.0    989.5
     2     1    20     2    21     0     0     0     0.0   62.085   49.588    500.0    939.9
     3     1    20     2    21     0     0     0     0.0   62.085   49.588   1000.0    881.8
     1     1    20     2    21     1     0     1     1.0   61.961   49.629    110.9    988.9
     2     1    20     2    21     1     0     1     1.0   61.927   49.676    517.5    938.0
     3     1    20     2    21     1     0     1     1.0   61.947   49.827    993.1    883.3
     1     1    20     2    21     2     0     2     2.0   61.842   49.668    118.6    987.2
     2     1    20     2    21     2     0     2     2.0   61.770   49.758    524.8    936.3
     3     1    20     2    21     2     0     2     2.0   61.801   50.037    987.8    883.5
     1     1    20     2    21     3     0     3     3.0   61.729   49.700    122.4    986.4
     2     1    20     2    21     3     0     3     3.0   61.612   49.819    525.2    936.0
     3     1    20     2    21     3     0     3     3.0   61.647   50.208    988.9    881.9
     1     1    20     2    21     4     0     2     4.0   61.627   49.734    123.7    986.1
     2     1    20     2    21     4     0     2     4.0   61.466   49.879    522.0    935.9
     3     1    20     2    21     4     0     2     4.0   61.503   50.368    989.9    880.1
     1     1    20     2    21     5     0     1     5.0   61.541   49.782    123.7    986.2
     2     1    20     2    21     5     0     1     5.0   61.344   49.958    516.0    936.3
     3     1    20     2    21     5     0     1     5.0   61.385   50.541    985.2    880.3
     1     1    20     2    21     6     0     0     6.0   61.471   49.840    123.5    986.3
     2     1    20     2    21     6     0     0     6.0   61.244   50.049    508.0    937.1
     3     1    20     2    21     6     0     0     6.0   61.284   50.717    979.1    881.3
     1     1    20     2    21     7     0     1     7.0   61.417   49.911    123.3    986.2
     2     1    20     2    21     7     0     1     7.0   61.166   50.159    500.8    937.7
     3     1    20     2    21     7     0     1     7.0   61.198   50.909    968.0    881.6
     1     1    20     2    21     8     0     2     8.0   61.382   49.990    123.2    986.3
     2     1    20     2    21     8     0     2     8.0   61.109   50.295    494.6    938.0
     3     1    20     2    21     8     0     2     8.0   61.124   51.131    942.1    884.5
     1     1    20     2    21     9     0     3     9.0   61.363   50.071    123.2    986.3
     2     1    20     2    21     9     0     3     9.0   61.070   50.453    484.9    938.8
     3     1    20     2    21     9     0     3     9.0   61.059   51.373    903.1    889.8
     1     1    20     2    21    10     0     2    10.0   61.362   50.167    122.2    986.3
     2     1    20     2    21    10     0     2    10.0   61.052   50.647    473.6    941.1
     3     1    20     2    21    10     0     2    10.0   61.010   51.649    871.4    895.4
     1     1    20     2    21    11     0     1    11.0   61.378   50.290    120.1    986.7
     2     1    20     2    21    11     0     1    11.0   61.054   50.892    467.9    942.6
     3     1    20     2    21    11     0     1    11.0   60.981   51.968    858.8    896.8
     1     1    20     2    21    12     0     0    12.0   61.410   50.441    117.9    986.9
     2     1    20     2    21    12     0     0    12.0   61.075   51.182    473.6    942.6
     3     1    20     2    21    12     0     0    12.0   60.974   52.316    856.1    894.6
     1     1    20     2    21    13     0     1    13.0   61.456   50.607    117.3    986.9
     2     1    20     2    21    13     0     1    13.0   61.105   51.490    480.3    940.3
     3     1    20     2    21    13     0     1    13.0   60.972   52.670    840.3    892.2
     1     1    20     2    21    14     0     2    14.0   61.517   50.773    119.4    986.5
     2     1    20     2    21    14     0     2    14.0   61.135   51.786    475.5    940.9
     3     1    20     2    21    14     0     2    14.0   60.965   53.013    790.6    895.3
     1     1    20     2    21    15     0     3    15.0   61.598   50.938    125.2    985.6
     2     1    20     2    21    15     0     3    15.0   61.165   52.073    456.9    942.7
     3     1    20     2    21    15     0     3    15.0   60.956   53.347    719.2    907.9
     1     1    20     2    21    16     0     2    16.0   61.699   51.109    131.6    984.2
     2     1    20     2    21    16     0     2    16.0   61.208   52.354    428.8    945.5
     3     1    20     2    21    16     0     2    16.0   60.963   53.669    658.3    920.3
     1     1    20     2    21    17     0     1    17.0   61.817   51.292    134.1    983.8
     2     1    20     2    21    17     0     1    17.0   61.280   52.636    402.1    948.5
     3     1    20     2    21    17     0     1    17.0   61.002   53.978    625.2    926.6
     1     1    20     2    21    18     0     0    18.0   61.952   51.489    132.8    984.0
     2     1    20     2    21    18     0     0    18.0   61.376   52.922    385.9    950.5
     3     1    20     2    21    18     0     0    18.0   61.070   54.273    609.2    927.6
     1     1    20     2    21    19     0     1    19.0   62.098   51.714    129.8    984.2
     2     1    20     2    21    19     0     1    19.0   61.491   53.232    376.9    950.9
     3     1    20     2    21    19     0     1    19.0   61.155   54.583    590.6    928.1
     1     1    20     2    21    20     0     2    20.0   62.251   51.978    127.6    984.2
     2     1    20     2    21    20     0     2    20.0   61.623   53.581    356.9    951.7
     3     1    20     2    21    20     0     2    20.0   61.256   54.936    565.5    932.1
     1     1    20     2    21    21     0     3    21.0   62.416   52.277    130.0    982.9
     2     1    20     2    21    21     0     3    21.0   61.777   53.971    306.4    954.1
     3     1    20     2    21    21     0     3    21.0   61.373   55.344    546.7    933.1
