     5     1
    GDAS    20     4    29     0     0
    GDAS    20     5     1     0     0
    GDAS    20     5     8     0     0
    GDAS    20     5    15     0     0
    GDAS    20     5    22     0     0
     3 FORWARD  OMEGA   
    20     5     4     0   62.085   49.588   100.0
    20     5     4     0   62.085   49.588   500.0
    20     5     4     0   62.085   49.588  1000.0
     1 PRESSURE
     1     1    20     5     4     0     0     0     0.0   62.085   49.588    100.0    992.2
     2     1    20     5     4     0     0     0     0.0   62.085   49.588    500.0    945.0
     3     1    20     5     4     0     0     0     0.0   62.085   49.588   1000.0    889.6
     1     1    20     5     4     1     0     1     1.0   62.261   49.634     96.7    990.2
     2     1    20     5     4     1     0     1     1.0   62.342   50.072    515.5    941.8
     3     1    20     5     4     1     0     1     1.0   62.276   50.084   1023.6    886.9
     1     1    20     5     4     2     0     2     2.0   62.453   49.647     94.3    987.7
     2     1    20     5     4     2     0     2     2.0   62.630   50.458    528.6    934.7
     3     1    20     5     4     2     0     2     2.0   62.498   50.552   1043.5    876.8
     1     1    20     5     4     3     0     3     3.0   62.663   49.641     92.3    984.8
     2     1    20     5     4     3     0     3     3.0   62.952   50.781    515.7    933.1
     3     1    20     5     4     3     0     3     3.0   62.745   51.015   1007.2    877.6
     1     1    20     5     4     4     0     2     4.0   62.892   49.644     90.5    982.0
     2     1    20     5     4     4     0     2     4.0   63.319   51.080    507.3    935.2
     3     1    20     5     4     4     0     2     4.0   63.037   51.504    966.0    888.5
     1     1    20     5     4     5     0     1     5.0   63.139   49.674     90.2    980.3
     2     1    20     5     4     5     0     1     5.0   63.745   51.423    545.4    927.8
     3     1    20     5     4     5     0     1     5.0   63.397   52.069    976.4    883.7
     1     1    20     5     4     6     0     0     6.0   63.400   49.743     94.9    978.8
     2     1    20     5     4     6     0     0     6.0   64.248   51.844    620.2    918.5
     3     1    20     5     4     6     0     0     6.0   63.795   52.704    976.9    877.2
     1     1    20     5     4     7     0     1     7.0   63.660   49.878    104.7    975.8
     2     1    20     5     4     7     0     1     7.0   64.770   52.279    715.3    914.8
     3     1    20     5     4     7     0     1     7.0   64.221   53.372    997.7    888.5
     1     1    20     5     4     8     0     2     8.0   63.905   50.096    117.4    972.1
     2     1    20     5     4     8     0     2     8.0   65.240   52.776    798.0    904.5
     3     1    20     5     4     8     0     2     8.0   64.656   54.122   1163.4    874.7
     1     1    20     5     4     9     0     3     9.0   64.139   50.409    130.8    969.6
     2     1    20     5     4     9     0     3     9.0   65.718   53.280    861.6    900.0
     3     1    20     5     4     9     0     3     9.0   65.074   55.047   1373.0    837.9
     1     1    20     5     4    10     0     2    10.0   64.359   50.779    137.0    970.4
     2     1    20     5     4    10     0     2    10.0   66.198   53.788    914.1    893.8
     3     1    20     5     4    10     0     2    10.0   65.424   55.854   1424.3    838.2
     1     1    20     5     4    11     0     1    11.0   64.548   51.151    128.9    974.0
     2     1    20     5     4    11     0     1    11.0   66.602   54.297    982.6    887.0
     3     1    20     5     4    11     0     1    11.0   65.723   56.612   1468.3    839.3
     1     1    20     5     4    12     0     0    12.0   64.700   51.515    118.8    978.3
     2     1    20     5     4    12     0     0    12.0   66.954   54.875   1157.4    869.1
     3     1    20     5     4    12     0     0    12.0   66.009   57.429   1743.3    804.8
     1     1    20     5     4    13     0     1    13.0   64.830   51.871    105.4    983.0
     2     1    20     5     4    13     0     1    13.0   67.265   55.523   1362.9    842.9
     3     1    20     5     4    13     0     1    13.0   66.277   58.170   1848.2    795.2
     1     1    20     5     4    14     0     2    14.0   64.946   52.203     85.0    987.8
     2     1    20     5     4    14     0     2    14.0   67.555   56.160   1460.4    833.7
     3     1    20     5     4    14     0     2    14.0   66.481   58.910   1896.5    787.3
     1     1    20     5     4    15     0     3    15.0   65.033   52.522     65.4    990.2
     2     1    20     5     4    15     0     3    15.0   67.857   56.835   1595.3    819.5
     3     1    20     5     4    15     0     3    15.0   66.671   59.737   1909.7    789.4
     1     1    20     5     4    16     0     2    16.0   65.099   52.838     49.9    992.5
     2     1    20     5     4    16     0     2    16.0   68.182   57.623   1759.9    803.1
     3     1    20     5     4    16     0     2    16.0   66.853   60.579   1930.5    786.2
     1     1    20     5     4    17     0     1    17.0   65.156   53.125     36.5    995.1
     2     1    20     5     4    17     0     1    17.0   68.489   58.416   1888.3    790.2
     3     1    20     5     4    17     0     1    17.0   67.036   61.327   1929.9    787.9
     1     1    20     5     4    18     0     0    18.0   65.213   53.361     26.8    997.3
     2     1    20     5     4    18     0     0    18.0   68.795   59.250   1963.2    787.7
     3     1    20     5     4    18     0     0    18.0   67.200   62.089   1963.8    782.7
     1     1    20     5     4    19     0     1    19.0   65.268   53.564     22.0    997.9
     2     1    20     5     4    19     0     1    19.0   69.104   60.098   2089.6    776.4
     3     1    20     5     4    19     0     1    19.0   67.349   62.895   1996.0    775.7
     1     1    20     5     4    20     0     2    20.0   65.318   53.756     21.8    997.7
     2     1    20     5     4    20     0     2    20.0   69.381   60.933   2239.4    761.9
     3     1    20     5     4    20     0     2    20.0   67.505   63.688   2008.1    771.7
     1     1    20     5     4    21     0     3    21.0   65.362   53.953     24.1    997.2
     2     1    20     5     4    21     0     3    21.0   69.610   61.856   2389.2    738.2
     3     1    20     5     4    21     0     3    21.0   67.652   64.458   2056.4    759.7
     1     1    20     5     4    22     0     2    22.0   65.397   54.168     27.8    996.8
     2     1    20     5     4    22     0     2    22.0   69.824   62.849   2485.8    732.6
     3     1    20     5     4    22     0     2    22.0   67.787   65.318   2125.6    745.0
     1     1    20     5     4    23     0     1    23.0   65.419   54.411     31.2    996.2
     2     1    20     5     4    23     0     1    23.0   70.057   63.788   2581.5    726.7
     3     1    20     5     4    23     0     1    23.0   67.907   66.323   2178.8    732.4
     1     1    20     5     5     0     0     0    24.0   65.431   54.675     32.9    995.6
     2     1    20     5     5     0     0     0    24.0   70.267   64.701   2644.1    721.8
     3     1    20     5     5     0     0     0    24.0   68.018   67.331   2366.8    733.0
