     5     1
    GDAS    20     1    15     0     0
    GDAS    20     1    22     0     0
    GDAS    20     1    29     0     0
    GDAS    20     2     1     0     0
    GDAS    20     2     8     0     0
     3 FORWARD  OMEGA   
    20     1    26     0   62.085   49.588   100.0
    20     1    26     0   62.085   49.588   500.0
    20     1    26     0   62.085   49.588  1000.0
     1 PRESSURE
     1     1    20     1    26     0     0     0     0.0   62.085   49.588    100.0    964.7
     2     1    20     1    26     0     0     0     0.0   62.085   49.588    500.0    914.8
     3     1    20     1    26     0     0     0     0.0   62.085   49.588   1000.0    856.8
     1     1    20     1    26     1     0     1     1.0   62.009   49.430    116.8    963.9
     2     1    20     1    26     1     0     1     1.0   62.009   49.318    525.1    913.2
     3     1    20     1    26     1     0     1     1.0   62.005   49.366   1034.8    853.6
     1     1    20     1    26     2     0     2     2.0   61.917   49.281    134.4    961.7
     2     1    20     1    26     2     0     2     2.0   61.908   49.101    549.4    910.6
     3     1    20     1    26     2     0     2     2.0   61.902   49.189   1062.0    850.8
     1     1    20     1    26     3     0     3     3.0   61.805   49.147    153.3    959.2
     2     1    20     1    26     3     0     3     3.0   61.780   48.941    573.0    907.1
     3     1    20     1    26     3     0     3     3.0   61.773   49.067   1086.5    847.9
     1     1    20     1    26     4     0     2     4.0   61.672   49.039    174.5    956.5
     2     1    20     1    26     4     0     2     4.0   61.632   48.831    599.1    903.6
     3     1    20     1    26     4     0     2     4.0   61.624   48.994   1116.5    844.6
     1     1    20     1    26     5     0     1     5.0   61.520   48.961    198.1    953.4
     2     1    20     1    26     5     0     1     5.0   61.469   48.761    631.0    899.5
     3     1    20     1    26     5     0     1     5.0   61.460   48.957   1157.7    839.2
     1     1    20     1    26     6     0     0     6.0   61.347   48.920    223.7    949.0
     2     1    20     1    26     6     0     0     6.0   61.288   48.725    669.3    894.3
     3     1    20     1    26     6     0     0     6.0   61.277   48.937   1208.5    832.9
     1     1    20     1    26     7     0     1     7.0   61.163   48.924    246.8    944.6
     2     1    20     1    26     7     0     1     7.0   61.083   48.731    706.0    888.1
     3     1    20     1    26     7     0     1     7.0   61.073   48.942   1253.7    825.7
     1     1    20     1    26     8     0     2     8.0   60.975   48.983    263.2    941.9
     2     1    20     1    26     8     0     2     8.0   60.857   48.788    733.8    885.0
     3     1    20     1    26     8     0     2     8.0   60.846   48.996   1280.6    823.1
     1     1    20     1    26     9     0     3     9.0   60.783   49.098    274.3    941.2
     2     1    20     1    26     9     0     3     9.0   60.609   48.885    755.8    883.3
     3     1    20     1    26     9     0     3     9.0   60.602   49.095   1293.0    822.3
     1     1    20     1    26    10     0     2    10.0   60.589   49.272    284.6    940.2
     2     1    20     1    26    10     0     2    10.0   60.350   49.023    773.9    881.7
     3     1    20     1    26    10     0     2    10.0   60.354   49.232   1302.0    822.2
     1     1    20     1    26    11     0     1    11.0   60.392   49.502    298.8    937.5
     2     1    20     1    26    11     0     1    11.0   60.089   49.202    784.1    879.5
     3     1    20     1    26    11     0     1    11.0   60.103   49.393   1318.9    819.5
     1     1    20     1    26    12     0     0    12.0   60.185   49.783    320.7    933.2
     2     1    20     1    26    12     0     0    12.0   59.824   49.407    790.0    879.1
     3     1    20     1    26    12     0     0    12.0   59.840   49.575   1344.1    816.2
     1     1    20     1    26    13     0     1    13.0   59.962   50.099    348.1    927.2
     2     1    20     1    26    13     0     1    13.0   59.559   49.635    802.1    878.4
     3     1    20     1    26    13     0     1    13.0   59.568   49.799   1370.0    813.1
     1     1    20     1    26    14     0     2    14.0   59.723   50.424    369.8    926.5
     2     1    20     1    26    14     0     2    14.0   59.290   49.889    822.5    877.1
     3     1    20     1    26    14     0     2    14.0   59.299   50.066   1383.3    812.5
     1     1    20     1    26    15     0     3    15.0   59.472   50.745    385.6    927.6
     2     1    20     1    26    15     0     3    15.0   59.014   50.165    848.4    876.4
     3     1    20     1    26    15     0     3    15.0   59.037   50.346   1382.7    815.3
     1     1    20     1    26    16     0     2    16.0   59.212   51.052    394.1    927.3
     2     1    20     1    26    16     0     2    16.0   58.738   50.466    859.3    872.2
     3     1    20     1    26    16     0     2    16.0   58.774   50.653   1370.2    816.3
     1     1    20     1    26    17     0     1    17.0   58.944   51.360    395.0    927.1
     2     1    20     1    26    17     0     1    17.0   58.459   50.800    844.1    874.7
     3     1    20     1    26    17     0     1    17.0   58.503   51.006   1338.7    819.4
     1     1    20     1    26    18     0     0    18.0   58.659   51.696    392.3    924.8
     2     1    20     1    26    18     0     0    18.0   58.168   51.155    806.5    878.6
     3     1    20     1    26    18     0     0    18.0   58.219   51.378   1286.0    823.7
     1     1    20     1    26    19     0     1    19.0   58.366   52.038    391.3    923.7
     2     1    20     1    26    19     0     1    19.0   57.872   51.505    768.7    884.1
     3     1    20     1    26    19     0     1    19.0   57.926   51.750   1237.7    828.5
     1     1    20     1    26    20     0     2    20.0   58.088   52.348    396.6    925.3
     2     1    20     1    26    20     0     2    20.0   57.586   51.842    751.6    885.7
     3     1    20     1    26    20     0     2    20.0   57.633   52.129   1213.7    832.5
     1     1    20     1    26    21     0     3    21.0   57.832   52.624    406.6    927.1
     2     1    20     1    26    21     0     3    21.0   57.314   52.167    750.1    887.2
     3     1    20     1    26    21     0     3    21.0   57.341   52.509   1219.4    835.1
     1     1    20     1    26    22     0     2    22.0   57.603   52.904    412.7    927.1
     2     1    20     1    26    22     0     2    22.0   57.067   52.500    754.9    887.5
     3     1    20     1    26    22     0     2    22.0   57.064   52.893   1249.4    832.5
     1     1    20     1    26    23     0     1    23.0   57.402   53.221    406.4    927.8
     2     1    20     1    26    23     0     1    23.0   56.853   52.856    756.7    888.2
     3     1    20     1    26    23     0     1    23.0   56.819   53.294   1282.8    828.7
     1     1    20     1    27     0     0     0    24.0   57.227   53.569    401.1    929.8
     2     1    20     1    27     0     0     0    24.0   56.674   53.229    754.6    890.3
     3     1    20     1    27     0     0     0    24.0   56.602   53.710   1303.8    828.0
