     5     1
    GDAS    20     4     1     0     0
    GDAS    20     4     8     0     0
    GDAS    20     4    15     0     0
    GDAS    20     4    22     0     0
    GDAS    20     4    29     0     0
     3 FORWARD  OMEGA   
    20     4     9     0   62.085   49.588   100.0
    20     4     9     0   62.085   49.588   500.0
    20     4     9     0   62.085   49.588  1000.0
     1 PRESSURE
     1     1    20     4     9     0     0     0     0.0   62.085   49.588    100.0    981.2
     2     1    20     4     9     0     0     0     0.0   62.085   49.588    500.0    934.2
     3     1    20     4     9     0     0     0     0.0   62.085   49.588   1000.0    877.8
     1     1    20     4     9     1     0     1     1.0   62.179   49.944     85.6    982.4
     2     1    20     4     9     1     0     1     1.0   62.063   50.234    479.9    936.2
     3     1    20     4     9     1     0     1     1.0   61.933   50.253    969.7    880.4
     1     1    20     4     9     2     0     2     2.0   62.301   50.288     77.3    981.0
     2     1    20     4     9     2     0     2     2.0   62.096   50.939    487.0    930.6
     3     1    20     4     9     2     0     2     2.0   61.822   50.957    941.1    878.1
     1     1    20     4     9     3     0     3     3.0   62.460   50.642     76.7    978.2
     2     1    20     4     9     3     0     3     3.0   62.171   51.714    489.9    925.0
     3     1    20     4     9     3     0     3     3.0   61.756   51.695    913.5    881.2
     1     1    20     4     9     4     0     2     4.0   62.665   51.025     85.3    974.1
     2     1    20     4     9     4     0     2     4.0   62.305   52.531    469.3    928.4
     3     1    20     4     9     4     0     2     4.0   61.742   52.469    885.0    883.0
     1     1    20     4     9     5     0     1     5.0   62.909   51.454     98.4    970.5
     2     1    20     4     9     5     0     1     5.0   62.502   53.364    449.4    926.3
     3     1    20     4     9     5     0     1     5.0   61.776   53.291    861.5    883.1
     1     1    20     4     9     6     0     0     6.0   63.178   51.916    109.5    966.6
     2     1    20     4     9     6     0     0     6.0   62.769   54.172    398.7    933.4
     3     1    20     4     9     6     0     0     6.0   61.848   54.179    809.6    886.4
     1     1    20     4     9     7     0     1     7.0   63.450   52.427    118.4    961.6
     2     1    20     4     9     7     0     1     7.0   63.101   54.908    337.7    935.9
     3     1    20     4     9     7     0     1     7.0   61.982   55.082    795.1    894.3
     1     1    20     4     9     8     0     2     8.0   63.707   52.977     86.0    965.4
     2     1    20     4     9     8     0     2     8.0   63.450   55.574    303.5    943.4
     3     1    20     4     9     8     0     2     8.0   62.178   56.017    801.4    890.8
     1     1    20     4     9     9     0     3     9.0   63.927   53.460     41.2    973.1
     2     1    20     4     9     9     0     3     9.0   63.801   56.215    290.5    946.8
     3     1    20     4     9     9     0     3     9.0   62.441   56.969    818.5    890.6
     1     1    20     4     9    10     0     2    10.0   64.132   53.919     40.4    974.3
     2     1    20     4     9    10     0     2    10.0   64.166   56.848    305.1    949.7
     3     1    20     4     9    10     0     2    10.0   62.736   57.974    886.0    869.1
     1     1    20     4     9    11     0     1    11.0   64.348   54.404     61.7    971.1
     2     1    20     4     9    11     0     1    11.0   64.559   57.477    347.0    941.5
     3     1    20     4     9    11     0     1    11.0   63.028   59.183    945.0    845.7
     1     1    20     4     9    12     0     0    12.0   64.561   54.869     65.6    969.0
     2     1    20     4     9    12     0     0    12.0   64.997   58.024    427.5    933.9
     3     1    20     4     9    12     0     0    12.0   63.314   60.457    716.2    900.8
     1     1    20     4     9    13     0     1    13.0   64.758   55.308     54.2    970.8
     2     1    20     4     9    13     0     1    13.0   65.438   58.722    504.5    905.3
     3     1    20     4     9    13     0     1    13.0   63.645   61.378    579.0    922.9
     1     1    20     4     9    14     0     2    14.0   64.931   55.763     40.0    975.4
     2     1    20     4     9    14     0     2    14.0   65.845   59.771    534.7    903.2
     3     1    20     4     9    14     0     2    14.0   64.010   62.325    569.4    919.5
     1     1    20     4     9    15     0     3    15.0   65.072   56.253     26.9    979.0
     2     1    20     4     9    15     0     3    15.0   66.222   61.053    575.6    909.1
     3     1    20     4     9    15     0     3    15.0   64.390   63.451    582.2    915.9
     1     1    20     4     9    16     0     2    16.0   65.204   56.714     15.6    980.9
     2     1    20     4     9    16     0     2    16.0   66.531   62.297    635.8    894.5
     3     1    20     4     9    16     0     2    16.0   64.786   64.746    637.9    919.3
     1     1    20     4     9    17     0     1    17.0   65.335   57.104     10.3    981.8
     2     1    20     4     9    17     0     1    17.0   66.813   63.528    696.2    892.7
     3     1    20     4     9    17     0     1    17.0   65.180   66.116    684.7    915.6
     1     1    20     4     9    18     0     0    18.0   65.462   57.445     10.1    981.3
     2     1    20     4     9    18     0     0    18.0   67.057   64.817    886.4    854.8
     3     1    20     4     9    18     0     0    18.0   65.529   67.501    689.8    913.2
     1     1    20     4     9    19     0     1    19.0   65.579   57.791     14.0    980.5
     2     1    20     4     9    19     0     1    19.0   67.250   66.284    949.4    836.2
     3     1    20     4     9    19     0     1    19.0   65.858   68.959    727.7    910.9
     1     1    20     4     9    20     0     2    20.0   65.680   58.194     26.3    975.3
     2     1    20     4     9    20     0     2    20.0   67.532   67.678    763.2    895.7
     3     1    20     4     9    20     0     2    20.0   66.162   70.383    782.2    904.1
     1     1    20     4     9    21     0     3    21.0   65.763   58.634     41.6    968.1
     2     1    20     4     9    21     0     3    21.0   67.855   68.770    651.2    913.7
     3     1    20     4     9    21     0     3    21.0   66.458   71.688    837.0    898.5
     1     1    20     4     9    22     0     2    22.0   65.843   59.069     47.3    965.1
     2     1    20     4     9    22     0     2    22.0   68.209   69.834    606.7    919.1
     3     1    20     4     9    22     0     2    22.0   66.759   72.953    917.2    888.8
     1     1    20     4     9    23     0     1    23.0   65.914   59.535     46.2    968.9
     2     1    20     4     9    23     0     1    23.0   68.586   70.995    608.9    917.0
     3     1    20     4     9    23     0     1    23.0   67.109   74.201    982.1    878.6
     1     1    20     4    10     0     0     0    24.0   65.951   60.054     58.0    972.5
     2     1    20     4    10     0     0     0    24.0   68.989   72.128    607.0    917.1
     3     1    20     4    10     0     0     0    24.0   67.473   75.465   1007.0    875.9
