     5     1
    GDAS    20     6     1     0     0
    GDAS    20     6     8     0     0
    GDAS    20     6    15     0     0
    GDAS    20     6    22     0     0
    GDAS    20     6    29     0     0
     3 FORWARD  OMEGA   
    20     6    10     0   62.085   49.588   100.0
    20     6    10     0   62.085   49.588   500.0
    20     6    10     0   62.085   49.588  1000.0
     1 PRESSURE
     1     1    20     6    10     0     0     0     0.0   62.085   49.588    100.0    997.4
     2     1    20     6    10     0     0     0     0.0   62.085   49.588    500.0    952.4
     3     1    20     6    10     0     0     0     0.0   62.085   49.588   1000.0    898.7
     1     1    20     6    10     1     0     1     1.0   62.197   49.865     87.2    998.0
     2     1    20     6    10     1     0     1     1.0   62.188   50.315    482.0    952.3
     3     1    20     6    10     1     0     1     1.0   62.220   50.383    980.4    897.9
     1     1    20     6    10     2     0     2     2.0   62.303   50.117     74.0    998.5
     2     1    20     6    10     2     0     2     2.0   62.278   51.007    471.6    949.1
     3     1    20     6    10     2     0     2     2.0   62.332   51.188    955.6    897.1
     1     1    20     6    10     3     0     3     3.0   62.401   50.369     64.2    997.2
     2     1    20     6    10     3     0     3     3.0   62.358   51.670    451.7    950.8
     3     1    20     6    10     3     0     3     3.0   62.421   51.996    922.0    900.6
     1     1    20     6    10     4     0     2     4.0   62.499   50.649     58.5    996.7
     2     1    20     6    10     4     0     2     4.0   62.440   52.287    420.2    954.3
     3     1    20     6    10     4     0     2     4.0   62.497   52.785    880.7    902.3
     1     1    20     6    10     5     0     1     5.0   62.602   50.978     58.8    995.8
     2     1    20     6    10     5     0     1     5.0   62.532   52.882    393.0    955.4
     3     1    20     6    10     5     0     1     5.0   62.577   53.556    829.3    907.2
     1     1    20     6    10     6     0     0     6.0   62.707   51.356     60.2    995.5
     2     1    20     6    10     6     0     0     6.0   62.623   53.484    362.5    958.4
     3     1    20     6    10     6     0     0     6.0   62.658   54.312    774.5    914.1
     1     1    20     6    10     7     0     1     7.0   62.814   51.757     54.8    995.5
     2     1    20     6    10     7     0     1     7.0   62.709   54.107    314.7    964.1
     3     1    20     6    10     7     0     1     7.0   62.734   55.067    749.9    915.0
     1     1    20     6    10     8     0     2     8.0   62.925   52.178     43.3    995.1
     2     1    20     6    10     8     0     2     8.0   62.790   54.757    291.2    965.0
     3     1    20     6    10     8     0     2     8.0   62.796   55.834    738.0    918.7
     1     1    20     6    10     9     0     3     9.0   63.032   52.622     34.9    993.5
     2     1    20     6    10     9     0     3     9.0   62.863   55.446    309.8    962.1
     3     1    20     6    10     9     0     3     9.0   62.843   56.608    717.0    922.3
     1     1    20     6    10    10     0     2    10.0   63.126   53.051     31.1    992.2
     2     1    20     6    10    10     0     2    10.0   62.923   56.120    284.3    968.3
     3     1    20     6    10    10     0     2    10.0   62.880   57.370    733.5    916.6
     1     1    20     6    10    11     0     1    11.0   63.205   53.434     24.6    994.0
     2     1    20     6    10    11     0     1    11.0   62.977   56.745    258.8    971.9
     3     1    20     6    10    11     0     1    11.0   62.907   58.115    843.6    894.1
     1     1    20     6    10    12     0     0    12.0   63.268   53.759     20.6    995.2
     2     1    20     6    10    12     0     0    12.0   63.021   57.333    285.7    967.1
     3     1    20     6    10    12     0     0    12.0   62.904   58.851   1014.6    862.5
     1     1    20     6    10    13     0     1    13.0   63.323   54.028     22.1    995.2
     2     1    20     6    10    13     0     1    13.0   63.062   57.926    365.7    948.6
     3     1    20     6    10    13     0     1    13.0   62.876   59.567   1194.0    854.9
     1     1    20     6    10    14     0     2    14.0   63.375   54.243     29.3    993.9
     2     1    20     6    10    14     0     2    14.0   63.103   58.567    498.9    923.0
     3     1    20     6    10    14     0     2    14.0   62.833   60.237   1390.1    854.4
     1     1    20     6    10    15     0     3    15.0   63.430   54.407     45.8    991.8
     2     1    20     6    10    15     0     3    15.0   63.136   59.265    709.3    900.4
     3     1    20     6    10    15     0     3    15.0   62.775   60.861   1693.5    833.9
     1     1    20     6    10    16     0     2    16.0   63.501   54.572     70.7    988.4
     2     1    20     6    10    16     0     2    16.0   63.146   59.968    803.7    889.2
     3     1    20     6    10    16     0     2    16.0   62.718   61.472   1997.3    790.1
     1     1    20     6    10    17     0     1    17.0   63.595   54.790     98.7    984.0
     2     1    20     6    10    17     0     1    17.0   63.141   60.593    789.0    920.2
     3     1    20     6    10    17     0     1    17.0   62.678   62.122   2205.9    774.8
     1     1    20     6    10    18     0     0    18.0   63.715   55.086    125.5    980.0
     2     1    20     6    10    18     0     0    18.0   63.154   61.160    914.0    914.7
     3     1    20     6    10    18     0     0    18.0   62.641   62.876   2305.8    762.4
     1     1    20     6    10    19     0     1    19.0   63.856   55.442    144.5    978.1
     2     1    20     6    10    19     0     1    19.0   63.176   61.722   1115.0    879.9
     3     1    20     6    10    19     0     1    19.0   62.585   63.675   2276.0    774.2
     1     1    20     6    10    20     0     2    20.0   64.007   55.865    152.7    977.4
     2     1    20     6    10    20     0     2    20.0   63.183   62.329   1246.1    870.3
     3     1    20     6    10    20     0     2    20.0   62.515   64.435   2286.9    773.1
     1     1    20     6    10    21     0     3    21.0   64.149   56.360    150.4    980.5
     2     1    20     6    10    21     0     3    21.0   63.216   63.010   1285.0    870.2
     3     1    20     6    10    21     0     3    21.0   62.423   65.173   2299.4    769.4
     1     1    20     6    10    22     0     2    22.0   64.275   56.808    161.7    982.9
     2     1    20     6    10    22     0     2    22.0   63.272   63.711   1318.9    870.5
     3     1    20     6    10    22     0     2    22.0   62.322   65.891   2333.5    767.8
     1     1    20     6    10    23     0     1    23.0   64.385   57.212    202.0    977.8
     2     1    20     6    10    23     0     1    23.0   63.308   64.480   1367.5    861.1
     3     1    20     6    10    23     0     1    23.0   62.225   66.581   2423.3    758.9
     1     1    20     6    11     0     0     0    24.0   64.492   57.671    278.5    963.4
     2     1    20     6    11     0     0     0    24.0   63.377   65.287   1374.1    861.5
     3     1    20     6    11     0     0     0    24.0   62.139   67.208   2595.1    745.1
