     5     1
    GDAS    20     2     8     0     0
    GDAS    20     2    15     0     0
    GDAS    20     2    29     0     0
    GDAS    20     3     1     0     0
    GDAS    20     3     8     0     0
     3 FORWARD  OMEGA   
    20     2    20     0   62.085   49.588   100.0
    20     2    20     0   62.085   49.588   500.0
    20     2    20     0   62.085   49.588  1000.0
     1 PRESSURE
     1     1    20     2    20     0     0     0     0.0   62.085   49.588    100.0    976.2
     2     1    20     2    20     0     0     0     0.0   62.085   49.588    500.0    929.0
     3     1    20     2    20     0     0     0     0.0   62.085   49.588   1000.0    872.3
     1     1    20     2    20     1     0     1     1.0   62.184   49.923     86.0    977.6
     2     1    20     2    20     1     0     1     1.0   62.202   50.247    464.3    931.1
     3     1    20     2    20     1     0     1     1.0   62.154   50.344    933.5    878.8
     1     1    20     2    20     2     0     2     2.0   62.279   50.250     75.9    977.9
     2     1    20     2    20     2     0     2     2.0   62.311   50.912    456.1    931.6
     3     1    20     2    20     2     0     2     2.0   62.211   51.088    911.0    879.9
     1     1    20     2    20     3     0     3     3.0   62.381   50.592     76.7    975.9
     2     1    20     2    20     3     0     3     3.0   62.408   51.587    471.3    925.4
     3     1    20     2    20     3     0     3     3.0   62.255   51.826    919.3    875.3
     1     1    20     2    20     4     0     2     4.0   62.493   50.974     86.1    972.9
     2     1    20     2    20     4     0     2     4.0   62.505   52.256    475.3    924.0
     3     1    20     2    20     4     0     2     4.0   62.297   52.553    939.1    874.5
     1     1    20     2    20     5     0     1     5.0   62.612   51.397     94.2    971.1
     2     1    20     2    20     5     0     1     5.0   62.611   52.912    469.4    922.4
     3     1    20     2    20     5     0     1     5.0   62.338   53.258    976.1    867.3
     1     1    20     2    20     6     0     0     6.0   62.737   51.824     95.4    971.3
     2     1    20     2    20     6     0     0     6.0   62.718   53.550    449.0    924.6
     3     1    20     2    20     6     0     0     6.0   62.377   53.933    982.5    861.4
     1     1    20     2    20     7     0     1     7.0   62.858   52.248     92.5    970.5
     2     1    20     2    20     7     0     1     7.0   62.825   54.176    421.7    931.6
     3     1    20     2    20     7     0     1     7.0   62.420   54.604    974.5    869.5
     1     1    20     2    20     8     0     2     8.0   62.962   52.675     91.9    968.2
     2     1    20     2    20     8     0     2     8.0   62.945   54.807    395.2    930.5
     3     1    20     2    20     8     0     2     8.0   62.466   55.295    989.8    867.3
     1     1    20     2    20     9     0     3     9.0   63.056   53.123     98.7    965.6
     2     1    20     2    20     9     0     3     9.0   63.073   55.435    352.9    936.3
     3     1    20     2    20     9     0     3     9.0   62.512   55.999    986.0    867.1
     1     1    20     2    20    10     0     2    10.0   63.146   53.571     95.2    967.8
     2     1    20     2    20    10     0     2    10.0   63.192   56.040    302.1    947.8
     3     1    20     2    20    10     0     2    10.0   62.555   56.703    987.3    873.6
     1     1    20     2    20    11     0     1    11.0   63.225   53.976     77.8    975.0
     2     1    20     2    20    11     0     1    11.0   63.303   56.613    272.4    955.1
     3     1    20     2    20    11     0     1    11.0   62.583   57.403   1026.7    862.3
     1     1    20     2    20    12     0     0    12.0   63.289   54.364     68.0    975.9
     2     1    20     2    20    12     0     0    12.0   63.419   57.170    274.5    953.5
     3     1    20     2    20    12     0     0    12.0   62.593   58.120   1042.1    847.5
     1     1    20     2    20    13     0     1    13.0   63.355   54.763     70.9    973.4
     2     1    20     2    20    13     0     1    13.0   63.526   57.759    314.1    942.0
     3     1    20     2    20    13     0     1    13.0   62.582   58.887   1040.1    836.4
     1     1    20     2    20    14     0     2    14.0   63.428   55.170     77.1    972.2
     2     1    20     2    20    14     0     2    14.0   63.600   58.438    417.1    917.5
     3     1    20     2    20    14     0     2    14.0   62.530   59.690   1056.0    848.5
     1     1    20     2    20    15     0     3    15.0   63.499   55.573     69.7    975.5
     2     1    20     2    20    15     0     3    15.0   63.623   59.239    549.2    890.2
     3     1    20     2    20    15     0     3    15.0   62.430   60.445   1079.4    858.9
     1     1    20     2    20    16     0     2    16.0   63.553   55.948     53.5    979.6
     2     1    20     2    20    16     0     2    16.0   63.594   60.216    398.1    921.0
     3     1    20     2    20    16     0     2    16.0   62.328   61.118   1089.3    866.5
     1     1    20     2    20    17     0     1    17.0   63.590   56.279     40.5    983.0
     2     1    20     2    20    17     0     1    17.0   63.608   61.034    196.8    971.1
     3     1    20     2    20    17     0     1    17.0   62.235   61.740   1080.8    868.1
     1     1    20     2    20    18     0     0    18.0   63.616   56.577     34.6    984.9
     2     1    20     2    20    18     0     0    18.0   63.671   61.640    131.9    978.0
     3     1    20     2    20    18     0     0    18.0   62.149   62.316   1074.1    868.0
     1     1    20     2    20    19     0     1    19.0   63.617   56.837     31.6    986.6
     2     1    20     2    20    19     0     1    19.0   63.736   62.202    148.4    976.9
     3     1    20     2    20    19     0     1    19.0   62.068   62.881   1073.0    864.0
     1     1    20     2    20    20     0     2    20.0   63.578   57.043     30.4    987.3
     2     1    20     2    20    20     0     2    20.0   63.782   62.884    187.7    965.3
     3     1    20     2    20    20     0     2    20.0   61.989   63.435   1077.5    865.4
     1     1    20     2    20    21     0     3    21.0   63.506   57.208     31.5    985.1
     2     1    20     2    20    21     0     3    21.0   63.805   63.637    206.7    966.7
     3     1    20     2    20    21     0     3    21.0   61.917   63.964   1099.9    867.6
     1     1    20     2    20    22     0     2    22.0   63.419   57.362     35.4    982.2
     2     1    20     2    20    22     0     2    22.0   63.791   64.371    221.9    971.2
     3     1    20     2    20    22     0     2    22.0   61.851   64.473   1126.7    863.3
     1     1    20     2    20    23     0     1    23.0   63.327   57.523     41.7    978.5
     2     1    20     2    20    23     0     1    23.0   63.735   65.015    245.2    975.1
     3     1    20     2    20    23     0     1    23.0   61.786   64.985   1141.8    861.9
     1     1    20     2    21     0     0     0    24.0   63.223   57.687     49.7    974.0
     2     1    20     2    21     0     0     0    24.0   63.648   65.595    285.9    968.2
     3     1    20     2    21     0     0     0    24.0   61.717   65.509   1148.4    862.0
