     5     1
    GDAS    20     8    15     0     0
    GDAS    20     8    22     0     0
    GDAS    20     8    29     0     0
    GDAS    20     9     1     0     0
    GDAS    20     9     8     0     0
     3 FORWARD  OMEGA   
    20     8    22     0   62.085   49.588   100.0
    20     8    22     0   62.085   49.588   500.0
    20     8    22     0   62.085   49.588  1000.0
     1 PRESSURE
     1     1    20     8    22     0     0     0     0.0   62.085   49.588    100.0    991.7
     2     1    20     8    22     0     0     0     0.0   62.085   49.588    500.0    945.3
     3     1    20     8    22     0     0     0     0.0   62.085   49.588   1000.0    890.5
     1     1    20     8    22     1     0     1     1.0   61.951   49.664    123.7    989.4
     2     1    20     8    22     1     0     1     1.0   61.840   49.564    527.2    942.0
     3     1    20     8    22     1     0     1     1.0   61.833   49.509    999.9    890.5
     1     1    20     8    22     2     0     2     2.0   61.790   49.744    148.8    985.1
     2     1    20     8    22     2     0     2     2.0   61.583   49.563    553.0    937.2
     3     1    20     8    22     2     0     2     2.0   61.562   49.462   1001.4    888.1
     1     1    20     8    22     3     0     3     3.0   61.602   49.829    171.6    981.2
     2     1    20     8    22     3     0     3     3.0   61.311   49.562    576.1    932.9
     3     1    20     8    22     3     0     3     3.0   61.274   49.424    998.9    886.1
     1     1    20     8    22     4     0     2     4.0   61.402   49.912    188.3    977.8
     2     1    20     8    22     4     0     2     4.0   61.034   49.557    592.5    929.0
     3     1    20     8    22     4     0     2     4.0   60.974   49.380    991.2    885.4
     1     1    20     8    22     5     0     1     5.0   61.209   49.996    197.0    975.6
     2     1    20     8    22     5     0     1     5.0   60.767   49.568    603.8    927.3
     3     1    20     8    22     5     0     1     5.0   60.666   49.335    987.3    886.0
     1     1    20     8    22     6     0     0     6.0   61.025   50.087    199.7    974.1
     2     1    20     8    22     6     0     0     6.0   60.506   49.603    613.7    925.2
     3     1    20     8    22     6     0     0     6.0   60.356   49.285    988.1    885.1
     1     1    20     8    22     7     0     1     7.0   60.844   50.182    201.3    972.9
     2     1    20     8    22     7     0     1     7.0   60.249   49.649    624.4    923.1
     3     1    20     8    22     7     0     1     7.0   60.066   49.240    990.6    885.0
     1     1    20     8    22     8     0     2     8.0   60.654   50.273    206.1    970.8
     2     1    20     8    22     8     0     2     8.0   59.995   49.702    640.3    920.0
     3     1    20     8    22     8     0     2     8.0   59.802   49.219   1000.5    884.8
     1     1    20     8    22     9     0     3     9.0   60.455   50.363    213.8    968.2
     2     1    20     8    22     9     0     3     9.0   59.744   49.772    662.0    918.2
     3     1    20     8    22     9     0     3     9.0   59.555   49.233   1027.7    883.0
     1     1    20     8    22    10     0     2    10.0   60.251   50.455    223.8    965.1
     2     1    20     8    22    10     0     2    10.0   59.498   49.858    681.7    916.1
     3     1    20     8    22    10     0     2    10.0   59.314   49.273   1057.3    877.7
     1     1    20     8    22    11     0     1    11.0   60.045   50.549    237.4    961.9
     2     1    20     8    22    11     0     1    11.0   59.257   49.959    688.2    915.8
     3     1    20     8    22    11     0     1    11.0   59.074   49.337   1064.5    876.6
     1     1    20     8    22    12     0     0    12.0   59.842   50.644    253.8    960.3
     2     1    20     8    22    12     0     0    12.0   59.032   50.081    673.5    918.6
     3     1    20     8    22    12     0     0    12.0   58.840   49.432   1039.2    878.5
     1     1    20     8    22    13     0     1    13.0   59.636   50.742    270.4    959.7
     2     1    20     8    22    13     0     1    13.0   58.802   50.203    655.0    922.0
     3     1    20     8    22    13     0     1    13.0   58.597   49.533   1007.8    884.0
     1     1    20     8    22    14     0     2    14.0   59.414   50.835    288.3    959.2
     2     1    20     8    22    14     0     2    14.0   58.546   50.305    653.3    921.1
     3     1    20     8    22    14     0     2    14.0   58.328   49.607    997.7    883.7
     1     1    20     8    22    15     0     3    15.0   59.175   50.904    303.0    958.7
     2     1    20     8    22    15     0     3    15.0   58.269   50.384    671.6    918.1
     3     1    20     8    22    15     0     3    15.0   58.031   49.649   1009.0    880.8
     1     1    20     8    22    16     0     2    16.0   58.930   50.939    307.9    959.3
     2     1    20     8    22    16     0     2    16.0   57.982   50.421    705.7    912.7
     3     1    20     8    22    16     0     2    16.0   57.723   49.640   1023.5    878.3
     1     1    20     8    22    17     0     1    17.0   58.690   50.951    309.2    959.7
     2     1    20     8    22    17     0     1    17.0   57.695   50.408    738.7    909.7
     3     1    20     8    22    17     0     1    17.0   57.427   49.575   1028.0    880.0
     1     1    20     8    22    18     0     0    18.0   58.446   50.939    310.3    959.2
     2     1    20     8    22    18     0     0    18.0   57.415   50.354    765.0    909.2
     3     1    20     8    22    18     0     0    18.0   57.145   49.456   1038.1    881.2
     1     1    20     8    22    19     0     1    19.0   58.209   50.909    304.8    959.0
     2     1    20     8    22    19     0     1    19.0   57.151   50.283    790.2    907.6
     3     1    20     8    22    19     0     1    19.0   56.885   49.310   1051.2    879.0
     1     1    20     8    22    20     0     2    20.0   57.998   50.874    288.1    960.3
     2     1    20     8    22    20     0     2    20.0   56.909   50.210    815.4    905.6
     3     1    20     8    22    20     0     2    20.0   56.653   49.162   1060.5    878.4
     1     1    20     8    22    21     0     3    21.0   57.814   50.854    264.3    964.8
     2     1    20     8    22    21     0     3    21.0   56.682   50.130    842.9    901.8
     3     1    20     8    22    21     0     3    21.0   56.446   49.012   1077.4    877.5
     1     1    20     8    22    22     0     2    22.0   57.647   50.881    245.9    969.3
     2     1    20     8    22    22     0     2    22.0   56.464   50.064    867.6    898.4
     3     1    20     8    22    22     0     2    22.0   56.255   48.885   1103.1    874.7
     1     1    20     8    22    23     0     1    23.0   57.485   50.954    237.5    971.7
     2     1    20     8    22    23     0     1    23.0   56.250   50.031    884.6    896.5
     3     1    20     8    22    23     0     1    23.0   56.071   48.798   1132.8    872.3
     1     1    20     8    23     0     0     0    24.0   57.327   51.037    235.0    972.9
     2     1    20     8    23     0     0     0    24.0   56.040   50.032    893.6    895.5
     3     1    20     8    23     0     0     0    24.0   55.893   48.747   1161.9    869.6
