     5     1
    GDAS    20     3    15     0     0
    GDAS    20     3    22     0     0
    GDAS    20     3    29     0     0
    GDAS    20     4     1     0     0
    GDAS    20     4     8     0     0
     3 FORWARD  OMEGA   
    20     3    28     0   62.085   49.588   100.0
    20     3    28     0   62.085   49.588   500.0
    20     3    28     0   62.085   49.588  1000.0
     1 PRESSURE
     1     1    20     3    28     0     0     0     0.0   62.085   49.588    100.0    996.2
     2     1    20     3    28     0     0     0     0.0   62.085   49.588    500.0    947.6
     3     1    20     3    28     0     0     0     0.0   62.085   49.588   1000.0    890.4
     1     1    20     3    28     1     0     1     1.0   62.138   49.954     92.5    996.3
     2     1    20     3    28     1     0     1     1.0   62.054   50.217    501.3    945.0
     3     1    20     3    28     1     0     1     1.0   62.063   50.298   1015.7    883.6
     1     1    20     3    28     2     0     2     2.0   62.201   50.301     86.9    994.2
     2     1    20     3    28     2     0     2     2.0   62.041   50.883    498.4    940.6
     3     1    20     3    28     2     0     2     2.0   62.036   51.056   1000.6    881.4
     1     1    20     3    28     3     0     3     3.0   62.273   50.646     84.1    992.1
     2     1    20     3    28     3     0     3     3.0   62.051   51.623    491.5    939.3
     3     1    20     3    28     3     0     3     3.0   62.007   51.880    976.5    884.3
     1     1    20     3    28     4     0     2     4.0   62.352   51.011     89.2    989.4
     2     1    20     3    28     4     0     2     4.0   62.081   52.417    468.5    942.3
     3     1    20     3    28     4     0     2     4.0   61.974   52.756    957.0    887.0
     1     1    20     3    28     5     0     1     5.0   62.440   51.414     98.2    986.8
     2     1    20     3    28     5     0     1     5.0   62.123   53.221    466.9    939.5
     3     1    20     3    28     5     0     1     5.0   61.936   53.670    949.3    882.0
     1     1    20     3    28     6     0     0     6.0   62.539   51.840    100.0    985.4
     2     1    20     3    28     6     0     0     6.0   62.181   54.057    445.7    937.6
     3     1    20     3    28     6     0     0     6.0   61.895   54.604    936.6    886.6
     1     1    20     3    28     7     0     1     7.0   62.643   52.273     96.4    983.8
     2     1    20     3    28     7     0     1     7.0   62.263   54.802    428.4    943.2
     3     1    20     3    28     7     0     1     7.0   61.849   55.531    960.8    884.4
     1     1    20     3    28     8     0     2     8.0   62.743   52.721     96.5    980.0
     2     1    20     3    28     8     0     2     8.0   62.363   55.485    431.8    942.5
     3     1    20     3    28     8     0     2     8.0   61.799   56.446    989.6    880.5
     1     1    20     3    28     9     0     3     9.0   62.838   53.210     97.6    977.3
     2     1    20     3    28     9     0     3     9.0   62.475   56.174    422.9    944.5
     3     1    20     3    28     9     0     3     9.0   61.759   57.354   1052.4    868.9
     1     1    20     3    28    10     0     2    10.0   62.931   53.709     87.4    980.3
     2     1    20     3    28    10     0     2    10.0   62.602   56.856    430.5    943.5
     3     1    20     3    28    10     0     2    10.0   61.735   58.250   1112.7    852.9
     1     1    20     3    28    11     0     1    11.0   63.021   54.147     66.6    983.4
     2     1    20     3    28    11     0     1    11.0   62.734   57.558    469.2    930.8
     3     1    20     3    28    11     0     1    11.0   61.695   59.223   1220.0    825.0
     1     1    20     3    28    12     0     0    12.0   63.103   54.542     54.9    982.3
     2     1    20     3    28    12     0     0    12.0   62.867   58.308    561.2    907.0
     3     1    20     3    28    12     0     0    12.0   61.626   60.203   1154.7    849.0
     1     1    20     3    28    13     0     1    13.0   63.186   54.939     53.4    980.0
     2     1    20     3    28    13     0     1    13.0   62.959   59.192    702.3    877.5
     3     1    20     3    28    13     0     1    13.0   61.570   61.080   1006.2    882.2
     1     1    20     3    28    14     0     2    14.0   63.280   55.336     51.9    980.6
     2     1    20     3    28    14     0     2    14.0   63.015   60.133    627.7    914.1
     3     1    20     3    28    14     0     2    14.0   61.536   61.937    957.3    891.7
     1     1    20     3    28    15     0     3    15.0   63.376   55.679     41.9    982.4
     2     1    20     3    28    15     0     3    15.0   63.086   61.077    403.0    949.3
     3     1    20     3    28    15     0     3    15.0   61.497   62.802    974.5    883.1
     1     1    20     3    28    16     0     2    16.0   63.471   55.979     29.1    985.2
     2     1    20     3    28    16     0     2    16.0   63.190   61.971    308.3    963.5
     3     1    20     3    28    16     0     2    16.0   61.430   63.663    963.3    887.2
     1     1    20     3    28    17     0     1    17.0   63.571   56.265     20.2    987.6
     2     1    20     3    28    17     0     1    17.0   63.278   62.805    333.0    961.2
     3     1    20     3    28    17     0     1    17.0   61.340   64.481    953.7    888.7
     1     1    20     3    28    18     0     0    18.0   63.684   56.550     16.4    988.8
     2     1    20     3    28    18     0     0    18.0   63.339   63.620    336.8    961.7
     3     1    20     3    28    18     0     0    18.0   61.251   65.266    915.1    893.6
     1     1    20     3    28    19     0     1    19.0   63.808   56.831     15.8    989.0
     2     1    20     3    28    19     0     1    19.0   63.389   64.457    320.5    966.2
     3     1    20     3    28    19     0     1    19.0   61.144   66.030    880.5    897.3
     1     1    20     3    28    20     0     2    20.0   63.939   57.119     18.9    987.0
     2     1    20     3    28    20     0     2    20.0   63.464   65.252    334.6    963.7
     3     1    20     3    28    20     0     2    20.0   61.047   66.736    873.8    904.6
     1     1    20     3    28    21     0     3    21.0   64.079   57.467     31.9    980.2
     2     1    20     3    28    21     0     3    21.0   63.555   66.023    365.0    956.6
     3     1    20     3    28    21     0     3    21.0   60.983   67.354    872.0    906.1
     1     1    20     3    28    22     0     2    22.0   64.233   57.902     57.9    973.3
     2     1    20     3    28    22     0     2    22.0   63.643   66.811    409.6    945.6
     3     1    20     3    28    22     0     2    22.0   60.925   67.955    858.4    908.7
     1     1    20     3    28    23     0     1    23.0   64.391   58.405    106.5    958.7
     2     1    20     3    28    23     0     1    23.0   63.730   67.609    425.5    941.6
     3     1    20     3    28    23     0     1    23.0   60.890   68.585    861.5    908.0
     1     1    20     3    29     0     0     0    24.0   64.548   58.988    225.9    930.1
     2     1    20     3    29     0     0     0    24.0   63.830   68.419    398.3    945.9
     3     1    20     3    29     0     0     0    24.0   60.899   69.244    862.0    907.8
