     5     1
    GDAS    20     3    29     0     0
    GDAS    20     4     1     0     0
    GDAS    20     4     8     0     0
    GDAS    20     4    15     0     0
    GDAS    20     4    22     0     0
     3 FORWARD  OMEGA   
    20     4     3     0   62.085   49.588   100.0
    20     4     3     0   62.085   49.588   500.0
    20     4     3     0   62.085   49.588  1000.0
     1 PRESSURE
     1     1    20     4     3     0     0     0     0.0   62.085   49.588    100.0    972.7
     2     1    20     4     3     0     0     0     0.0   62.085   49.588    500.0    925.0
     3     1    20     4     3     0     0     0     0.0   62.085   49.588   1000.0    868.0
     1     1    20     4     3     1     0     1     1.0   62.257   49.806     81.7    974.1
     2     1    20     4     3     1     0     1     1.0   62.300   50.238    460.5    928.9
     3     1    20     4     3     1     0     1     1.0   62.251   50.428    952.1    871.5
     1     1    20     4     3     2     0     2     2.0   62.435   49.992     66.6    974.1
     2     1    20     4     3     2     0     2     2.0   62.551   50.900    455.9    924.3
     3     1    20     4     3     2     0     2     2.0   62.450   51.295    947.6    868.2
     1     1    20     4     3     3     0     3     3.0   62.626   50.147     53.7    973.3
     2     1    20     4     3     3     0     3     3.0   62.840   51.573    452.1    923.4
     3     1    20     4     3     3     0     3     3.0   62.646   52.202    935.7    868.8
     1     1    20     4     3     4     0     2     4.0   62.831   50.305     43.2    973.2
     2     1    20     4     3     4     0     2     4.0   63.155   52.204    426.5    925.8
     3     1    20     4     3     4     0     2     4.0   62.876   53.155    914.7    866.9
     1     1    20     4     3     5     0     1     5.0   63.047   50.496     35.6    973.3
     2     1    20     4     3     5     0     1     5.0   63.489   52.770    412.1    925.1
     3     1    20     4     3     5     0     1     5.0   63.154   54.094    872.7    877.6
     1     1    20     4     3     6     0     0     6.0   63.275   50.711     33.1    972.6
     2     1    20     4     3     6     0     0     6.0   63.836   53.201    378.8    932.8
     3     1    20     4     3     6     0     0     6.0   63.447   54.971    822.4    879.0
     1     1    20     4     3     7     0     1     7.0   63.514   50.935     35.2    971.0
     2     1    20     4     3     7     0     1     7.0   64.178   53.594    353.9    937.5
     3     1    20     4     3     7     0     1     7.0   63.755   55.782    771.9    889.9
     1     1    20     4     3     8     0     2     8.0   63.756   51.182     39.2    968.8
     2     1    20     4     3     8     0     2     8.0   64.525   54.049    354.1    939.7
     3     1    20     4     3     8     0     2     8.0   64.101   56.539    780.0    893.1
     1     1    20     4     3     9     0     3     9.0   64.000   51.470     48.0    966.1
     2     1    20     4     3     9     0     3     9.0   64.900   54.452    360.0    938.0
     3     1    20     4     3     9     0     3     9.0   64.466   57.243    795.1    891.3
     1     1    20     4     3    10     0     2    10.0   64.253   51.771     60.8    966.7
     2     1    20     4     3    10     0     2    10.0   65.285   54.805    349.6    937.7
     3     1    20     4     3    10     0     2    10.0   64.844   57.906    801.7    893.0
     1     1    20     4     3    11     0     1    11.0   64.519   52.038     61.1    970.0
     2     1    20     4     3    11     0     1    11.0   65.657   55.164    329.0    943.0
     3     1    20     4     3    11     0     1    11.0   65.268   58.605    808.4    874.7
     1     1    20     4     3    12     0     0    12.0   64.784   52.276     41.9    974.6
     2     1    20     4     3    12     0     0    12.0   66.035   55.440    315.4    947.0
     3     1    20     4     3    12     0     0    12.0   65.695   59.448    778.1    871.5
     1     1    20     4     3    13     0     1    13.0   65.022   52.470     20.1    979.4
     2     1    20     4     3    13     0     1    13.0   66.426   55.695    311.4    946.5
     3     1    20     4     3    13     0     1    13.0   66.075   60.444    721.7    901.3
     1     1    20     4     3    14     0     2    14.0   65.234   52.616      9.0    981.1
     2     1    20     4     3    14     0     2    14.0   66.835   56.064    323.0    945.0
     3     1    20     4     3    14     0     2    14.0   66.401   61.438    714.6    896.5
     1     1    20     4     3    15     0     3    15.0   65.443   52.743      1.6    981.4
     2     1    20     4     3    15     0     3    15.0   67.274   56.480    360.9    939.1
     3     1    20     4     3    15     0     3    15.0   66.691   62.369    670.6    899.0
     1     1    20     4     3    16     0     2    16.0   65.656   52.875      0.0    981.6
     2     1    20     4     3    16     0     2    16.0   67.708   56.805    350.8    939.7
     3     1    20     4     3    16     0     2    16.0   66.959   63.291    636.2    906.8
     1     1    20     4     3    17     0     1    17.0   65.869   53.020      0.0    981.7
     2     1    20     4     3    17     0     1    17.0   68.106   57.107    281.8    950.0
     3     1    20     4     3    17     0     1    17.0   67.231   64.303    723.5    890.4
     1     1    20     4     3    18     0     0    18.0   66.087   53.172      0.0    982.2
     2     1    20     4     3    18     0     0    18.0   68.448   57.270    245.8    958.4
     3     1    20     4     3    18     0     0    18.0   67.467   65.352    855.7    859.0
     1     1    20     4     3    19     0     1    19.0   66.327   53.327      0.0    982.8
     2     1    20     4     3    19     0     1    19.0   68.751   57.199    243.3    961.2
     3     1    20     4     3    19     0     1    19.0   67.680   66.551    811.5    865.3
     1     1    20     4     3    20     0     2    20.0   66.591   53.493      0.0    983.0
     2     1    20     4     3    20     0     2    20.0   69.046   57.029    283.7    958.3
     3     1    20     4     3    20     0     2    20.0   67.863   67.514    688.7    904.1
     1     1    20     4     3    21     0     3    21.0   66.874   53.692      1.3    982.8
     2     1    20     4     3    21     0     3    21.0   69.357   56.881    355.8    948.7
     3     1    20     4     3    21     0     3    21.0   68.077   67.923    598.9    928.0
     1     1    20     4     3    22     0     2    22.0   67.164   53.940      5.0    981.7
     2     1    20     4     3    22     0     2    22.0   69.670   56.579    407.1    939.6
     3     1    20     4     3    22     0     2    22.0   68.314   68.224    554.0    934.4
     1     1    20     4     3    23     0     1    23.0   67.443   54.226      8.6    982.3
     2     1    20     4     3    23     0     1    23.0   69.983   56.047    431.7    937.1
     3     1    20     4     3    23     0     1    23.0   68.557   68.650    529.1    937.5
     1     1    20     4     4     0     0     0    24.0   67.707   54.533      9.5    983.8
     2     1    20     4     4     0     0     0    24.0   70.307   55.353    454.7    930.4
     3     1    20     4     4     0     0     0    24.0   68.831   69.030    525.1    937.9
