     5     1
    GDAS    19    12    29     0     0
    GDAS    20     1     1     0     0
    GDAS    20     1     8     0     0
    GDAS    20     1    15     0     0
    GDAS    20     1    22     0     0
     3 FORWARD  OMEGA   
    20     1     5     0   62.085   49.588   100.0
    20     1     5     0   62.085   49.588   500.0
    20     1     5     0   62.085   49.588  1000.0
     1 PRESSURE
     1     1    20     1     5     0     0     0     0.0   62.085   49.588    100.0    969.8
     2     1    20     1     5     0     0     0     0.0   62.085   49.588    500.0    921.9
     3     1    20     1     5     0     0     0     0.0   62.085   49.588   1000.0    865.1
     1     1    20     1     5     1     0     1     1.0   62.167   49.941     99.0    969.8
     2     1    20     1     5     1     0     1     1.0   62.199   50.273    523.1    917.9
     3     1    20     1     5     1     0     1     1.0   62.176   50.368   1006.7    862.4
     1     1    20     1     5     2     0     2     2.0   62.241   50.281    101.5    968.0
     2     1    20     1     5     2     0     2     2.0   62.295   50.971    563.4    909.2
     3     1    20     1     5     2     0     2     2.0   62.242   51.133   1024.8    856.4
     1     1    20     1     5     3     0     3     3.0   62.318   50.623    113.3    964.7
     2     1    20     1     5     3     0     3     3.0   62.368   51.682    581.2    906.1
     3     1    20     1     5     3     0     3     3.0   62.290   51.883   1008.0    857.9
     1     1    20     1     5     4     0     2     4.0   62.407   50.994    136.2    961.3
     2     1    20     1     5     4     0     2     4.0   62.428   52.407    563.0    908.6
     3     1    20     1     5     4     0     2     4.0   62.331   52.635    965.1    864.0
     1     1    20     1     5     5     0     1     5.0   62.503   51.428    162.1    957.5
     2     1    20     1     5     5     0     1     5.0   62.483   53.165    556.1    908.6
     3     1    20     1     5     5     0     1     5.0   62.375   53.404    949.1    864.1
     1     1    20     1     5     6     0     0     6.0   62.595   51.903    174.1    957.0
     2     1    20     1     5     6     0     0     6.0   62.535   53.960    549.8    908.7
     3     1    20     1     5     6     0     0     6.0   62.424   54.205    972.8    861.4
     1     1    20     1     5     7     0     1     7.0   62.672   52.401    175.8    955.6
     2     1    20     1     5     7     0     1     7.0   62.585   54.767    556.7    908.6
     3     1    20     1     5     7     0     1     7.0   62.466   55.028   1026.5    855.8
     1     1    20     1     5     8     0     2     8.0   62.739   52.929    182.5    952.2
     2     1    20     1     5     8     0     2     8.0   62.627   55.566    565.4    908.9
     3     1    20     1     5     8     0     2     8.0   62.502   55.860   1053.5    855.0
     1     1    20     1     5     9     0     3     9.0   62.812   53.467    182.5    953.5
     2     1    20     1     5     9     0     3     9.0   62.665   56.333    535.6    916.5
     3     1    20     1     5     9     0     3     9.0   62.541   56.695   1052.1    857.6
     1     1    20     1     5    10     0     2    10.0   62.883   53.954    155.2    959.5
     2     1    20     1     5    10     0     2    10.0   62.705   57.050    570.0    912.7
     3     1    20     1     5    10     0     2    10.0   62.569   57.510   1086.5    848.2
     1     1    20     1     5    11     0     1    11.0   62.942   54.385    120.9    963.1
     2     1    20     1     5    11     0     1    11.0   62.750   57.785    675.5    890.8
     3     1    20     1     5    11     0     1    11.0   62.594   58.344   1122.3    830.2
     1     1    20     1     5    12     0     0    12.0   62.993   54.813    111.8    962.1
     2     1    20     1     5    12     0     0    12.0   62.791   58.606    778.4    860.7
     3     1    20     1     5    12     0     0    12.0   62.610   59.300   1070.8    830.1
     1     1    20     1     5    13     0     1    13.0   63.034   55.281    126.7    960.4
     2     1    20     1     5    13     0     1    13.0   62.814   59.557    760.1    870.5
     3     1    20     1     5    13     0     1    13.0   62.601   60.268    922.9    870.6
     1     1    20     1     5    14     0     2    14.0   63.067   55.738    121.7    964.6
     2     1    20     1     5    14     0     2    14.0   62.819   60.527    585.2    915.3
     3     1    20     1     5    14     0     2    14.0   62.567   61.173    823.9    893.3
     1     1    20     1     5    15     0     3    15.0   63.102   56.149     93.2    971.3
     2     1    20     1     5    15     0     3    15.0   62.807   61.463    483.3    932.8
     3     1    20     1     5    15     0     3    15.0   62.514   62.005    815.5    893.2
     1     1    20     1     5    16     0     2    16.0   63.141   56.507     70.8    975.2
     2     1    20     1     5    16     0     2    16.0   62.796   62.342    483.3    933.3
     3     1    20     1     5    16     0     2    16.0   62.468   62.771    810.4    894.1
     1     1    20     1     5    17     0     1    17.0   63.175   56.832     61.8    976.8
     2     1    20     1     5    17     0     1    17.0   62.804   63.160    471.5    939.6
     3     1    20     1     5    17     0     1    17.0   62.439   63.493    793.7    898.8
     1     1    20     1     5    18     0     0    18.0   63.206   57.149     63.1    975.2
     2     1    20     1     5    18     0     0    18.0   62.820   63.953    438.8    945.9
     3     1    20     1     5    18     0     0    18.0   62.417   64.180    807.0    899.6
     1     1    20     1     5    19     0     1    19.0   63.236   57.468     74.1    969.6
     2     1    20     1     5    19     0     1    19.0   62.832   64.727    442.0    946.9
     3     1    20     1     5    19     0     1    19.0   62.409   64.831    835.5    895.7
     1     1    20     1     5    20     0     2    20.0   63.270   57.797     97.7    961.3
     2     1    20     1     5    20     0     2    20.0   62.837   65.459    488.2    935.6
     3     1    20     1     5    20     0     2    20.0   62.414   65.456    849.9    892.4
     1     1    20     1     5    21     0     3    21.0   63.311   58.160    138.2    950.7
     2     1    20     1     5    21     0     3    21.0   62.842   66.169    511.2    927.6
     3     1    20     1     5    21     0     3    21.0   62.425   66.077    856.4    889.9
     1     1    20     1     5    22     0     2    22.0   63.352   58.576    204.7    936.5
     2     1    20     1     5    22     0     2    22.0   62.864   66.876    516.5    929.5
     3     1    20     1     5    22     0     2    22.0   62.443   66.710    867.2    893.3
     1     1    20     1     5    23     0     1    23.0   63.384   59.087    311.4    917.7
     2     1    20     1     5    23     0     1    23.0   62.907   67.606    504.1    929.4
     3     1    20     1     5    23     0     1    23.0   62.475   67.377    873.8    891.1
     1     1    20     1     6     0     0     0    24.0   63.396   59.775    302.4    915.9
     2     1    20     1     6     0     0     0    24.0   62.961   68.382    476.2    933.9
     3     1    20     1     6     0     0     0    24.0   62.523   68.088    858.1    889.3
