     5     1
    GDAS    20     1    29     0     0
    GDAS    20     2     1     0     0
    GDAS    20     2     8     0     0
    GDAS    20     2    15     0     0
    GDAS    20     2    22     0     0
     3 FORWARD  OMEGA   
    20     2     1     0   62.085   49.588   100.0
    20     2     1     0   62.085   49.588   500.0
    20     2     1     0   62.085   49.588  1000.0
     1 PRESSURE
     1     1    20     2     1     0     0     0     0.0   62.085   49.588    100.0    976.8
     2     1    20     2     1     0     0     0     0.0   62.085   49.588    500.0    926.4
     3     1    20     2     1     0     0     0     0.0   62.085   49.588   1000.0    868.4
     1     1    20     2     1     1     0     1     1.0   61.997   49.440    106.6    976.3
     2     1    20     2     1     1     0     1     1.0   62.078   49.411    501.6    925.6
     3     1    20     2     1     1     0     1     1.0   62.128   49.693    999.4    868.5
     1     1    20     2     1     2     0     2     2.0   61.909   49.346    111.0    974.7
     2     1    20     2     1     2     0     2     2.0   62.072   49.318    498.9    925.8
     3     1    20     2     1     2     0     2     2.0   62.183   49.834   1010.2    866.6
     1     1    20     2     1     3     0     3     3.0   61.823   49.310    113.0    973.6
     2     1    20     2     1     3     0     3     3.0   62.068   49.305    492.4    926.5
     3     1    20     2     1     3     0     3     3.0   62.247   50.003   1032.7    863.4
     1     1    20     2     1     4     0     2     4.0   61.744   49.336    115.4    973.3
     2     1    20     2     1     4     0     2     4.0   62.062   49.365    486.7    928.1
     3     1    20     2     1     4     0     2     4.0   62.325   50.219   1058.6    858.1
     1     1    20     2     1     5     0     1     5.0   61.677   49.420    120.1    972.5
     2     1    20     2     1     5     0     1     5.0   62.050   49.501    486.1    928.7
     3     1    20     2     1     5     0     1     5.0   62.420   50.501   1078.5    854.1
     1     1    20     2     1     6     0     0     6.0   61.620   49.565    126.6    971.6
     2     1    20     2     1     6     0     0     6.0   62.032   49.723    490.0    928.7
     3     1    20     2     1     6     0     0     6.0   62.530   50.844   1088.3    851.3
     1     1    20     2     1     7     0     1     7.0   61.578   49.757    132.3    970.5
     2     1    20     2     1     7     0     1     7.0   62.015   50.026    494.8    927.8
     3     1    20     2     1     7     0     1     7.0   62.663   51.232   1097.5    851.0
     1     1    20     2     1     8     0     2     8.0   61.559   49.975    135.6    970.1
     2     1    20     2     1     8     0     2     8.0   62.021   50.394    497.2    924.8
     3     1    20     2     1     8     0     2     8.0   62.821   51.645   1117.3    848.6
     1     1    20     2     1     9     0     3     9.0   61.565   50.218    137.5    969.3
     2     1    20     2     1     9     0     3     9.0   62.057   50.823    498.2    921.5
     3     1    20     2     1     9     0     3     9.0   62.987   52.085   1144.0    844.6
     1     1    20     2     1    10     0     2    10.0   61.587   50.492    140.6    968.5
     2     1    20     2     1    10     0     2    10.0   62.114   51.293    502.1    920.5
     3     1    20     2     1    10     0     2    10.0   63.166   52.534   1177.4    838.3
     1     1    20     2     1    11     0     1    11.0   61.621   50.805    148.5    966.8
     2     1    20     2     1    11     0     1    11.0   62.181   51.798    511.1    919.6
     3     1    20     2     1    11     0     1    11.0   63.373   52.974   1215.9    832.9
     1     1    20     2     1    12     0     0    12.0   61.669   51.159    161.7    964.6
     2     1    20     2     1    12     0     0    12.0   62.264   52.337    524.7    917.7
     3     1    20     2     1    12     0     0    12.0   63.607   53.399   1249.3    831.5
     1     1    20     2     1    13     0     1    13.0   61.725   51.555    173.5    962.9
     2     1    20     2     1    13     0     1    13.0   62.365   52.893    541.2    913.7
     3     1    20     2     1    13     0     1    13.0   63.861   53.802   1278.0    830.5
     1     1    20     2     1    14     0     2    14.0   61.783   51.986    177.9    962.6
     2     1    20     2     1    14     0     2    14.0   62.486   53.459    547.2    910.6
     3     1    20     2     1    14     0     2    14.0   64.132   54.178   1315.8    827.9
     1     1    20     2     1    15     0     3    15.0   61.845   52.446    180.5    962.7
     2     1    20     2     1    15     0     3    15.0   62.621   54.042    539.1    913.2
     3     1    20     2     1    15     0     3    15.0   64.413   54.536   1364.8    822.3
     1     1    20     2     1    16     0     2    16.0   61.913   52.908    188.7    962.1
     2     1    20     2     1    16     0     2    16.0   62.771   54.639    537.5    914.0
     3     1    20     2     1    16     0     2    16.0   64.697   54.897   1409.9    815.2
     1     1    20     2     1    17     0     1    17.0   61.987   53.368    192.4    958.4
     2     1    20     2     1    17     0     1    17.0   62.944   55.241    555.4    910.8
     3     1    20     2     1    17     0     1    17.0   64.982   55.261   1452.3    812.6
     1     1    20     2     1    18     0     0    18.0   62.063   53.839    179.5    956.2
     2     1    20     2     1    18     0     0    18.0   63.131   55.847    608.3    911.5
     3     1    20     2     1    18     0     0    18.0   65.268   55.618   1510.5    810.2
     1     1    20     2     1    19     0     1    19.0   62.130   54.288    163.1    960.8
     2     1    20     2     1    19     0     1    19.0   63.350   56.428    694.3    900.4
     3     1    20     2     1    19     0     1    19.0   65.554   55.960   1577.0    803.1
     1     1    20     2     1    20     0     2    20.0   62.189   54.692    160.1    963.9
     2     1    20     2     1    20     0     2    20.0   63.610   56.960    784.8    892.2
     3     1    20     2     1    20     0     2    20.0   65.845   56.276   1626.0    796.7
     1     1    20     2     1    21     0     3    21.0   62.246   55.067    171.8    963.4
     2     1    20     2     1    21     0     3    21.0   63.898   57.483    873.6    877.1
     3     1    20     2     1    21     0     3    21.0   66.137   56.563   1648.1    794.1
     1     1    20     2     1    22     0     2    22.0   62.314   55.424    186.1    961.2
     2     1    20     2     1    22     0     2    22.0   64.206   58.013    957.9    863.0
     3     1    20     2     1    22     0     2    22.0   66.416   56.829   1655.9    794.6
     1     1    20     2     1    23     0     1    23.0   62.397   55.751    192.3    961.6
     2     1    20     2     1    23     0     1    23.0   64.525   58.537   1045.8    845.7
     3     1    20     2     1    23     0     1    23.0   66.676   57.094   1661.7    794.1
     1     1    20     2     2     0     0     0    24.0   62.487   56.040    192.5    962.9
     2     1    20     2     2     0     0     0    24.0   64.843   59.074   1127.9    815.9
     3     1    20     2     2     0     0     0    24.0   66.915   57.379   1667.4    793.4
