     5     1
    GDAS    20     7     1     0     0
    GDAS    20     7     8     0     0
    GDAS    20     7    15     0     0
    GDAS    20     7    22     0     0
    GDAS    20     7    29     0     0
     3 FORWARD  OMEGA   
    20     7    10     0   62.085   49.588   100.0
    20     7    10     0   62.085   49.588   500.0
    20     7    10     0   62.085   49.588  1000.0
     1 PRESSURE
     1     1    20     7    10     0     0     0     0.0   62.085   49.588    100.0    985.2
     2     1    20     7    10     0     0     0     0.0   62.085   49.588    500.0    941.1
     3     1    20     7    10     0     0     0     0.0   62.085   49.588   1000.0    888.3
     1     1    20     7    10     1     0     1     1.0   62.188   49.619    100.6    983.9
     2     1    20     7    10     1     0     1     1.0   62.275   49.741    533.3    934.9
     3     1    20     7    10     1     0     1     1.0   62.418   49.808   1078.7    876.0
     1     1    20     7    10     2     0     2     2.0   62.290   49.715     93.6    984.1
     2     1    20     7    10     2     0     2     2.0   62.485   49.979    538.3    933.3
     3     1    20     7    10     2     0     2     2.0   62.783   50.103   1144.9    868.9
     1     1    20     7    10     3     0     3     3.0   62.391   49.890     80.7    985.6
     2     1    20     7    10     3     0     3     3.0   62.730   50.313    515.2    933.8
     3     1    20     7    10     3     0     3     3.0   63.184   50.430   1197.0    859.4
     1     1    20     7    10     4     0     2     4.0   62.485   50.110     69.6    986.9
     2     1    20     7    10     4     0     2     4.0   62.975   50.700    485.4    938.0
     3     1    20     7    10     4     0     2     4.0   63.575   50.790   1223.4    855.0
     1     1    20     7    10     5     0     1     5.0   62.568   50.340     63.4    986.8
     2     1    20     7    10     5     0     1     5.0   63.202   51.100    466.0    938.9
     3     1    20     7    10     5     0     1     5.0   63.951   51.244   1240.6    852.4
     1     1    20     7    10     6     0     0     6.0   62.650   50.581     59.1    987.0
     2     1    20     7    10     6     0     0     6.0   63.409   51.511    460.0    938.5
     3     1    20     7    10     6     0     0     6.0   64.305   51.742   1272.1    852.6
     1     1    20     7    10     7     0     1     7.0   62.730   50.837     57.9    987.2
     2     1    20     7    10     7     0     1     7.0   63.589   51.918    476.7    936.4
     3     1    20     7    10     7     0     1     7.0   64.593   52.205   1333.3    853.7
     1     1    20     7    10     8     0     2     8.0   62.798   51.121     63.0    986.8
     2     1    20     7    10     8     0     2     8.0   63.757   52.310    497.8    931.4
     3     1    20     7    10     8     0     2     8.0   64.827   52.629   1391.3    845.1
     1     1    20     7    10     9     0     3     9.0   62.854   51.424     71.8    985.6
     2     1    20     7    10     9     0     3     9.0   63.920   52.691    485.4    932.6
     3     1    20     7    10     9     0     3     9.0   65.036   53.049   1341.3    846.8
     1     1    20     7    10    10     0     2    10.0   62.911   51.724     74.9    984.6
     2     1    20     7    10    10     0     2    10.0   64.069   53.090    437.3    942.0
     3     1    20     7    10    10     0     2    10.0   65.208   53.459   1224.9    869.5
     1     1    20     7    10    11     0     1    11.0   62.976   52.017     69.6    985.6
     2     1    20     7    10    11     0     1    11.0   64.192   53.515    389.0    951.1
     3     1    20     7    10    11     0     1    11.0   65.345   53.870   1213.3    875.7
     1     1    20     7    10    12     0     0    12.0   63.041   52.321     63.0    984.0
     2     1    20     7    10    12     0     0    12.0   64.294   53.935    351.5    954.1
     3     1    20     7    10    12     0     0    12.0   65.469   54.284   1347.9    860.2
     1     1    20     7    10    13     0     1    13.0   63.089   52.635     62.7    981.8
     2     1    20     7    10    13     0     1    13.0   64.368   54.374    340.1    957.4
     3     1    20     7    10    13     0     1    13.0   65.621   54.661   1561.9    831.5
     1     1    20     7    10    14     0     2    14.0   63.108   52.963     72.0    978.8
     2     1    20     7    10    14     0     2    14.0   64.402   54.870    397.8    951.3
     3     1    20     7    10    14     0     2    14.0   65.813   54.983   1836.6    808.5
     1     1    20     7    10    15     0     3    15.0   63.097   53.328     89.1    978.0
     2     1    20     7    10    15     0     3    15.0   64.419   55.376    520.7    935.4
     3     1    20     7    10    15     0     3    15.0   66.063   55.320   2056.7    774.9
     1     1    20     7    10    16     0     2    16.0   63.068   53.731    103.8    977.7
     2     1    20     7    10    16     0     2    16.0   64.419   55.854    606.3    920.1
     3     1    20     7    10    16     0     2    16.0   66.340   55.695   2112.3    773.7
     1     1    20     7    10    17     0     1    17.0   63.032   54.141    110.0    977.8
     2     1    20     7    10    17     0     1    17.0   64.371   56.307    689.6    925.0
     3     1    20     7    10    17     0     1    17.0   66.612   56.140   2167.8    778.2
     1     1    20     7    10    18     0     0    18.0   62.988   54.545    120.9    975.2
     2     1    20     7    10    18     0     0    18.0   64.320   56.671    956.4    903.3
     3     1    20     7    10    18     0     0    18.0   66.865   56.628   2291.4    761.7
     1     1    20     7    10    19     0     1    19.0   62.926   54.964    148.5    969.6
     2     1    20     7    10    19     0     1    19.0   64.323   56.977   1273.6    854.4
     3     1    20     7    10    19     0     1    19.0   67.073   57.127   2431.0    748.0
     1     1    20     7    10    20     0     2    20.0   62.841   55.404    175.5    967.4
     2     1    20     7    10    20     0     2    20.0   64.380   57.298   1441.6    831.2
     3     1    20     7    10    20     0     2    20.0   67.232   57.607   2611.6    734.0
     1     1    20     7    10    21     0     3    21.0   62.745   55.844    195.7    969.1
     2     1    20     7    10    21     0     3    21.0   64.462   57.623   1539.9    830.8
     3     1    20     7    10    21     0     3    21.0   67.357   58.019   2908.4    711.3
     1     1    20     7    10    22     0     2    22.0   62.646   56.311    215.0    966.6
     2     1    20     7    10    22     0     2    22.0   64.554   57.991   1667.9    814.7
     3     1    20     7    10    22     0     2    22.0   67.469   58.295   3205.1    670.1
     1     1    20     7    10    23     0     1    23.0   62.575   56.789    246.0    965.5
     2     1    20     7    10    23     0     1    23.0   64.634   58.423   1763.3    792.3
     3     1    20     7    10    23     0     1    23.0   67.576   58.425   3353.9    660.0
     1     1    20     7    11     0     0     0    24.0   62.545   57.227    317.8    955.0
     2     1    20     7    11     0     0     0    24.0   64.698   58.910   1764.1    778.3
     3     1    20     7    11     0     0     0    24.0   67.687   58.412   3400.2    656.3
