     5     1
    GDAS    20     3     8     0     0
    GDAS    20     3    15     0     0
    GDAS    20     3    22     0     0
    GDAS    20     3    29     0     0
    GDAS    20     4     1     0     0
     3 FORWARD  OMEGA   
    20     3    20     0   62.085   49.588   100.0
    20     3    20     0   62.085   49.588   500.0
    20     3    20     0   62.085   49.588  1000.0
     1 PRESSURE
     1     1    20     3    20     0     0     0     0.0   62.085   49.588    100.0    973.8
     2     1    20     3    20     0     0     0     0.0   62.085   49.588    500.0    926.1
     3     1    20     3    20     0     0     0     0.0   62.085   49.588   1000.0    869.1
     1     1    20     3    20     1     0     1     1.0   61.986   49.827    103.5    974.1
     2     1    20     3    20     1     0     1     1.0   61.879   49.824    535.1    922.4
     3     1    20     3    20     1     0     1     1.0   61.895   49.865   1036.2    865.2
     1     1    20     3    20     2     0     2     2.0   61.874   50.042    106.9    972.7
     2     1    20     3    20     2     0     2     2.0   61.675   50.027    574.0    916.6
     3     1    20     3    20     2     0     2     2.0   61.706   50.135   1069.0    859.2
     1     1    20     3    20     3     0     3     3.0   61.747   50.242    110.5    970.4
     2     1    20     3    20     3     0     3     3.0   61.474   50.215    612.0    909.8
     3     1    20     3    20     3     0     3     3.0   61.515   50.411   1090.2    854.1
     1     1    20     3    20     4     0     2     4.0   61.615   50.428    115.0    969.0
     2     1    20     3    20     4     0     2     4.0   61.278   50.434    638.0    905.1
     3     1    20     3    20     4     0     2     4.0   61.324   50.700   1098.6    852.6
     1     1    20     3    20     5     0     1     5.0   61.486   50.599    121.6    967.7
     2     1    20     3    20     5     0     1     5.0   61.095   50.708    659.2    903.3
     3     1    20     3    20     5     0     1     5.0   61.138   50.999   1111.3    852.2
     1     1    20     3    20     6     0     0     6.0   61.367   50.761    131.3    966.2
     2     1    20     3    20     6     0     0     6.0   60.931   51.028    693.4    899.6
     3     1    20     3    20     6     0     0     6.0   60.960   51.302   1146.4    849.1
     1     1    20     3    20     7     0     1     7.0   61.257   50.931    144.9    964.2
     2     1    20     3    20     7     0     1     7.0   60.780   51.350    733.3    892.3
     3     1    20     3    20     7     0     1     7.0   60.790   51.599   1190.4    841.3
     1     1    20     3    20     8     0     2     8.0   61.151   51.120    163.3    962.1
     2     1    20     3    20     8     0     2     8.0   60.636   51.661    757.5    887.7
     3     1    20     3    20     8     0     2     8.0   60.632   51.896   1216.1    836.8
     1     1    20     3    20     9     0     3     9.0   61.045   51.329    185.9    959.6
     2     1    20     3    20     9     0     3     9.0   60.507   51.979    753.4    886.8
     3     1    20     3    20     9     0     3     9.0   60.491   52.195   1213.6    836.1
     1     1    20     3    20    10     0     2    10.0   60.931   51.547    208.4    956.5
     2     1    20     3    20    10     0     2    10.0   60.377   52.305    751.6    891.0
     3     1    20     3    20    10     0     2    10.0   60.347   52.494   1216.2    839.8
     1     1    20     3    20    11     0     1    11.0   60.799   51.762    232.8    953.3
     2     1    20     3    20    11     0     1    11.0   60.230   52.627    783.0    888.0
     3     1    20     3    20    11     0     1    11.0   60.186   52.790   1256.2    837.1
     1     1    20     3    20    12     0     0    12.0   60.650   51.974    272.7    948.4
     2     1    20     3    20    12     0     0    12.0   60.078   52.941    833.4    883.8
     3     1    20     3    20    12     0     0    12.0   60.011   53.072   1325.6    831.1
     1     1    20     3    20    13     0     1    13.0   60.474   52.179    321.9    939.7
     2     1    20     3    20    13     0     1    13.0   59.911   53.225    883.9    876.5
     3     1    20     3    20    13     0     1    13.0   59.833   53.337   1394.1    818.8
     1     1    20     3    20    14     0     2    14.0   60.264   52.369    356.2    935.4
     2     1    20     3    20    14     0     2    14.0   59.719   53.468    932.2    869.9
     3     1    20     3    20    14     0     2    14.0   59.657   53.583   1444.9    812.0
     1     1    20     3    20    15     0     3    15.0   60.013   52.557    379.0    934.9
     2     1    20     3    20    15     0     3    15.0   59.516   53.681    978.1    862.6
     3     1    20     3    20    15     0     3    15.0   59.485   53.808   1480.5    807.1
     1     1    20     3    20    16     0     2    16.0   59.761   52.707    399.3    932.4
     2     1    20     3    20    16     0     2    16.0   59.331   53.858   1024.9    857.4
     3     1    20     3    20    16     0     2    16.0   59.326   54.001   1516.2    804.4
     1     1    20     3    20    17     0     1    17.0   59.532   52.773    411.7    929.6
     2     1    20     3    20    17     0     1    17.0   59.185   53.993   1100.6    851.0
     3     1    20     3    20    17     0     1    17.0   59.188   54.160   1567.5    800.3
     1     1    20     3    20    18     0     0    18.0   59.309   52.777    416.7    928.1
     2     1    20     3    20    18     0     0    18.0   59.075   54.098   1219.4    838.2
     3     1    20     3    20    18     0     0    18.0   59.066   54.290   1621.9    794.4
     1     1    20     3    20    19     0     1    19.0   59.095   52.784    418.7    926.5
     2     1    20     3    20    19     0     1    19.0   58.975   54.205   1318.2    821.9
     3     1    20     3    20    19     0     1    19.0   58.951   54.422   1649.8    790.3
     1     1    20     3    20    20     0     2    20.0   58.902   52.821    417.1    926.3
     2     1    20     3    20    20     0     2    20.0   58.867   54.335   1348.1    820.2
     3     1    20     3    20    20     0     2    20.0   58.837   54.570   1642.7    793.0
     1     1    20     3    20    21     0     3    21.0   58.730   52.858    409.2    928.1
     2     1    20     3    20    21     0     3    21.0   58.759   54.475   1336.1    824.3
     3     1    20     3    20    21     0     3    21.0   58.731   54.721   1625.1    796.6
     1     1    20     3    20    22     0     2    22.0   58.564   52.902    398.4    931.6
     2     1    20     3    20    22     0     2    22.0   58.651   54.621   1328.2    829.5
     3     1    20     3    20    22     0     2    22.0   58.628   54.873   1626.0    799.5
     1     1    20     3    20    23     0     1    23.0   58.388   52.975    389.4    934.7
     2     1    20     3    20    23     0     1    23.0   58.536   54.781   1349.6    828.0
     3     1    20     3    20    23     0     1    23.0   58.517   55.037   1661.5    796.7
     1     1    20     3    21     0     0     0    24.0   58.203   53.082    385.4    936.8
     2     1    20     3    21     0     0     0    24.0   58.412   54.965   1396.2    824.1
     3     1    20     3    21     0     0     0    24.0   58.394   55.220   1717.6    790.2
