     5     1
    GDAS    20     6     1     0     0
    GDAS    20     6     8     0     0
    GDAS    20     6    15     0     0
    GDAS    20     6    22     0     0
    GDAS    20     6    29     0     0
     3 FORWARD  OMEGA   
    20     6    13     0   62.085   49.588   100.0
    20     6    13     0   62.085   49.588   500.0
    20     6    13     0   62.085   49.588  1000.0
     1 PRESSURE
     1     1    20     6    13     0     0     0     0.0   62.085   49.588    100.0    998.6
     2     1    20     6    13     0     0     0     0.0   62.085   49.588    500.0    950.8
     3     1    20     6    13     0     0     0     0.0   62.085   49.588   1000.0    893.5
     1     1    20     6    13     1     0     1     1.0   61.947   49.611    107.7    998.1
     2     1    20     6    13     1     0     1     1.0   61.859   49.414    500.5    950.5
     3     1    20     6    13     1     0     1     1.0   61.842   49.537   1006.0    891.9
     1     1    20     6    13     2     0     2     2.0   61.813   49.644    115.4    996.1
     2     1    20     6    13     2     0     2     2.0   61.655   49.329    497.2    949.4
     3     1    20     6    13     2     0     2     2.0   61.602   49.536   1000.8    891.1
     1     1    20     6    13     3     0     3     3.0   61.686   49.694    122.8    994.3
     2     1    20     6    13     3     0     3     3.0   61.472   49.335    491.3    948.9
     3     1    20     6    13     3     0     3     3.0   61.364   49.590    991.8    891.0
     1     1    20     6    13     4     0     2     4.0   61.555   49.759    129.9    992.7
     2     1    20     6    13     4     0     2     4.0   61.293   49.391    488.2    948.7
     3     1    20     6    13     4     0     2     4.0   61.128   49.673    986.7    890.7
     1     1    20     6    13     5     0     1     5.0   61.408   49.832    135.9    991.1
     2     1    20     6    13     5     0     1     5.0   61.103   49.453    488.5    947.5
     3     1    20     6    13     5     0     1     5.0   60.892   49.748    983.8    889.6
     1     1    20     6    13     6     0     0     6.0   61.246   49.915    139.6    989.7
     2     1    20     6    13     6     0     0     6.0   60.903   49.521    490.1    946.4
     3     1    20     6    13     6     0     0     6.0   60.655   49.810    977.7    889.1
     1     1    20     6    13     7     0     1     7.0   61.076   50.002    140.7    988.2
     2     1    20     6    13     7     0     1     7.0   60.696   49.590    495.7    945.1
     3     1    20     6    13     7     0     1     7.0   60.419   49.864    970.9    888.9
     1     1    20     6    13     8     0     2     8.0   60.901   50.091    141.7    986.8
     2     1    20     6    13     8     0     2     8.0   60.485   49.653    506.1    942.3
     3     1    20     6    13     8     0     2     8.0   60.184   49.912    963.2    887.6
     1     1    20     6    13     9     0     3     9.0   60.720   50.178    145.1    984.8
     2     1    20     6    13     9     0     3     9.0   60.266   49.704    516.8    939.4
     3     1    20     6    13     9     0     3     9.0   59.951   49.946    950.7    888.0
     1     1    20     6    13    10     0     2    10.0   60.535   50.258    151.4    982.8
     2     1    20     6    13    10     0     2    10.0   60.047   49.744    530.2    937.0
     3     1    20     6    13    10     0     2    10.0   59.727   49.969    947.0    891.6
     1     1    20     6    13    11     0     1    11.0   60.351   50.329    161.1    980.4
     2     1    20     6    13    11     0     1    11.0   59.840   49.778    552.5    935.2
     3     1    20     6    13    11     0     1    11.0   59.514   49.990    961.6    891.3
     1     1    20     6    13    12     0     0    12.0   60.169   50.389    174.6    977.6
     2     1    20     6    13    12     0     0    12.0   59.646   49.811    583.2    932.8
     3     1    20     6    13    12     0     0    12.0   59.312   50.012    993.1    889.2
     1     1    20     6    13    13     0     1    13.0   59.979   50.438    192.8    974.4
     2     1    20     6    13    13     0     1    13.0   59.450   49.836    614.5    929.8
     3     1    20     6    13    13     0     1    13.0   59.112   50.023   1034.4    885.0
     1     1    20     6    13    14     0     2    14.0   59.772   50.475    214.8    972.7
     2     1    20     6    13    14     0     2    14.0   59.245   49.843    645.8    927.9
     3     1    20     6    13    14     0     2    14.0   58.911   50.010   1084.6    880.1
     1     1    20     6    13    15     0     3    15.0   59.557   50.497    237.4    971.1
     2     1    20     6    13    15     0     3    15.0   59.037   49.830    691.0    924.5
     3     1    20     6    13    15     0     3    15.0   58.706   49.976   1162.3    871.7
     1     1    20     6    13    16     0     2    16.0   59.339   50.486    258.4    970.1
     2     1    20     6    13    16     0     2    16.0   58.828   49.772    761.5    916.2
     3     1    20     6    13    16     0     2    16.0   58.501   49.934   1258.8    858.5
     1     1    20     6    13    17     0     1    17.0   59.114   50.424    287.3    969.8
     2     1    20     6    13    17     0     1    17.0   58.623   49.663    833.4    904.8
     3     1    20     6    13    17     0     1    17.0   58.295   49.899   1326.7    847.4
     1     1    20     6    13    18     0     0    18.0   58.877   50.303    343.7    964.6
     2     1    20     6    13    18     0     0    18.0   58.427   49.523    857.9    899.9
     3     1    20     6    13    18     0     0    18.0   58.080   49.875   1327.4    844.7
     1     1    20     6    13    19     0     1    19.0   58.642   50.112    401.0    952.7
     2     1    20     6    13    19     0     1    19.0   58.246   49.366    835.8    904.6
     3     1    20     6    13    19     0     1    19.0   57.864   49.831   1294.2    854.5
     1     1    20     6    13    20     0     2    20.0   58.437   49.871    428.3    949.1
     2     1    20     6    13    20     0     2    20.0   58.083   49.193    809.2    910.5
     3     1    20     6    13    20     0     2    20.0   57.665   49.742   1283.2    858.0
     1     1    20     6    13    21     0     3    21.0   58.255   49.606    449.0    949.2
     2     1    20     6    13    21     0     3    21.0   57.935   48.992    809.9    913.4
     3     1    20     6    13    21     0     3    21.0   57.491   49.616   1301.5    857.5
     1     1    20     6    13    22     0     2    22.0   58.099   49.353    473.1    946.9
     2     1    20     6    13    22     0     2    22.0   57.816   48.798    820.9    910.8
     3     1    20     6    13    22     0     2    22.0   57.327   49.482   1321.5    853.8
     1     1    20     6    13    23     0     1    23.0   57.983   49.131    487.9    946.4
     2     1    20     6    13    23     0     1    23.0   57.727   48.643    820.4    912.0
     3     1    20     6    13    23     0     1    23.0   57.163   49.346   1316.6    855.0
     1     1    20     6    14     0     0     0    24.0   57.912   48.926    486.5    948.2
     2     1    20     6    14     0     0     0    24.0   57.659   48.524    809.2    914.0
     3     1    20     6    14     0     0     0    24.0   57.002   49.196   1277.3    859.5
