     5     1
    GDAS    20     3     8     0     0
    GDAS    20     3    15     0     0
    GDAS    20     3    22     0     0
    GDAS    20     3    29     0     0
    GDAS    20     4     1     0     0
     3 FORWARD  OMEGA   
    20     3    19     0   62.085   49.588   100.0
    20     3    19     0   62.085   49.588   500.0
    20     3    19     0   62.085   49.588  1000.0
     1 PRESSURE
     1     1    20     3    19     0     0     0     0.0   62.085   49.588    100.0    974.5
     2     1    20     3    19     0     0     0     0.0   62.085   49.588    500.0    927.5
     3     1    20     3    19     0     0     0     0.0   62.085   49.588   1000.0    871.0
     1     1    20     3    19     1     0     1     1.0   62.178   49.927     90.3    975.0
     2     1    20     3    19     1     0     1     1.0   62.175   50.248    516.7    925.3
     3     1    20     3    19     1     0     1     1.0   62.131   50.300   1032.7    866.9
     1     1    20     3    19     2     0     2     2.0   62.267   50.235     88.6    973.2
     2     1    20     3    19     2     0     2     2.0   62.268   50.891    563.9    913.9
     3     1    20     3    19     2     0     2     2.0   62.188   50.982   1073.0    854.0
     1     1    20     3    19     3     0     3     3.0   62.357   50.536     96.5    969.4
     2     1    20     3    19     3     0     3     3.0   62.370   51.511    596.4    905.6
     3     1    20     3    19     3     0     3     3.0   62.253   51.643   1074.8    851.2
     1     1    20     3    19     4     0     2     4.0   62.446   50.853    111.9    965.1
     2     1    20     3    19     4     0     2     4.0   62.484   52.111    605.4    906.4
     3     1    20     3    19     4     0     2     4.0   62.325   52.284   1061.7    856.4
     1     1    20     3    19     5     0     1     5.0   62.534   51.189    132.3    961.3
     2     1    20     3    19     5     0     1     5.0   62.599   52.721    619.7    902.3
     3     1    20     3    19     5     0     1     5.0   62.394   52.910   1064.9    852.5
     1     1    20     3    19     6     0     0     6.0   62.625   51.524    156.8    958.1
     2     1    20     3    19     6     0     0     6.0   62.715   53.356    608.1    898.0
     3     1    20     3    19     6     0     0     6.0   62.460   53.524   1042.4    850.0
     1     1    20     3    19     7     0     1     7.0   62.713   51.859    181.7    954.5
     2     1    20     3    19     7     0     1     7.0   62.842   53.983    558.3    908.2
     3     1    20     3    19     7     0     1     7.0   62.529   54.128    988.9    858.7
     1     1    20     3    19     8     0     2     8.0   62.787   52.200    199.4    950.6
     2     1    20     3    19     8     0     2     8.0   62.964   54.587    518.3    912.1
     3     1    20     3    19     8     0     2     8.0   62.585   54.724    947.5    864.7
     1     1    20     3    19     9     0     3     9.0   62.849   52.546    209.9    946.6
     2     1    20     3    19     9     0     3     9.0   63.070   55.190    503.4    910.7
     3     1    20     3    19     9     0     3     9.0   62.624   55.307    929.6    866.2
     1     1    20     3    19    10     0     2    10.0   62.917   52.905    215.7    943.0
     2     1    20     3    19    10     0     2    10.0   63.159   55.773    497.9    914.8
     3     1    20     3    19    10     0     2    10.0   62.654   55.852    931.4    868.6
     1     1    20     3    19    11     0     1    11.0   62.986   53.272    213.9    943.5
     2     1    20     3    19    11     0     1    11.0   63.224   56.320    492.3    916.8
     3     1    20     3    19    11     0     1    11.0   62.665   56.348    943.2    866.6
     1     1    20     3    19    12     0     0    12.0   63.047   53.632    208.3    947.9
     2     1    20     3    19    12     0     0    12.0   63.265   56.837    484.4    919.1
     3     1    20     3    19    12     0     0    12.0   62.652   56.810    947.4    865.3
     1     1    20     3    19    13     0     1    13.0   63.087   53.989    201.4    950.7
     2     1    20     3    19    13     0     1    13.0   63.287   57.335    485.4    915.4
     3     1    20     3    19    13     0     1    13.0   62.628   57.237    941.4    863.7
     1     1    20     3    19    14     0     2    14.0   63.099   54.354    200.0    949.8
     2     1    20     3    19    14     0     2    14.0   63.292   57.820    500.9    906.0
     3     1    20     3    19    14     0     2    14.0   62.603   57.622    933.9    860.4
     1     1    20     3    19    15     0     3    15.0   63.084   54.739    226.5    945.0
     2     1    20     3    19    15     0     3    15.0   63.276   58.283    525.4    894.2
     3     1    20     3    19    15     0     3    15.0   62.567   57.972    930.2    857.1
     1     1    20     3    19    16     0     2    16.0   63.035   55.128    279.2    935.4
     2     1    20     3    19    16     0     2    16.0   63.241   58.720    548.1    881.9
     3     1    20     3    19    16     0     2    16.0   62.524   58.309    914.0    850.3
     1     1    20     3    19    17     0     1    17.0   62.950   55.481    321.4    930.7
     2     1    20     3    19    17     0     1    17.0   63.192   59.146    550.6    877.6
     3     1    20     3    19    17     0     1    17.0   62.483   58.654    874.9    847.8
     1     1    20     3    19    18     0     0    18.0   62.835   55.767    341.6    932.0
     2     1    20     3    19    18     0     0    18.0   63.118   59.576    521.6    893.3
     3     1    20     3    19    18     0     0    18.0   62.440   59.001    824.9    846.4
     1     1    20     3    19    19     0     1    19.0   62.708   55.993    357.5    932.1
     2     1    20     3    19    19     0     1    19.0   63.020   60.023    469.4    916.5
     3     1    20     3    19    19     0     1    19.0   62.385   59.320    781.4    859.0
     1     1    20     3    19    20     0     2    20.0   62.576   56.173    371.1    930.2
     2     1    20     3    19    20     0     2    20.0   62.916   60.470    415.4    927.5
     3     1    20     3    19    20     0     2    20.0   62.309   59.590    741.2    868.1
     1     1    20     3    19    21     0     3    21.0   62.427   56.309    379.7    929.0
     2     1    20     3    19    21     0     3    21.0   62.802   60.878    383.9    935.4
     3     1    20     3    19    21     0     3    21.0   62.213   59.820    695.1    876.3
     1     1    20     3    19    22     0     2    22.0   62.257   56.428    391.4    929.1
     2     1    20     3    19    22     0     2    22.0   62.677   61.232    374.4    936.9
     3     1    20     3    19    22     0     2    22.0   62.102   60.017    636.0    885.4
     1     1    20     3    19    23     0     1    23.0   62.071   56.558    410.1    926.6
     2     1    20     3    19    23     0     1    23.0   62.548   61.528    369.9    936.6
     3     1    20     3    19    23     0     1    23.0   61.990   60.177    565.5    895.9
     1     1    20     3    20     0     0     0    24.0   61.878   56.709    427.6    923.5
     2     1    20     3    20     0     0     0    24.0   62.415   61.770    361.1    937.7
     3     1    20     3    20     0     0     0    24.0   61.881   60.307    494.8    907.2
