     5     1
    GDAS    20     9    15     0     0
    GDAS    20     9    22     0     0
    GDAS    20     9    29     0     0
    GDAS    20    10     1     0     0
    GDAS    20    10     8     0     0
     3 FORWARD  OMEGA   
    20     9    26     0   62.085   49.588   100.0
    20     9    26     0   62.085   49.588   500.0
    20     9    26     0   62.085   49.588  1000.0
     1 PRESSURE
     1     1    20     9    26     0     0     0     0.0   62.085   49.588    100.0    999.6
     2     1    20     9    26     0     0     0     0.0   62.085   49.588    500.0    953.7
     3     1    20     9    26     0     0     0     0.0   62.085   49.588   1000.0    898.8
     1     1    20     9    26     1     0     1     1.0   62.185   49.851     95.4    999.5
     2     1    20     9    26     1     0     1     1.0   62.148   50.120    505.3    952.4
     3     1    20     9    26     1     0     1     1.0   62.182   50.144    998.4    897.7
     1     1    20     9    26     2     0     2     2.0   62.287   50.104     90.2    999.1
     2     1    20     9    26     2     0     2     2.0   62.219   50.634    515.2    947.9
     3     1    20     9    26     2     0     2     2.0   62.272   50.709    999.4    894.3
     1     1    20     9    26     3     0     3     3.0   62.394   50.351     85.4    998.1
     2     1    20     9    26     3     0     3     3.0   62.300   51.136    529.2    944.1
     3     1    20     9    26     3     0     3     3.0   62.354   51.292   1007.1    891.9
     1     1    20     9    26     4     0     2     4.0   62.506   50.593     83.9    997.7
     2     1    20     9    26     4     0     2     4.0   62.389   51.648    541.3    942.6
     3     1    20     9    26     4     0     2     4.0   62.424   51.890   1018.5    890.8
     1     1    20     9    26     5     0     1     5.0   62.622   50.831     86.6    996.8
     2     1    20     9    26     5     0     1     5.0   62.484   52.183    543.8    942.1
     3     1    20     9    26     5     0     1     5.0   62.481   52.491   1023.9    888.5
     1     1    20     9    26     6     0     0     6.0   62.745   51.067     91.1    995.9
     2     1    20     9    26     6     0     0     6.0   62.583   52.738    533.4    941.1
     3     1    20     9    26     6     0     0     6.0   62.523   53.085   1017.3    887.7
     1     1    20     9    26     7     0     1     7.0   62.873   51.297     91.6    995.3
     2     1    20     9    26     7     0     1     7.0   62.682   53.301    512.5    942.9
     3     1    20     9    26     7     0     1     7.0   62.554   53.666   1005.9    890.2
     1     1    20     9    26     8     0     2     8.0   63.000   51.514     83.4    996.5
     2     1    20     9    26     8     0     2     8.0   62.779   53.853    490.3    948.2
     3     1    20     9    26     8     0     2     8.0   62.577   54.237    998.1    891.8
     1     1    20     9    26     9     0     3     9.0   63.121   51.709     69.5    998.1
     2     1    20     9    26     9     0     3     9.0   62.871   54.403    473.0    949.6
     3     1    20     9    26     9     0     3     9.0   62.589   54.797    995.2    891.6
     1     1    20     9    26    10     0     2    10.0   63.233   51.904     59.3    998.8
     2     1    20     9    26    10     0     2    10.0   62.955   54.979    455.1    947.2
     3     1    20     9    26    10     0     2    10.0   62.595   55.341    999.9    892.7
     1     1    20     9    26    11     0     1    11.0   63.338   52.120     56.7    998.1
     2     1    20     9    26    11     0     1    11.0   63.037   55.550    441.5    953.9
     3     1    20     9    26    11     0     1    11.0   62.596   55.871   1021.6    893.5
     1     1    20     9    26    12     0     0    12.0   63.439   52.353     56.6    997.5
     2     1    20     9    26    12     0     0    12.0   63.113   56.103    444.3    957.2
     3     1    20     9    26    12     0     0    12.0   62.586   56.389   1061.9    889.2
     1     1    20     9    26    13     0     1    13.0   63.536   52.585     51.5    997.6
     2     1    20     9    26    13     0     1    13.0   63.178   56.656    466.9    955.4
     3     1    20     9    26    13     0     1    13.0   62.566   56.903   1108.8    883.3
     1     1    20     9    26    14     0     2    14.0   63.625   52.801     40.6    999.0
     2     1    20     9    26    14     0     2    14.0   63.235   57.217    512.3    948.3
     3     1    20     9    26    14     0     2    14.0   62.535   57.425   1154.8    874.3
     1     1    20     9    26    15     0     3    15.0   63.706   52.995     28.1   1001.1
     2     1    20     9    26    15     0     3    15.0   63.282   57.808    589.5    932.3
     3     1    20     9    26    15     0     3    15.0   62.491   57.956   1210.7    864.1
     1     1    20     9    26    16     0     2    16.0   63.780   53.170     19.1   1003.2
     2     1    20     9    26    16     0     2    16.0   63.303   58.437    640.1    908.5
     3     1    20     9    26    16     0     2    16.0   62.428   58.520   1197.0    846.6
     1     1    20     9    26    17     0     1    17.0   63.849   53.338     14.1   1004.8
     2     1    20     9    26    17     0     1    17.0   63.294   59.108    611.1    903.8
     3     1    20     9    26    17     0     1    17.0   62.353   59.144   1095.8    856.3
     1     1    20     9    26    18     0     0    18.0   63.914   53.503     11.7   1006.0
     2     1    20     9    26    18     0     0    18.0   63.246   59.851    490.6    932.3
     3     1    20     9    26    18     0     0    18.0   62.254   59.800   1024.2    881.9
     1     1    20     9    26    19     0     1    19.0   63.979   53.662     10.6   1006.5
     2     1    20     9    26    19     0     1    19.0   63.174   60.639    336.4    972.2
     3     1    20     9    26    19     0     1    19.0   62.120   60.429    998.8    891.8
     1     1    20     9    26    20     0     2    20.0   64.051   53.806      9.8   1007.4
     2     1    20     9    26    20     0     2    20.0   63.088   61.398    284.5    981.5
     3     1    20     9    26    20     0     2    20.0   61.965   61.030    992.6    903.0
     1     1    20     9    26    21     0     3    21.0   64.127   53.937      9.2   1008.5
     2     1    20     9    26    21     0     3    21.0   62.996   62.084    284.6    981.3
     3     1    20     9    26    21     0     3    21.0   61.821   61.568    994.2    902.1
     1     1    20     9    26    22     0     2    22.0   64.208   54.069      9.1   1009.0
     2     1    20     9    26    22     0     2    22.0   62.924   62.734    303.5    986.2
     3     1    20     9    26    22     0     2    22.0   61.693   62.051    996.3    902.6
     1     1    20     9    26    23     0     1    23.0   64.290   54.222      9.6   1008.7
     2     1    20     9    26    23     0     1    23.0   62.862   63.390    329.1    982.5
     3     1    20     9    26    23     0     1    23.0   61.573   62.497    995.9    900.2
     1     1    20     9    27     0     0     0    24.0   64.373   54.399      9.5   1008.2
     2     1    20     9    27     0     0     0    24.0   62.794   64.008    328.9    981.6
     3     1    20     9    27     0     0     0    24.0   61.454   62.929    980.6    900.2
