     5     1
    GDAS    20     6     8     0     0
    GDAS    20     6    15     0     0
    GDAS    20     6    22     0     0
    GDAS    20     6    29     0     0
    GDAS    20     7     1     0     0
     3 FORWARD  OMEGA   
    20     6    20     0   62.085   49.588   100.0
    20     6    20     0   62.085   49.588   500.0
    20     6    20     0   62.085   49.588  1000.0
     1 PRESSURE
     1     1    20     6    20     0     0     0     0.0   62.085   49.588    100.0    989.0
     2     1    20     6    20     0     0     0     0.0   62.085   49.588    500.0    941.4
     3     1    20     6    20     0     0     0     0.0   62.085   49.588   1000.0    884.7
     1     1    20     6    20     1     0     1     1.0   61.828   49.730    109.9    986.9
     2     1    20     6    20     1     0     1     1.0   61.693   49.765    488.6    940.9
     3     1    20     6    20     1     0     1     1.0   61.673   49.760    963.3    887.9
     1     1    20     6    20     2     0     2     2.0   61.577   49.872    114.6    984.3
     2     1    20     6    20     2     0     2     2.0   61.333   49.922    473.4    940.0
     3     1    20     6    20     2     0     2     2.0   61.299   49.916    931.5    888.8
     1     1    20     6    20     3     0     3     3.0   61.345   50.010    113.2    983.3
     2     1    20     6    20     3     0     3     3.0   61.012   50.068    457.6    939.9
     3     1    20     6    20     3     0     3     3.0   60.960   50.064    901.3    889.4
     1     1    20     6    20     4     0     2     4.0   61.127   50.152    108.5    982.9
     2     1    20     6    20     4     0     2     4.0   60.710   50.219    447.1    939.8
     3     1    20     6    20     4     0     2     4.0   60.638   50.229    875.8    890.7
     1     1    20     6    20     5     0     1     5.0   60.909   50.310    104.5    982.3
     2     1    20     6    20     5     0     1     5.0   60.406   50.385    444.0    938.0
     3     1    20     6    20     5     0     1     5.0   60.318   50.422    857.8    890.5
     1     1    20     6    20     6     0     0     6.0   60.690   50.481    103.6    981.0
     2     1    20     6    20     6     0     0     6.0   60.109   50.555    443.2    936.0
     3     1    20     6    20     6     0     0     6.0   59.999   50.624    842.3    890.0
     1     1    20     6    20     7     0     1     7.0   60.470   50.653    107.3    979.1
     2     1    20     6    20     7     0     1     7.0   59.819   50.717    446.3    936.7
     3     1    20     6    20     7     0     1     7.0   59.687   50.816    830.4    894.0
     1     1    20     6    20     8     0     2     8.0   60.242   50.818    118.6    976.1
     2     1    20     6    20     8     0     2     8.0   59.537   50.861    457.4    937.6
     3     1    20     6    20     8     0     2     8.0   59.389   50.986    828.6    897.3
     1     1    20     6    20     9     0     3     9.0   60.006   50.975    142.2    971.9
     2     1    20     6    20     9     0     3     9.0   59.273   50.985    479.1    937.5
     3     1    20     6    20     9     0     3     9.0   59.106   51.125    837.0    897.4
     1     1    20     6    20    10     0     2    10.0   59.769   51.130    166.7    968.6
     2     1    20     6    20    10     0     2    10.0   59.028   51.099    498.6    934.8
     3     1    20     6    20    10     0     2    10.0   58.834   51.255    834.7    895.8
     1     1    20     6    20    11     0     1    11.0   59.547   51.284    177.4    968.6
     2     1    20     6    20    11     0     1    11.0   58.788   51.219    502.1    933.9
     3     1    20     6    20    11     0     1    11.0   58.570   51.400    807.3    898.2
     1     1    20     6    20    12     0     0    12.0   59.337   51.441    180.4    968.9
     2     1    20     6    20    12     0     0    12.0   58.549   51.347    492.9    934.2
     3     1    20     6    20    12     0     0    12.0   58.308   51.541    762.4    902.6
     1     1    20     6    20    13     0     1    13.0   59.122   51.587    183.5    968.6
     2     1    20     6    20    13     0     1    13.0   58.300   51.472    479.1    935.3
     3     1    20     6    20    13     0     1    13.0   58.038   51.666    715.9    908.1
     1     1    20     6    20    14     0     2    14.0   58.885   51.710    188.4    967.2
     2     1    20     6    20    14     0     2    14.0   58.031   51.587    474.4    935.7
     3     1    20     6    20    14     0     2    14.0   57.755   51.777    680.1    913.1
     1     1    20     6    20    15     0     3    15.0   58.626   51.824    195.2    965.7
     2     1    20     6    20    15     0     3    15.0   57.746   51.686    474.3    935.3
     3     1    20     6    20    15     0     3    15.0   57.461   51.863    634.3    917.4
     1     1    20     6    20    16     0     2    16.0   58.347   51.909    199.9    964.0
     2     1    20     6    20    16     0     2    16.0   57.447   51.729    444.8    938.3
     3     1    20     6    20    16     0     2    16.0   57.159   51.891    557.3    927.6
     1     1    20     6    20    17     0     1    17.0   58.043   51.914    187.2    964.7
     2     1    20     6    20    17     0     1    17.0   57.139   51.691    391.0    950.2
     3     1    20     6    20    17     0     1    17.0   56.854   51.849    480.9    940.8
     1     1    20     6    20    18     0     0    18.0   57.731   51.844    154.5    971.3
     2     1    20     6    20    18     0     0    18.0   56.826   51.599    345.8    957.8
     3     1    20     6    20    18     0     0    18.0   56.541   51.739    427.2    946.9
     1     1    20     6    20    19     0     1    19.0   57.457   51.768    122.5    979.1
     2     1    20     6    20    19     0     1    19.0   56.518   51.451    311.6    960.1
     3     1    20     6    20    19     0     1    19.0   56.228   51.557    383.9    951.0
     1     1    20     6    20    20     0     2    20.0   57.228   51.698     97.2    983.7
     2     1    20     6    20    20     0     2    20.0   56.221   51.250    282.3    962.7
     3     1    20     6    20    20     0     2    20.0   55.928   51.323    347.5    954.1
     1     1    20     6    20    21     0     3    21.0   57.041   51.609     74.5    988.9
     2     1    20     6    20    21     0     3    21.0   55.937   51.025    256.8    964.2
     3     1    20     6    20    21     0     3    21.0   55.647   51.057    319.9    957.1
     1     1    20     6    20    22     0     2    22.0   56.888   51.520     58.5    991.6
     2     1    20     6    20    22     0     2    22.0   55.667   50.768    236.6    967.3
     3     1    20     6    20    22     0     2    22.0   55.387   50.754    300.3    959.5
     1     1    20     6    20    23     0     1    23.0   56.750   51.450     49.2    992.6
     2     1    20     6    20    23     0     1    23.0   55.408   50.457    221.0    968.9
     3     1    20     6    20    23     0     1    23.0   55.140   50.410    285.2    960.8
     1     1    20     6    21     0     0     0    24.0   56.620   51.387     44.4    992.9
     2     1    20     6    21     0     0     0    24.0   55.147   50.104    203.0    970.8
     3     1    20     6    21     0     0     0    24.0   54.892   50.046    269.3    963.2
