     5     1
    GDAS    20     7     8     0     0
    GDAS    20     7    15     0     0
    GDAS    20     7    22     0     0
    GDAS    20     7    29     0     0
    GDAS    20     8     1     0     0
     3 FORWARD  OMEGA   
    20     7    21     0   62.085   49.588   100.0
    20     7    21     0   62.085   49.588   500.0
    20     7    21     0   62.085   49.588  1000.0
     1 PRESSURE
     1     1    20     7    21     0     0     0     0.0   62.085   49.588    100.0    989.2
     2     1    20     7    21     0     0     0     0.0   62.085   49.588    500.0    943.3
     3     1    20     7    21     0     0     0     0.0   62.085   49.588   1000.0    889.4
     1     1    20     7    21     1     0     1     1.0   62.112   49.206    120.4    985.6
     2     1    20     7    21     1     0     1     1.0   62.244   49.198    535.4    936.4
     3     1    20     7    21     1     0     1     1.0   62.177   49.276   1067.3    879.3
     1     1    20     7    21     2     0     2     2.0   62.135   48.818    138.3    981.4
     2     1    20     7    21     2     0     2     2.0   62.373   48.795    562.8    930.9
     3     1    20     7    21     2     0     2     2.0   62.266   48.906   1117.2    872.4
     1     1    20     7    21     3     0     3     3.0   62.152   48.443    151.4    977.1
     2     1    20     7    21     3     0     3     3.0   62.475   48.375    590.7    926.9
     3     1    20     7    21     3     0     3     3.0   62.361   48.492   1157.1    866.3
     1     1    20     7    21     4     0     2     4.0   62.172   48.073    157.4    974.3
     2     1    20     7    21     4     0     2     4.0   62.557   47.929    617.4    923.2
     3     1    20     7    21     4     0     2     4.0   62.472   48.047   1186.8    861.8
     1     1    20     7    21     5     0     1     5.0   62.204   47.691    157.3    974.1
     2     1    20     7    21     5     0     1     5.0   62.639   47.456    625.4    921.4
     3     1    20     7    21     5     0     1     5.0   62.605   47.579   1199.5    860.2
     1     1    20     7    21     6     0     0     6.0   62.251   47.304    154.1    974.3
     2     1    20     7    21     6     0     0     6.0   62.730   46.975    616.9    923.3
     3     1    20     7    21     6     0     0     6.0   62.782   47.115   1197.2    860.9
     1     1    20     7    21     7     0     1     7.0   62.308   46.909    152.3    974.7
     2     1    20     7    21     7     0     1     7.0   62.823   46.509    604.5    925.1
     3     1    20     7    21     7     0     1     7.0   62.968   46.685   1185.7    861.9
     1     1    20     7    21     8     0     2     8.0   62.369   46.501    149.7    975.7
     2     1    20     7    21     8     0     2     8.0   62.919   46.072    591.8    926.1
     3     1    20     7    21     8     0     2     8.0   63.118   46.265   1164.6    864.3
     1     1    20     7    21     9     0     3     9.0   62.439   46.093    140.4    977.6
     2     1    20     7    21     9     0     3     9.0   63.032   45.660    573.8    926.6
     3     1    20     7    21     9     0     3     9.0   63.266   45.848   1142.6    867.2
     1     1    20     7    21    10     0     2    10.0   62.519   45.712    133.2    980.6
     2     1    20     7    21    10     0     2    10.0   63.149   45.253    541.7    930.2
     3     1    20     7    21    10     0     2    10.0   63.415   45.431   1127.1    870.1
     1     1    20     7    21    11     0     1    11.0   62.608   45.362    129.4    980.8
     2     1    20     7    21    11     0     1    11.0   63.256   44.843    497.2    936.7
     3     1    20     7    21    11     0     1    11.0   63.553   45.010   1105.7    873.4
     1     1    20     7    21    12     0     0    12.0   62.703   45.038    116.2    981.4
     2     1    20     7    21    12     0     0    12.0   63.364   44.435    462.0    942.8
     3     1    20     7    21    12     0     0    12.0   63.691   44.589   1078.0    878.4
     1     1    20     7    21    13     0     1    13.0   62.802   44.725     98.9    981.9
     2     1    20     7    21    13     0     1    13.0   63.484   44.016    453.7    944.4
     3     1    20     7    21    13     0     1    13.0   63.834   44.167   1057.6    881.3
     1     1    20     7    21    14     0     2    14.0   62.912   44.406     87.1    981.1
     2     1    20     7    21    14     0     2    14.0   63.622   43.587    468.7    943.4
     3     1    20     7    21    14     0     2    14.0   63.988   43.751   1058.6    883.0
     1     1    20     7    21    15     0     3    15.0   63.036   44.094     82.3    980.6
     2     1    20     7    21    15     0     3    15.0   63.772   43.171    502.6    940.7
     3     1    20     7    21    15     0     3    15.0   64.160   43.353   1089.5    879.5
     1     1    20     7    21    16     0     2    16.0   63.163   43.800     83.3    983.1
     2     1    20     7    21    16     0     2    16.0   63.928   42.781    561.3    937.0
     3     1    20     7    21    16     0     2    16.0   64.348   42.971   1135.2    873.3
     1     1    20     7    21    17     0     1    17.0   63.286   43.529     87.4    985.0
     2     1    20     7    21    17     0     1    17.0   64.101   42.399    633.6    931.3
     3     1    20     7    21    17     0     1    17.0   64.547   42.603   1170.1    869.5
     1     1    20     7    21    18     0     0    18.0   63.415   43.281     94.1    985.9
     2     1    20     7    21    18     0     0    18.0   64.307   42.007    676.3    924.9
     3     1    20     7    21    18     0     0    18.0   64.763   42.250   1171.8    868.7
     1     1    20     7    21    19     0     1    19.0   63.550   43.024    102.7    985.0
     2     1    20     7    21    19     0     1    19.0   64.539   41.632    686.3    922.0
     3     1    20     7    21    19     0     1    19.0   64.988   41.932   1150.7    870.7
     1     1    20     7    21    20     0     2    20.0   63.686   42.745    107.3    985.8
     2     1    20     7    21    20     0     2    20.0   64.778   41.320    681.8    919.5
     3     1    20     7    21    20     0     2    20.0   65.209   41.679   1129.4    874.6
     1     1    20     7    21    21     0     3    21.0   63.818   42.483    103.6    988.5
     2     1    20     7    21    21     0     3    21.0   65.018   41.095    655.0    921.2
     3     1    20     7    21    21     0     3    21.0   65.422   41.501   1114.0    878.2
     1     1    20     7    21    22     0     2    22.0   63.934   42.245     98.8    991.9
     2     1    20     7    21    22     0     2    22.0   65.260   40.903    621.7    929.7
     3     1    20     7    21    22     0     2    22.0   65.627   41.341   1099.1    880.5
     1     1    20     7    21    23     0     1    23.0   64.034   42.006     97.5    993.6
     2     1    20     7    21    23     0     1    23.0   65.497   40.686    604.7    935.2
     3     1    20     7    21    23     0     1    23.0   65.816   41.147   1068.9    884.7
     1     1    20     7    22     0     0     0    24.0   64.131   41.744     99.8    990.1
     2     1    20     7    22     0     0     0    24.0   65.716   40.463    634.4    936.1
     3     1    20     7    22     0     0     0    24.0   65.995   40.931   1019.2    891.5
