     5     1
    GDAS    20     2    15     0     0
    GDAS    20     2    22     0     0
    GDAS    20     2    29     0     0
    GDAS    20     3     1     0     0
    GDAS    20     3     8     0     0
     3 FORWARD  OMEGA   
    20     2    28     0   62.085   49.588   100.0
    20     2    28     0   62.085   49.588   500.0
    20     2    28     0   62.085   49.588  1000.0
     1 PRESSURE
     1     1    20     2    28     0     0     0     0.0   62.085   49.588    100.0    981.5
     2     1    20     2    28     0     0     0     0.0   62.085   49.588    500.0    933.7
     3     1    20     2    28     0     0     0     0.0   62.085   49.588   1000.0    875.6
     1     1    20     2    28     1     0     1     1.0   62.099   49.345    101.2    981.0
     2     1    20     2    28     1     0     1     1.0   62.140   49.336    478.1    935.6
     3     1    20     2    28     1     0     1     1.0   62.138   49.420    940.5    882.7
     1     1    20     2    28     2     0     2     2.0   62.115   49.035    104.1    979.8
     2     1    20     2    28     2     0     2     2.0   62.205   48.966    459.8    936.0
     3     1    20     2    28     2     0     2     2.0   62.194   49.134    891.0    886.5
     1     1    20     2    28     3     0     3     3.0   62.136   48.647    106.4    976.9
     2     1    20     2    28     3     0     3     3.0   62.280   48.469    432.2    935.0
     3     1    20     2    28     3     0     3     3.0   62.254   48.715    840.3    888.8
     1     1    20     2    28     4     0     2     4.0   62.156   48.199    106.2    974.6
     2     1    20     2    28     4     0     2     4.0   62.368   47.850    396.9    939.0
     3     1    20     2    28     4     0     2     4.0   62.335   48.150    781.9    893.3
     1     1    20     2    28     5     0     1     5.0   62.179   47.712    106.4    973.3
     2     1    20     2    28     5     0     1     5.0   62.468   47.141    370.6    942.1
     3     1    20     2    28     5     0     1     5.0   62.446   47.444    736.7    899.5
     1     1    20     2    28     6     0     0     6.0   62.211   47.180    107.7    972.6
     2     1    20     2    28     6     0     0     6.0   62.576   46.353    341.4    945.9
     3     1    20     2    28     6     0     0     6.0   62.581   46.601    705.8    902.1
     1     1    20     2    28     7     0     1     7.0   62.242   46.598    100.9    974.0
     2     1    20     2    28     7     0     1     7.0   62.668   45.526    293.9    953.1
     3     1    20     2    28     7     0     1     7.0   62.730   45.648    654.0    909.0
     1     1    20     2    28     8     0     2     8.0   62.247   46.012     70.1    980.1
     2     1    20     2    28     8     0     2     8.0   62.719   44.693    259.3    955.7
     3     1    20     2    28     8     0     2     8.0   62.874   44.576    580.4    914.6
     1     1    20     2    28     9     0     3     9.0   62.232   45.473     43.5    985.0
     2     1    20     2    28     9     0     3     9.0   62.725   43.845    219.9    958.2
     3     1    20     2    28     9     0     3     9.0   62.987   43.422    474.7    930.8
     1     1    20     2    28    10     0     2    10.0   62.218   44.950     37.1    987.0
     2     1    20     2    28    10     0     2    10.0   62.697   43.007    176.2    967.2
     3     1    20     2    28    10     0     2    10.0   63.028   42.349    431.4    944.4
     1     1    20     2    28    11     0     1    11.0   62.217   44.404     37.6    982.7
     2     1    20     2    28    11     0     1    11.0   62.657   42.239    164.4    971.9
     3     1    20     2    28    11     0     1    11.0   63.003   41.333    439.3    939.3
     1     1    20     2    28    12     0     0    12.0   62.227   43.828     34.7    980.9
     2     1    20     2    28    12     0     0    12.0   62.617   41.472    202.7    962.2
     3     1    20     2    28    12     0     0    12.0   62.940   40.221    469.1    927.7
     1     1    20     2    28    13     0     1    13.0   62.238   43.299     25.4    983.4
     2     1    20     2    28    13     0     1    13.0   62.569   40.654    213.2    956.0
     3     1    20     2    28    13     0     1    13.0   62.853   39.117    517.0    919.7
     1     1    20     2    28    14     0     2    14.0   62.245   42.872     15.4    984.9
     2     1    20     2    28    14     0     2    14.0   62.510   39.901    214.0    954.9
     3     1    20     2    28    14     0     2    14.0   62.788   38.041    619.8    901.2
     1     1    20     2    28    15     0     3    15.0   62.244   42.530     11.9    981.2
     2     1    20     2    28    15     0     3    15.0   62.446   39.227    253.3    949.0
     3     1    20     2    28    15     0     3    15.0   62.718   37.058    651.6    896.8
     1     1    20     2    28    16     0     2    16.0   62.240   42.239     11.7    978.9
     2     1    20     2    28    16     0     2    16.0   62.380   38.581    318.4    938.1
     3     1    20     2    28    16     0     2    16.0   62.645   36.199    679.2    897.0
     1     1    20     2    28    17     0     1    17.0   62.240   41.982     15.2    976.3
     2     1    20     2    28    17     0     1    17.0   62.315   37.934    359.6    930.7
     3     1    20     2    28    17     0     1    17.0   62.578   35.472    728.7    893.0
     1     1    20     2    28    18     0     0    18.0   62.252   41.741     21.7    975.8
     2     1    20     2    28    18     0     0    18.0   62.265   37.311    387.2    927.5
     3     1    20     2    28    18     0     0    18.0   62.493   34.887    757.9    893.2
     1     1    20     2    28    19     0     1    19.0   62.278   41.512     28.6    974.1
     2     1    20     2    28    19     0     1    19.0   62.228   36.771    413.0    925.3
     3     1    20     2    28    19     0     1    19.0   62.366   34.431    800.3    888.5
     1     1    20     2    28    20     0     2    20.0   62.313   41.311     35.8    972.5
     2     1    20     2    28    20     0     2    20.0   62.184   36.374    449.1    923.6
     3     1    20     2    28    20     0     2    20.0   62.199   34.126    850.2    879.6
     1     1    20     2    28    21     0     3    21.0   62.356   41.148     45.9    970.7
     2     1    20     2    28    21     0     3    21.0   62.132   36.139    502.8    918.3
     3     1    20     2    28    21     0     3    21.0   62.014   33.984    879.2    874.9
     1     1    20     2    28    22     0     2    22.0   62.415   41.002     60.3    969.4
     2     1    20     2    28    22     0     2    22.0   62.081   36.075    561.2    910.8
     3     1    20     2    28    22     0     2    22.0   61.831   34.000    892.3    875.3
     1     1    20     2    28    23     0     1    23.0   62.499   40.849     76.8    967.5
     2     1    20     2    28    23     0     1    23.0   62.036   36.173    604.9    904.8
     3     1    20     2    28    23     0     1    23.0   61.664   34.161    908.6    875.2
     1     1    20     2    29     0     0     0    24.0   62.607   40.695     93.0    965.3
     2     1    20     2    29     0     0     0    24.0   61.997   36.417    629.8    900.1
     3     1    20     2    29     0     0     0    24.0   61.514   34.468    932.2    873.9
