     5     1
    GDAS    20     6    15     0     0
    GDAS    20     6    22     0     0
    GDAS    20     6    29     0     0
    GDAS    20     7     1     0     0
    GDAS    20     7     8     0     0
     3 FORWARD  OMEGA   
    20     6    23     0   62.085   49.588   100.0
    20     6    23     0   62.085   49.588   500.0
    20     6    23     0   62.085   49.588  1000.0
     1 PRESSURE
     1     1    20     6    23     0     0     0     0.0   62.085   49.588    100.0    984.2
     2     1    20     6    23     0     0     0     0.0   62.085   49.588    500.0    939.1
     3     1    20     6    23     0     0     0     0.0   62.085   49.588   1000.0    884.2
     1     1    20     6    23     1     0     1     1.0   61.960   49.823    104.6    983.7
     2     1    20     6    23     1     0     1     1.0   61.885   49.866    511.6    936.0
     3     1    20     6    23     1     0     1     1.0   61.866   50.126   1046.1    875.3
     1     1    20     6    23     2     0     2     2.0   61.864   50.089    103.7    982.3
     2     1    20     6    23     2     0     2     2.0   61.691   50.271    494.3    935.0
     3     1    20     6    23     2     0     2     2.0   61.616   50.762   1041.6    871.6
     1     1    20     6    23     3     0     3     3.0   61.790   50.368    100.5    981.0
     2     1    20     6    23     3     0     3     3.0   61.517   50.765    472.2    936.3
     3     1    20     6    23     3     0     3     3.0   61.366   51.419   1016.7    875.0
     1     1    20     6    23     4     0     2     4.0   61.720   50.665    100.5    980.0
     2     1    20     6    23     4     0     2     4.0   61.369   51.287    469.7    937.3
     3     1    20     6    23     4     0     2     4.0   61.142   52.041   1024.4    878.6
     1     1    20     6    23     5     0     1     5.0   61.643   50.991    104.5    978.4
     2     1    20     6    23     5     0     1     5.0   61.239   51.811    484.5    934.4
     3     1    20     6    23     5     0     1     5.0   60.935   52.650   1017.3    866.1
     1     1    20     6    23     6     0     0     6.0   61.560   51.341    110.2    977.5
     2     1    20     6    23     6     0     0     6.0   61.112   52.341    491.7    930.1
     3     1    20     6    23     6     0     0     6.0   60.734   53.286    969.5    877.3
     1     1    20     6    23     7     0     1     7.0   61.471   51.699    116.6    976.1
     2     1    20     6    23     7     0     1     7.0   60.982   52.882    497.1    927.5
     3     1    20     6    23     7     0     1     7.0   60.541   53.946    944.3    883.2
     1     1    20     6    23     8     0     2     8.0   61.375   52.065    121.2    974.5
     2     1    20     6    23     8     0     2     8.0   60.853   53.440    511.5    927.0
     3     1    20     6    23     8     0     2     8.0   60.374   54.606    994.5    883.0
     1     1    20     6    23     9     0     3     9.0   61.270   52.444    125.9    972.5
     2     1    20     6    23     9     0     3     9.0   60.732   54.008    519.7    927.7
     3     1    20     6    23     9     0     3     9.0   60.229   55.261   1146.4    866.6
     1     1    20     6    23    10     0     2    10.0   61.159   52.841    134.6    968.6
     2     1    20     6    23    10     0     2    10.0   60.618   54.560    534.6    928.6
     3     1    20     6    23    10     0     2    10.0   60.064   55.888   1293.2    841.3
     1     1    20     6    23    11     0     1    11.0   61.046   53.246    144.0    967.2
     2     1    20     6    23    11     0     1    11.0   60.503   55.088    536.7    925.6
     3     1    20     6    23    11     0     1    11.0   59.874   56.498   1347.3    838.1
     1     1    20     6    23    12     0     0    12.0   60.933   53.657    148.2    969.2
     2     1    20     6    23    12     0     0    12.0   60.391   55.618    479.0    929.2
     3     1    20     6    23    12     0     0    12.0   59.679   57.166   1308.8    837.9
     1     1    20     6    23    13     0     1    13.0   60.816   54.007    141.9    970.9
     2     1    20     6    23    13     0     1    13.0   60.299   56.175    401.9    943.5
     3     1    20     6    23    13     0     1    13.0   59.502   57.863   1302.8    837.7
     1     1    20     6    23    14     0     2    14.0   60.693   54.259    126.9    972.4
     2     1    20     6    23    14     0     2    14.0   60.222   56.733    381.9    948.4
     3     1    20     6    23    14     0     2    14.0   59.329   58.561   1317.5    809.6
     1     1    20     6    23    15     0     3    15.0   60.582   54.459    106.9    974.8
     2     1    20     6    23    15     0     3    15.0   60.132   57.291    462.2    936.3
     3     1    20     6    23    15     0     3    15.0   59.154   59.266   1230.3    822.0
     1     1    20     6    23    16     0     2    16.0   60.489   54.643     93.8    978.4
     2     1    20     6    23    16     0     2    16.0   60.029   57.734    599.9    905.3
     3     1    20     6    23    16     0     2    16.0   58.997   59.903   1141.5    856.9
     1     1    20     6    23    17     0     1    17.0   60.399   54.820     94.8    978.8
     2     1    20     6    23    17     0     1    17.0   59.938   58.037    661.2    885.2
     3     1    20     6    23    17     0     1    17.0   58.855   60.473   1088.0    866.4
     1     1    20     6    23    18     0     0    18.0   60.292   54.987    114.0    977.5
     2     1    20     6    23    18     0     0    18.0   59.862   58.250    583.5    888.1
     3     1    20     6    23    18     0     0    18.0   58.722   61.060   1064.9    871.5
     1     1    20     6    23    19     0     1    19.0   60.156   55.126    152.0    972.0
     2     1    20     6    23    19     0     1    19.0   59.828   58.439    456.6    907.2
     3     1    20     6    23    19     0     1    19.0   58.610   61.650   1075.9    873.7
     1     1    20     6    23    20     0     2    20.0   59.996   55.160    205.6    966.7
     2     1    20     6    23    20     0     2    20.0   59.828   58.663    371.3    909.4
     3     1    20     6    23    20     0     2    20.0   58.518   62.206   1102.7    870.0
     1     1    20     6    23    21     0     3    21.0   59.833   55.047    274.8    957.6
     2     1    20     6    23    21     0     3    21.0   59.850   58.895    308.9    908.5
     3     1    20     6    23    21     0     3    21.0   58.445   62.751   1123.5    867.3
     1     1    20     6    23    22     0     2    22.0   59.675   54.901    352.4    948.4
     2     1    20     6    23    22     0     2    22.0   59.862   59.128    248.9    915.4
     3     1    20     6    23    22     0     2    22.0   58.396   63.297   1123.2    867.2
     1     1    20     6    23    23     0     1    23.0   59.503   54.863    426.6    937.9
     2     1    20     6    23    23     0     1    23.0   59.848   59.366    186.2    934.2
     3     1    20     6    23    23     0     1    23.0   58.373   63.839   1110.9    872.0
     1     1    20     6    24     0     0     0    24.0   59.315   54.932    465.4    931.8
     2     1    20     6    24     0     0     0    24.0   59.818   59.608    134.6    949.9
     3     1    20     6    24     0     0     0    24.0   58.370   64.393   1107.6    872.6
