     5     1
    GDAS    20     8     8     0     0
    GDAS    20     8    15     0     0
    GDAS    20     8    22     0     0
    GDAS    20     8    29     0     0
    GDAS    20     9     1     0     0
     3 FORWARD  OMEGA   
    20     8    20     0   62.085   49.588   100.0
    20     8    20     0   62.085   49.588   500.0
    20     8    20     0   62.085   49.588  1000.0
     1 PRESSURE
     1     1    20     8    20     0     0     0     0.0   62.085   49.588    100.0    983.5
     2     1    20     8    20     0     0     0     0.0   62.085   49.588    500.0    937.3
     3     1    20     8    20     0     0     0     0.0   62.085   49.588   1000.0    882.4
     1     1    20     8    20     1     0     1     1.0   61.905   49.829    114.0    981.3
     2     1    20     8    20     1     0     1     1.0   61.723   49.757    540.2    931.7
     3     1    20     8    20     1     0     1     1.0   61.750   49.547   1014.3    880.3
     1     1    20     8    20     2     0     2     2.0   61.707   50.097    123.5    977.8
     2     1    20     8    20     2     0     2     2.0   61.348   49.936    576.0    924.3
     3     1    20     8    20     2     0     2     2.0   61.400   49.538   1025.8    875.7
     1     1    20     8    20     3     0     3     3.0   61.491   50.387    128.7    974.9
     2     1    20     8    20     3     0     3     3.0   60.970   50.142    595.7    918.8
     3     1    20     8    20     3     0     3     3.0   61.036   49.587   1024.8    872.8
     1     1    20     8    20     4     0     2     4.0   61.267   50.694    134.5    973.0
     2     1    20     8    20     4     0     2     4.0   60.587   50.369    595.7    916.3
     3     1    20     8    20     4     0     2     4.0   60.656   49.665   1019.2    872.8
     1     1    20     8    20     5     0     1     5.0   61.044   51.019    149.7    971.1
     2     1    20     8    20     5     0     1     5.0   60.201   50.599    587.7    915.3
     3     1    20     8    20     5     0     1     5.0   60.263   49.732   1017.2    871.5
     1     1    20     8    20     6     0     0     6.0   60.814   51.362    171.1    966.2
     2     1    20     8    20     6     0     0     6.0   59.832   50.833    576.4    916.0
     3     1    20     8    20     6     0     0     6.0   59.862   49.805   1027.0    870.0
     1     1    20     8    20     7     0     1     7.0   60.576   51.704    184.2    962.7
     2     1    20     8    20     7     0     1     7.0   59.485   51.072    550.2    920.1
     3     1    20     8    20     7     0     1     7.0   59.472   49.888   1052.6    869.2
     1     1    20     8    20     8     0     2     8.0   60.332   52.050    186.7    960.6
     2     1    20     8    20     8     0     2     8.0   59.158   51.327    504.7    926.0
     3     1    20     8    20     8     0     2     8.0   59.110   49.979   1101.6    867.2
     1     1    20     8    20     9     0     3     9.0   60.086   52.410    185.9    961.4
     2     1    20     8    20     9     0     3     9.0   58.848   51.604    458.0    931.6
     3     1    20     8    20     9     0     3     9.0   58.770   50.060   1174.8    858.1
     1     1    20     8    20    10     0     2    10.0   59.843   52.777    194.9    963.1
     2     1    20     8    20    10     0     2    10.0   58.544   51.916    426.4    934.0
     3     1    20     8    20    10     0     2    10.0   58.446   50.130   1228.8    847.7
     1     1    20     8    20    11     0     1    11.0   59.597   53.142    212.0    959.3
     2     1    20     8    20    11     0     1    11.0   58.238   52.265    403.8    936.6
     3     1    20     8    20    11     0     1    11.0   58.136   50.234   1238.4    847.6
     1     1    20     8    20    12     0     0    12.0   59.349   53.497    219.9    955.2
     2     1    20     8    20    12     0     0    12.0   57.948   52.616    397.9    943.0
     3     1    20     8    20    12     0     0    12.0   57.840   50.397   1229.6    851.5
     1     1    20     8    20    13     0     1    13.0   59.102   53.839    207.6    954.8
     2     1    20     8    20    13     0     1    13.0   57.669   52.961    398.6    942.2
     3     1    20     8    20    13     0     1    13.0   57.544   50.609   1216.2    856.8
     1     1    20     8    20    14     0     2    14.0   58.864   54.173    178.4    960.0
     2     1    20     8    20    14     0     2    14.0   57.375   53.317    378.0    943.0
     3     1    20     8    20    14     0     2    14.0   57.238   50.831   1211.5    861.3
     1     1    20     8    20    15     0     3    15.0   58.639   54.502    151.2    966.0
     2     1    20     8    20    15     0     3    15.0   57.065   53.680    340.6    948.4
     3     1    20     8    20    15     0     3    15.0   56.923   51.056   1223.0    862.1
     1     1    20     8    20    16     0     2    16.0   58.415   54.828    131.8    969.8
     2     1    20     8    20    16     0     2    16.0   56.761   54.016    308.6    955.1
     3     1    20     8    20    16     0     2    16.0   56.605   51.267   1237.5    856.5
     1     1    20     8    20    17     0     1    17.0   58.195   55.148    113.0    972.9
     2     1    20     8    20    17     0     1    17.0   56.462   54.305    289.0    957.3
     3     1    20     8    20    17     0     1    17.0   56.299   51.443   1243.1    854.1
     1     1    20     8    20    18     0     0    18.0   57.992   55.470    105.3    975.9
     2     1    20     8    20    18     0     0    18.0   56.166   54.551    276.1    958.8
     3     1    20     8    20    18     0     0    18.0   56.021   51.574   1243.1    853.7
     1     1    20     8    20    19     0     1    19.0   57.787   55.798    119.4    970.9
     2     1    20     8    20    19     0     1    19.0   55.886   54.777    264.2    959.1
     3     1    20     8    20    19     0     1    19.0   55.756   51.698   1246.6    852.6
     1     1    20     8    20    20     0     2    20.0   57.565   56.123    145.4    962.8
     2     1    20     8    20    20     0     2    20.0   55.635   55.012    257.0    959.1
     3     1    20     8    20    20     0     2    20.0   55.489   51.842   1262.7    849.5
     1     1    20     8    20    21     0     3    21.0   57.330   56.464    178.1    957.1
     2     1    20     8    20    21     0     3    21.0   55.410   55.255    259.8    958.6
     3     1    20     8    20    21     0     3    21.0   55.242   51.990   1300.0    844.2
     1     1    20     8    20    22     0     2    22.0   57.090   56.843    229.6    952.6
     2     1    20     8    20    22     0     2    22.0   55.199   55.512    267.9    957.3
     3     1    20     8    20    22     0     2    22.0   55.027   52.153   1337.7    836.0
     1     1    20     8    20    23     0     1    23.0   56.845   57.238    302.1    941.8
     2     1    20     8    20    23     0     1    23.0   54.998   55.789    276.5    956.4
     3     1    20     8    20    23     0     1    23.0   54.831   52.359   1346.3    834.2
     1     1    20     8    21     0     0     0    24.0   56.597   57.640    365.4    929.5
     2     1    20     8    21     0     0     0    24.0   54.807   56.091    287.5    953.9
     3     1    20     8    21     0     0     0    24.0   54.639   52.612   1318.2    837.2
