     5     1
    GDAS    20     5     1     0     0
    GDAS    20     5     8     0     0
    GDAS    20     5    15     0     0
    GDAS    20     5    22     0     0
    GDAS    20     5    29     0     0
     3 FORWARD  OMEGA   
    20     5    10     0   62.085   49.588   100.0
    20     5    10     0   62.085   49.588   500.0
    20     5    10     0   62.085   49.588  1000.0
     1 PRESSURE
     1     1    20     5    10     0     0     0     0.0   62.085   49.588    100.0    983.4
     2     1    20     5    10     0     0     0     0.0   62.085   49.588    500.0    937.6
     3     1    20     5    10     0     0     0     0.0   62.085   49.588   1000.0    882.6
     1     1    20     5    10     1     0     1     1.0   62.018   49.550    109.8    982.3
     2     1    20     5    10     1     0     1     1.0   62.013   49.626    512.7    936.5
     3     1    20     5    10     1     0     1     1.0   62.114   49.868   1015.9    881.4
     1     1    20     5    10     2     0     2     2.0   61.951   49.529    116.4    981.1
     2     1    20     5    10     2     0     2     2.0   61.951   49.633    518.3    935.0
     3     1    20     5    10     2     0     2     2.0   62.159   50.140   1011.3    876.9
     1     1    20     5    10     3     0     3     3.0   61.884   49.521    120.2    979.9
     2     1    20     5    10     3     0     3     3.0   61.896   49.601    514.8    934.9
     3     1    20     5    10     3     0     3     3.0   62.202   50.369    957.6    881.4
     1     1    20     5    10     4     0     2     4.0   61.809   49.507    123.7    979.2
     2     1    20     5    10     4     0     2     4.0   61.832   49.546    505.7    935.7
     3     1    20     5    10     4     0     2     4.0   62.239   50.561    881.8    891.2
     1     1    20     5    10     5     0     1     5.0   61.720   49.464    130.1    978.0
     2     1    20     5    10     5     0     1     5.0   61.747   49.474    498.4    936.5
     3     1    20     5    10     5     0     1     5.0   62.267   50.754    814.2    898.0
     1     1    20     5    10     6     0     0     6.0   61.617   49.389    143.1    976.0
     2     1    20     5    10     6     0     0     6.0   61.645   49.374    506.5    935.7
     3     1    20     5    10     6     0     0     6.0   62.285   50.956    766.4    903.1
     1     1    20     5    10     7     0     1     7.0   61.500   49.287    158.2    973.0
     2     1    20     5    10     7     0     1     7.0   61.532   49.248    521.5    931.3
     3     1    20     5    10     7     0     1     7.0   62.283   51.150    733.6    905.3
     1     1    20     5    10     8     0     2     8.0   61.368   49.169    165.0    971.1
     2     1    20     5    10     8     0     2     8.0   61.401   49.105    518.2    930.0
     3     1    20     5    10     8     0     2     8.0   62.254   51.297    704.0    908.7
     1     1    20     5    10     9     0     3     9.0   61.215   49.036    158.7    970.1
     2     1    20     5    10     9     0     3     9.0   61.242   48.939    484.3    931.8
     3     1    20     5    10     9     0     3     9.0   62.198   51.394    675.1    912.0
     1     1    20     5    10    10     0     2    10.0   61.041   48.877    148.8    970.7
     2     1    20     5    10    10     0     2    10.0   61.046   48.729    443.8    938.2
     3     1    20     5    10    10     0     2    10.0   62.119   51.422    653.9    915.6
     1     1    20     5    10    11     0     1    11.0   60.851   48.681    142.7    970.5
     2     1    20     5    10    11     0     1    11.0   60.824   48.462    417.5    940.1
     3     1    20     5    10    11     0     1    11.0   62.024   51.367    651.3    916.2
     1     1    20     5    10    12     0     0    12.0   60.652   48.455    136.5    970.6
     2     1    20     5    10    12     0     0    12.0   60.586   48.157    393.0    942.0
     3     1    20     5    10    12     0     0    12.0   61.922   51.230    672.0    914.1
     1     1    20     5    10    13     0     1    13.0   60.448   48.208    136.9    970.7
     2     1    20     5    10    13     0     1    13.0   60.341   47.814    383.9    944.5
     3     1    20     5    10    13     0     1    13.0   61.823   51.026    693.6    908.4
     1     1    20     5    10    14     0     2    14.0   60.233   47.933    146.9    968.4
     2     1    20     5    10    14     0     2    14.0   60.095   47.411    428.4    941.0
     3     1    20     5    10    14     0     2    14.0   61.709   50.755    692.2    909.3
     1     1    20     5    10    15     0     3    15.0   60.008   47.623    173.2    966.4
     2     1    20     5    10    15     0     3    15.0   59.874   46.979    546.0    926.3
     3     1    20     5    10    15     0     3    15.0   61.560   50.412    677.4    912.6
     1     1    20     5    10    16     0     2    16.0   59.836   47.332    216.5    960.7
     2     1    20     5    10    16     0     2    16.0   59.732   46.571    663.0    906.4
     3     1    20     5    10    16     0     2    16.0   61.398   49.994    683.8    915.1
     1     1    20     5    10    17     0     1    17.0   59.732   47.064    255.6    955.8
     2     1    20     5    10    17     0     1    17.0   59.661   46.200    701.1    902.3
     3     1    20     5    10    17     0     1    17.0   61.267   49.485    702.9    908.9
     1     1    20     5    10    18     0     0    18.0   59.667   46.791    277.9    953.0
     2     1    20     5    10    18     0     0    18.0   59.628   45.859    686.1    905.9
     3     1    20     5    10    18     0     0    18.0   61.144   48.824    700.2    907.9
     1     1    20     5    10    19     0     1    19.0   59.642   46.536    288.2    952.7
     2     1    20     5    10    19     0     1    19.0   59.613   45.520    684.9    912.1
     3     1    20     5    10    19     0     1    19.0   61.022   48.075    728.5    905.8
     1     1    20     5    10    20     0     2    20.0   59.659   46.290    297.1    951.4
     2     1    20     5    10    20     0     2    20.0   59.630   45.177    736.0    905.3
     3     1    20     5    10    20     0     2    20.0   60.936   47.406    810.0    896.4
     1     1    20     5    10    21     0     3    21.0   59.716   46.021    301.0    950.4
     2     1    20     5    10    21     0     3    21.0   59.682   44.824    813.9    893.9
     3     1    20     5    10    21     0     3    21.0   60.892   46.774    906.8    884.4
     1     1    20     5    10    22     0     2    22.0   59.787   45.763    323.0    951.1
     2     1    20     5    10    22     0     2    22.0   59.743   44.484    867.3    885.3
     3     1    20     5    10    22     0     2    22.0   60.872   46.181    955.3    874.3
     1     1    20     5    10    23     0     1    23.0   59.879   45.588    390.1    943.8
     2     1    20     5    10    23     0     1    23.0   59.788   44.189    871.5    885.5
     3     1    20     5    10    23     0     1    23.0   60.870   45.679    955.0    878.9
     1     1    20     5    11     0     0     0    24.0   60.003   45.514    502.9    930.4
     2     1    20     5    11     0     0     0    24.0   59.830   43.956    850.4    889.4
     3     1    20     5    11     0     0     0    24.0   60.888   45.272    937.1    881.2
