     5     1
    GDAS    20     4    22     0     0
    GDAS    20     4    29     0     0
    GDAS    20     5     1     0     0
    GDAS    20     5     8     0     0
    GDAS    20     5    15     0     0
     3 FORWARD  OMEGA   
    20     4    30     0   62.085   49.588   100.0
    20     4    30     0   62.085   49.588   500.0
    20     4    30     0   62.085   49.588  1000.0
     1 PRESSURE
     1     1    20     4    30     0     0     0     0.0   62.085   49.588    100.0    976.2
     2     1    20     4    30     0     0     0     0.0   62.085   49.588    500.0    928.8
     3     1    20     4    30     0     0     0     0.0   62.085   49.588   1000.0    872.1
     1     1    20     4    30     1     0     1     1.0   62.030   49.477    104.6    975.7
     2     1    20     4    30     1     0     1     1.0   62.031   49.446    498.4    929.9
     3     1    20     4    30     1     0     1     1.0   62.079   49.434   1004.8    871.8
     1     1    20     4    30     2     0     2     2.0   61.969   49.361    109.3    974.8
     2     1    20     4    30     2     0     2     2.0   61.968   49.264    507.0    928.6
     3     1    20     4    30     2     0     2     2.0   62.073   49.231   1015.9    870.1
     1     1    20     4    30     3     0     3     3.0   61.903   49.240    113.8    973.4
     2     1    20     4    30     3     0     3     3.0   61.898   49.040    523.5    925.6
     3     1    20     4    30     3     0     3     3.0   62.059   48.992   1032.0    868.0
     1     1    20     4    30     4     0     2     4.0   61.832   49.113    117.7    972.5
     2     1    20     4    30     4     0     2     4.0   61.822   48.775    528.1    921.4
     3     1    20     4    30     4     0     2     4.0   62.034   48.718   1041.6    864.5
     1     1    20     4    30     5     0     1     5.0   61.755   48.977    119.3    971.7
     2     1    20     4    30     5     0     1     5.0   61.733   48.484    512.1    922.3
     3     1    20     4    30     5     0     1     5.0   61.998   48.416   1035.7    863.9
     1     1    20     4    30     6     0     0     6.0   61.671   48.828    118.5    970.8
     2     1    20     4    30     6     0     0     6.0   61.627   48.189    493.5    923.9
     3     1    20     4    30     6     0     0     6.0   61.952   48.110   1021.9    864.1
     1     1    20     4    30     7     0     1     7.0   61.577   48.668    122.1    969.8
     2     1    20     4    30     7     0     1     7.0   61.497   47.915    496.9    924.7
     3     1    20     4    30     7     0     1     7.0   61.890   47.810   1028.1    865.4
     1     1    20     4    30     8     0     2     8.0   61.465   48.507    135.6    967.1
     2     1    20     4    30     8     0     2     8.0   61.333   47.678    522.8    919.9
     3     1    20     4    30     8     0     2     8.0   61.808   47.526   1053.9    860.3
     1     1    20     4    30     9     0     3     9.0   61.327   48.360    158.5    963.6
     2     1    20     4    30     9     0     3     9.0   61.122   47.502    553.1    916.6
     3     1    20     4    30     9     0     3     9.0   61.699   47.288   1066.3    857.9
     1     1    20     4    30    10     0     2    10.0   61.160   48.263    184.8    960.6
     2     1    20     4    30    10     0     2    10.0   60.875   47.409    589.6    913.8
     3     1    20     4    30    10     0     2    10.0   61.553   47.136   1071.4    859.8
     1     1    20     4    30    11     0     1    11.0   60.976   48.255    214.9    958.3
     2     1    20     4    30    11     0     1    11.0   60.615   47.395    641.0    909.4
     3     1    20     4    30    11     0     1    11.0   61.374   47.091   1088.4    859.4
     1     1    20     4    30    12     0     0    12.0   60.784   48.341    255.7    953.8
     2     1    20     4    30    12     0     0    12.0   60.339   47.451    709.7    901.9
     3     1    20     4    30    12     0     0    12.0   61.171   47.174   1113.4    856.7
     1     1    20     4    30    13     0     1    13.0   60.577   48.502    296.2    947.9
     2     1    20     4    30    13     0     1    13.0   60.041   47.555    791.6    892.4
     3     1    20     4    30    13     0     1    13.0   60.951   47.347   1141.5    853.8
     1     1    20     4    30    14     0     2    14.0   60.347   48.721    318.5    945.1
     2     1    20     4    30    14     0     2    14.0   59.735   47.738    862.6    883.6
     3     1    20     4    30    14     0     2    14.0   60.722   47.540   1177.0    850.9
     1     1    20     4    30    15     0     3    15.0   60.086   49.001    306.8    945.7
     2     1    20     4    30    15     0     3    15.0   59.411   48.019    895.9    879.7
     3     1    20     4    30    15     0     3    15.0   60.480   47.769   1209.4    846.4
     1     1    20     4    30    16     0     2    16.0   59.818   49.342    291.3    950.8
     2     1    20     4    30    16     0     2    16.0   59.080   48.348    884.7    882.7
     3     1    20     4    30    16     0     2    16.0   60.229   48.087   1212.6    845.7
     1     1    20     4    30    17     0     1    17.0   59.562   49.753    293.9    948.1
     2     1    20     4    30    17     0     1    17.0   58.770   48.730    857.4    889.1
     3     1    20     4    30    17     0     1    17.0   59.985   48.502   1180.0    850.4
     1     1    20     4    30    18     0     0    18.0   59.309   50.217    288.6    949.9
     2     1    20     4    30    18     0     0    18.0   58.464   49.155    845.0    892.2
     3     1    20     4    30    18     0     0    18.0   59.768   48.974   1134.5    857.9
     1     1    20     4    30    19     0     1    19.0   59.074   50.695    289.4    954.4
     2     1    20     4    30    19     0     1    19.0   58.164   49.581    839.4    887.7
     3     1    20     4    30    19     0     1    19.0   59.555   49.454   1081.4    860.9
     1     1    20     4    30    20     0     2    20.0   58.870   51.190    303.1    950.8
     2     1    20     4    30    20     0     2    20.0   57.892   50.006    792.8    888.1
     3     1    20     4    30    20     0     2    20.0   59.312   49.946   1014.7    868.7
     1     1    20     4    30    21     0     3    21.0   58.678   51.714    295.9    946.1
     2     1    20     4    30    21     0     3    21.0   57.633   50.421    715.7    905.6
     3     1    20     4    30    21     0     3    21.0   59.063   50.497    956.1    879.7
     1     1    20     4    30    22     0     2    22.0   58.500   52.253    269.4    950.9
     2     1    20     4    30    22     0     2    22.0   57.394   50.819    655.8    921.1
     3     1    20     4    30    22     0     2    22.0   58.835   51.091    918.3    883.6
     1     1    20     4    30    23     0     1    23.0   58.350   52.787    248.7    958.0
     2     1    20     4    30    23     0     1    23.0   57.188   51.181    615.8    925.9
     3     1    20     4    30    23     0     1    23.0   58.629   51.671    882.8    883.0
     1     1    20     5     1     0     0     0    24.0   58.216   53.299    235.1    960.5
     2     1    20     5     1     0     0     0    24.0   57.008   51.477    575.2    929.8
     3     1    20     5     1     0     0     0    24.0   58.443   52.232    838.8    886.5
