     5     1
    GDAS    20     5     8     0     0
    GDAS    20     5    15     0     0
    GDAS    20     5    22     0     0
    GDAS    20     5    29     0     0
    GDAS    20     6     1     0     0
     3 FORWARD  OMEGA   
    20     5    16     0   62.085   49.588   100.0
    20     5    16     0   62.085   49.588   500.0
    20     5    16     0   62.085   49.588  1000.0
     1 PRESSURE
     1     1    20     5    16     0     0     0     0.0   62.085   49.588    100.0    977.4
     2     1    20     5    16     0     0     0     0.0   62.085   49.588    500.0    931.2
     3     1    20     5    16     0     0     0     0.0   62.085   49.588   1000.0    875.2
     1     1    20     5    16     1     0     1     1.0   62.048   49.525     99.8    977.6
     2     1    20     5    16     1     0     1     1.0   62.012   49.505    483.6    933.0
     3     1    20     5    16     1     0     1     1.0   61.954   49.512    992.3    875.5
     1     1    20     5    16     2     0     2     2.0   61.999   49.468     98.8    977.8
     2     1    20     5    16     2     0     2     2.0   61.913   49.415    457.5    935.2
     3     1    20     5    16     2     0     2     2.0   61.797   49.401    975.1    876.3
     1     1    20     5    16     3     0     3     3.0   61.935   49.417     95.4    977.5
     2     1    20     5    16     3     0     3     3.0   61.780   49.334    419.1    938.1
     3     1    20     5    16     3     0     3     3.0   61.601   49.291    934.5    877.2
     1     1    20     5    16     4     0     2     4.0   61.846   49.391     92.0    977.6
     2     1    20     5    16     4     0     2     4.0   61.609   49.308    382.0    943.4
     3     1    20     5    16     4     0     2     4.0   61.353   49.256    877.4    883.6
     1     1    20     5    16     5     0     1     5.0   61.725   49.413     90.7    976.9
     2     1    20     5    16     5     0     1     5.0   61.395   49.368    361.9    943.8
     3     1    20     5    16     5     0     1     5.0   61.075   49.336    862.7    885.1
     1     1    20     5    16     6     0     0     6.0   61.573   49.492     89.4    975.9
     2     1    20     5    16     6     0     0     6.0   61.143   49.525    348.2    942.5
     3     1    20     5    16     6     0     0     6.0   60.789   49.541    893.7    879.6
     1     1    20     5    16     7     0     1     7.0   61.405   49.619     83.3    975.3
     2     1    20     5    16     7     0     1     7.0   60.875   49.780    322.8    942.6
     3     1    20     5    16     7     0     1     7.0   60.499   49.862    927.5    872.0
     1     1    20     5    16     8     0     2     8.0   61.234   49.781     68.4    976.2
     2     1    20     5    16     8     0     2     8.0   60.621   50.101    296.0    945.9
     3     1    20     5    16     8     0     2     8.0   60.218   50.270    964.2    869.0
     1     1    20     5    16     9     0     3     9.0   61.063   49.970     45.8    978.1
     2     1    20     5    16     9     0     3     9.0   60.397   50.466    285.1    945.4
     3     1    20     5    16     9     0     3     9.0   59.936   50.770    968.8    860.7
     1     1    20     5    16    10     0     2    10.0   60.914   50.157     31.3    981.3
     2     1    20     5    16    10     0     2    10.0   60.197   50.864    267.7    944.4
     3     1    20     5    16    10     0     2    10.0   59.664   51.317    896.9    874.9
     1     1    20     5    16    11     0     1    11.0   60.786   50.349     28.2    979.8
     2     1    20     5    16    11     0     1    11.0   60.021   51.272    244.6    948.4
     3     1    20     5    16    11     0     1    11.0   59.455   51.861    819.9    883.5
     1     1    20     5    16    12     0     0    12.0   60.669   50.551     31.9    978.3
     2     1    20     5    16    12     0     0    12.0   59.866   51.705    224.6    950.9
     3     1    20     5    16    12     0     0    12.0   59.274   52.423    742.6    892.2
     1     1    20     5    16    13     0     1    13.0   60.562   50.762     38.5    976.9
     2     1    20     5    16    13     0     1    13.0   59.733   52.159    197.9    955.0
     3     1    20     5    16    13     0     1    13.0   59.102   53.001    688.5    902.2
     1     1    20     5    16    14     0     2    14.0   60.467   50.979     45.4    975.6
     2     1    20     5    16    14     0     2    14.0   59.625   52.592    174.3    960.6
     3     1    20     5    16    14     0     2    14.0   58.941   53.597    641.3    902.5
     1     1    20     5    16    15     0     3    15.0   60.388   51.200     50.8    974.6
     2     1    20     5    16    15     0     3    15.0   59.534   53.011    158.5    963.3
     3     1    20     5    16    15     0     3    15.0   58.797   54.205    582.2    912.8
     1     1    20     5    16    16     0     2    16.0   60.326   51.422     52.3    974.3
     2     1    20     5    16    16     0     2    16.0   59.458   53.424    141.3    963.1
     3     1    20     5    16    16     0     2    16.0   58.661   54.796    533.1    923.3
     1     1    20     5    16    17     0     1    17.0   60.283   51.634     49.3    975.0
     2     1    20     5    16    17     0     1    17.0   59.395   53.819    120.8    965.0
     3     1    20     5    16    17     0     1    17.0   58.521   55.376    496.7    929.5
     1     1    20     5    16    18     0     0    18.0   60.260   51.828     43.4    976.3
     2     1    20     5    16    18     0     0    18.0   59.340   54.188    103.0    969.1
     3     1    20     5    16    18     0     0    18.0   58.379   55.967    488.7    932.8
     1     1    20     5    16    19     0     1    19.0   60.252   52.008     37.7    977.3
     2     1    20     5    16    19     0     1    19.0   59.291   54.529     89.9    973.5
     3     1    20     5    16    19     0     1    19.0   58.220   56.546    504.4    925.9
     1     1    20     5    16    20     0     2    20.0   60.251   52.191     34.1    978.2
     2     1    20     5    16    20     0     2    20.0   59.248   54.838     82.6    977.2
     3     1    20     5    16    20     0     2    20.0   58.022   57.080    521.5    919.1
     1     1    20     5    16    21     0     3    21.0   60.252   52.383     32.3    978.9
     2     1    20     5    16    21     0     3    21.0   59.210   55.121     78.7    978.6
     3     1    20     5    16    21     0     3    21.0   57.801   57.564    541.8    914.3
     1     1    20     5    16    22     0     2    22.0   60.255   52.583     31.4    979.8
     2     1    20     5    16    22     0     2    22.0   59.176   55.392     71.2    979.9
     3     1    20     5    16    22     0     2    22.0   57.579   57.990    553.1    908.3
     1     1    20     5    16    23     0     1    23.0   60.263   52.782     30.7    980.8
     2     1    20     5    16    23     0     1    23.0   59.148   55.656     58.8    982.0
     3     1    20     5    16    23     0     1    23.0   57.372   58.360    541.8    907.9
     1     1    20     5    17     0     0     0    24.0   60.275   52.970     30.4    981.5
     2     1    20     5    17     0     0     0    24.0   59.130   55.908     46.5    984.0
     3     1    20     5    17     0     0     0    24.0   57.178   58.680    518.2    909.4
