     5     1
    GDAS    20     8     1     0     0
    GDAS    20     8     8     0     0
    GDAS    20     8    15     0     0
    GDAS    20     8    22     0     0
    GDAS    20     8    29     0     0
     3 FORWARD  OMEGA   
    20     8    10     0   62.085   49.588   100.0
    20     8    10     0   62.085   49.588   500.0
    20     8    10     0   62.085   49.588  1000.0
     1 PRESSURE
     1     1    20     8    10     0     0     0     0.0   62.085   49.588    100.0    989.0
     2     1    20     8    10     0     0     0     0.0   62.085   49.588    500.0    942.1
     3     1    20     8    10     0     0     0     0.0   62.085   49.588   1000.0    886.8
     1     1    20     8    10     1     0     1     1.0   61.943   49.568    115.3    987.3
     2     1    20     8    10     1     0     1     1.0   61.881   49.419    509.5    941.4
     3     1    20     8    10     1     0     1     1.0   61.900   49.432    993.6    888.2
     1     1    20     8    10     2     0     2     2.0   61.793   49.554    129.4    984.3
     2     1    20     8    10     2     0     2     2.0   61.666   49.279    524.6    938.0
     3     1    20     8    10     2     0     2     2.0   61.706   49.297    996.5    886.6
     1     1    20     8    10     3     0     3     3.0   61.641   49.549    142.4    981.6
     2     1    20     8    10     3     0     3     3.0   61.434   49.152    544.5    934.0
     3     1    20     8    10     3     0     3     3.0   61.498   49.178   1010.8    883.5
     1     1    20     8    10     4     0     2     4.0   61.488   49.545    153.6    979.1
     2     1    20     8    10     4     0     2     4.0   61.198   49.028    557.3    929.9
     3     1    20     8    10     4     0     2     4.0   61.284   49.059   1017.2    879.2
     1     1    20     8    10     5     0     1     5.0   61.337   49.533    160.9    977.2
     2     1    20     8    10     5     0     1     5.0   60.979   48.911    551.9    929.3
     3     1    20     8    10     5     0     1     5.0   61.078   48.926    996.0    880.2
     1     1    20     8    10     6     0     0     6.0   61.192   49.516    163.8    975.7
     2     1    20     8    10     6     0     0     6.0   60.788   48.811    533.3    931.8
     3     1    20     8    10     6     0     0     6.0   60.891   48.781    953.3    885.4
     1     1    20     8    10     7     0     1     7.0   61.052   49.504    164.2    974.5
     2     1    20     8    10     7     0     1     7.0   60.619   48.742    513.9    934.7
     3     1    20     8    10     7     0     1     7.0   60.724   48.657    908.1    891.7
     1     1    20     8    10     8     0     2     8.0   60.919   49.500    165.3    973.4
     2     1    20     8    10     8     0     2     8.0   60.461   48.708    501.0    935.8
     3     1    20     8    10     8     0     2     8.0   60.568   48.581    871.1    895.3
     1     1    20     8    10     9     0     3     9.0   60.792   49.506    168.2    972.3
     2     1    20     8    10     9     0     3     9.0   60.315   48.703    492.8    936.5
     3     1    20     8    10     9     0     3     9.0   60.426   48.550    841.6    898.3
     1     1    20     8    10    10     0     2    10.0   60.664   49.522    169.2    971.5
     2     1    20     8    10    10     0     2    10.0   60.172   48.722    478.6    937.1
     3     1    20     8    10    10     0     2    10.0   60.288   48.553    804.3    900.8
     1     1    20     8    10    11     0     1    11.0   60.532   49.548    166.7    971.5
     2     1    20     8    10    11     0     1    11.0   60.022   48.765    453.1    940.7
     3     1    20     8    10    11     0     1    11.0   60.143   48.579    747.5    907.5
     1     1    20     8    10    12     0     0    12.0   60.394   49.581    164.1    971.3
     2     1    20     8    10    12     0     0    12.0   59.861   48.830    420.5    944.6
     3     1    20     8    10    12     0     0    12.0   59.990   48.632    681.1    915.9
     1     1    20     8    10    13     0     1    13.0   60.247   49.616    166.8    970.5
     2     1    20     8    10    13     0     1    13.0   59.688   48.894    393.7    949.4
     3     1    20     8    10    13     0     1    13.0   59.826   48.688    622.8    923.8
     1     1    20     8    10    14     0     2    14.0   60.087   49.649    176.3    968.3
     2     1    20     8    10    14     0     2    14.0   59.503   48.937    385.5    950.2
     3     1    20     8    10    14     0     2    14.0   59.650   48.725    581.2    927.9
     1     1    20     8    10    15     0     3    15.0   59.916   49.674    188.1    966.5
     2     1    20     8    10    15     0     3    15.0   59.300   48.959    401.5    948.7
     3     1    20     8    10    15     0     3    15.0   59.461   48.742    557.6    930.4
     1     1    20     8    10    16     0     2    16.0   59.733   49.680    199.6    966.4
     2     1    20     8    10    16     0     2    16.0   59.080   48.938    428.7    943.5
     3     1    20     8    10    16     0     2    16.0   59.263   48.723    546.2    930.9
     1     1    20     8    10    17     0     1    17.0   59.536   49.658    210.2    966.0
     2     1    20     8    10    17     0     1    17.0   58.854   48.865    442.0    941.3
     3     1    20     8    10    17     0     1    17.0   59.065   48.651    533.6    931.8
     1     1    20     8    10    18     0     0    18.0   59.325   49.607    217.9    966.1
     2     1    20     8    10    18     0     0    18.0   58.622   48.770    437.4    942.6
     3     1    20     8    10    18     0     0    18.0   58.870   48.540    515.0    934.3
     1     1    20     8    10    19     0     1    19.0   59.108   49.536    219.5    966.5
     2     1    20     8    10    19     0     1    19.0   58.391   48.674    421.7    945.7
     3     1    20     8    10    19     0     1    19.0   58.683   48.424    493.7    937.7
     1     1    20     8    10    20     0     2    20.0   58.892   49.461    213.6    967.3
     2     1    20     8    10    20     0     2    20.0   58.177   48.573    401.7    949.5
     3     1    20     8    10    20     0     2    20.0   58.511   48.313    476.7    941.1
     1     1    20     8    10    21     0     3    21.0   58.684   49.382    199.6    968.5
     2     1    20     8    10    21     0     3    21.0   57.985   48.448    385.3    953.6
     3     1    20     8    10    21     0     3    21.0   58.357   48.194    471.9    943.4
     1     1    20     8    10    22     0     2    22.0   58.498   49.301    181.6    970.8
     2     1    20     8    10    22     0     2    22.0   57.818   48.322    377.9    954.5
     3     1    20     8    10    22     0     2    22.0   58.227   48.081    475.1    943.5
     1     1    20     8    10    23     0     1    23.0   58.345   49.222    164.7    972.8
     2     1    20     8    10    23     0     1    23.0   57.672   48.221    373.8    954.3
     3     1    20     8    10    23     0     1    23.0   58.119   47.992    472.5    944.7
     1     1    20     8    11     0     0     0    24.0   58.221   49.148    149.4    974.9
     2     1    20     8    11     0     0     0    24.0   57.542   48.145    366.5    954.5
     3     1    20     8    11     0     0     0    24.0   58.032   47.927    459.4    946.4
