     5     1
    GDAS    20     1     8     0     0
    GDAS    20     1    15     0     0
    GDAS    20     1    22     0     0
    GDAS    20     1    29     0     0
    GDAS    20     2     1     0     0
     3 FORWARD  OMEGA   
    20     1    19     0   62.085   49.588   100.0
    20     1    19     0   62.085   49.588   500.0
    20     1    19     0   62.085   49.588  1000.0
     1 PRESSURE
     1     1    20     1    19     0     0     0     0.0   62.085   49.588    100.0    989.9
     2     1    20     1    19     0     0     0     0.0   62.085   49.588    500.0    940.2
     3     1    20     1    19     0     0     0     0.0   62.085   49.588   1000.0    882.3
     1     1    20     1    19     1     0     1     1.0   62.181   49.253    110.3    986.2
     2     1    20     1    19     1     0     1     1.0   62.336   49.366    534.4    932.2
     3     1    20     1    19     1     0     1     1.0   62.257   49.689   1091.0    869.3
     1     1    20     1    19     2     0     2     2.0   62.269   48.877    120.1    981.8
     2     1    20     1    19     2     0     2     2.0   62.568   49.123    562.9    924.1
     3     1    20     1    19     2     0     2     2.0   62.400   49.787   1182.8    858.7
     1     1    20     1    19     3     0     3     3.0   62.347   48.473    128.1    977.8
     2     1    20     1    19     3     0     3     3.0   62.791   48.794    586.2    918.5
     3     1    20     1    19     3     0     3     3.0   62.513   49.876   1292.6    847.0
     1     1    20     1    19     4     0     2     4.0   62.414   48.064    134.2    975.7
     2     1    20     1    19     4     0     2     4.0   63.028   48.302    619.8    917.1
     3     1    20     1    19     4     0     2     4.0   62.596   49.961   1393.3    831.5
     1     1    20     1    19     5     0     1     5.0   62.468   47.678    141.1    975.2
     2     1    20     1    19     5     0     1     5.0   63.258   47.731    653.0    913.6
     3     1    20     1    19     5     0     1     5.0   62.660   50.006   1457.4    825.3
     1     1    20     1    19     6     0     0     6.0   62.505   47.326    152.6    974.1
     2     1    20     1    19     6     0     0     6.0   63.456   47.191    671.8    914.6
     3     1    20     1    19     6     0     0     6.0   62.713   49.987   1498.2    821.2
     1     1    20     1    19     7     0     1     7.0   62.532   47.000    164.4    972.5
     2     1    20     1    19     7     0     1     7.0   63.644   46.663    681.7    914.1
     3     1    20     1    19     7     0     1     7.0   62.754   49.915   1512.9    818.2
     1     1    20     1    19     8     0     2     8.0   62.557   46.703    171.4    973.0
     2     1    20     1    19     8     0     2     8.0   63.852   46.084    680.9    911.4
     3     1    20     1    19     8     0     2     8.0   62.779   49.812   1496.3    819.5
     1     1    20     1    19     9     0     3     9.0   62.581   46.442    178.2    973.9
     2     1    20     1    19     9     0     3     9.0   64.095   45.437    662.7    917.0
     3     1    20     1    19     9     0     3     9.0   62.794   49.669   1451.3    823.6
     1     1    20     1    19    10     0     2    10.0   62.611   46.204    193.7    973.7
     2     1    20     1    19    10     0     2    10.0   64.342   44.800    635.2    926.2
     3     1    20     1    19    10     0     2    10.0   62.803   49.491   1400.6    830.7
     1     1    20     1    19    11     0     1    11.0   62.656   45.969    220.2    970.9
     2     1    20     1    19    11     0     1    11.0   64.571   44.185    617.7    933.1
     3     1    20     1    19    11     0     1    11.0   62.805   49.297   1363.4    833.9
     1     1    20     1    19    12     0     0    12.0   62.725   45.730    247.0    966.5
     2     1    20     1    19    12     0     0    12.0   64.799   43.533    612.6    932.9
     3     1    20     1    19    12     0     0    12.0   62.799   49.097   1339.1    835.9
     1     1    20     1    19    13     0     1    13.0   62.817   45.468    263.2    963.1
     2     1    20     1    19    13     0     1    13.0   65.041   42.769    613.9    927.8
     3     1    20     1    19    13     0     1    13.0   62.804   48.890   1322.5    836.8
     1     1    20     1    19    14     0     2    14.0   62.927   45.173    265.5    961.5
     2     1    20     1    19    14     0     2    14.0   65.294   41.948    594.1    932.0
     3     1    20     1    19    14     0     2    14.0   62.846   48.647   1307.1    839.0
     1     1    20     1    19    15     0     3    15.0   63.043   44.843    252.8    961.7
     2     1    20     1    19    15     0     3    15.0   65.535   41.168    559.9    938.2
     3     1    20     1    19    15     0     3    15.0   62.935   48.349   1303.6    840.4
     1     1    20     1    19    16     0     2    16.0   63.161   44.453    236.6    965.0
     2     1    20     1    19    16     0     2    16.0   65.755   40.385    528.0    947.4
     3     1    20     1    19    16     0     2    16.0   63.066   47.999   1316.8    840.7
     1     1    20     1    19    17     0     1    17.0   63.271   44.006    224.3    967.7
     2     1    20     1    19    17     0     1    17.0   65.947   39.578    551.9    945.8
     3     1    20     1    19    17     0     1    17.0   63.201   47.687   1335.0    839.0
     1     1    20     1    19    18     0     0    18.0   63.366   43.507    215.6    972.1
     2     1    20     1    19    18     0     0    18.0   66.132   38.761    613.1    935.0
     3     1    20     1    19    18     0     0    18.0   63.328   47.429   1346.1    838.5
     1     1    20     1    19    19     0     1    19.0   63.443   42.979    210.1    975.4
     2     1    20     1    19    19     0     1    19.0   66.307   38.066    632.7    927.8
     3     1    20     1    19    19     0     1    19.0   63.447   47.183   1352.2    838.9
     1     1    20     1    19    20     0     2    20.0   63.492   42.513    212.5    980.6
     2     1    20     1    19    20     0     2    20.0   66.468   37.551    633.9    926.6
     3     1    20     1    19    20     0     2    20.0   63.560   46.923   1353.3    839.1
     1     1    20     1    19    21     0     3    21.0   63.514   42.136    223.2    982.6
     2     1    20     1    19    21     0     3    21.0   66.632   37.192    644.1    923.1
     3     1    20     1    19    21     0     3    21.0   63.674   46.626   1349.6    839.1
     1     1    20     1    19    22     0     2    22.0   63.523   41.824    238.1    980.3
     2     1    20     1    19    22     0     2    22.0   66.809   36.985    664.9    918.5
     3     1    20     1    19    22     0     2    22.0   63.792   46.280   1338.9    838.1
     1     1    20     1    19    23     0     1    23.0   63.530   41.564    251.9    975.4
     2     1    20     1    19    23     0     1    23.0   67.001   36.938    692.0    911.0
     3     1    20     1    19    23     0     1    23.0   63.918   45.885   1310.2    840.2
     1     1    20     1    20     0     0     0    24.0   63.539   41.345    257.3    972.2
     2     1    20     1    20     0     0     0    24.0   67.203   37.051    710.4    903.9
     3     1    20     1    20     0     0     0    24.0   64.045   45.449   1262.8    848.9
