     5     1
    GDAS    20     7     8     0     0
    GDAS    20     7    15     0     0
    GDAS    20     7    22     0     0
    GDAS    20     7    29     0     0
    GDAS    20     8     1     0     0
     3 FORWARD  OMEGA   
    20     7    20     0   62.085   49.588   100.0
    20     7    20     0   62.085   49.588   500.0
    20     7    20     0   62.085   49.588  1000.0
     1 PRESSURE
     1     1    20     7    20     0     0     0     0.0   62.085   49.588    100.0    993.4
     2     1    20     7    20     0     0     0     0.0   62.085   49.588    500.0    946.8
     3     1    20     7    20     0     0     0     0.0   62.085   49.588   1000.0    892.2
     1     1    20     7    20     1     0     1     1.0   62.010   49.308    108.7    992.5
     2     1    20     7    20     1     0     1     1.0   62.014   49.054    534.1    943.3
     3     1    20     7    20     1     0     1     1.0   61.955   49.237   1024.2    889.2
     1     1    20     7    20     2     0     2     2.0   61.927   49.040    116.0    990.1
     2     1    20     7    20     2     0     2     2.0   61.927   48.578    544.3    935.8
     3     1    20     7    20     2     0     2     2.0   61.821   48.889   1023.3    885.2
     1     1    20     7    20     3     0     3     3.0   61.836   48.788    115.5    987.1
     2     1    20     7    20     3     0     3     3.0   61.826   48.136    514.8    936.4
     3     1    20     7    20     3     0     3     3.0   61.681   48.537    988.6    886.8
     1     1    20     7    20     4     0     2     4.0   61.739   48.535    110.3    986.0
     2     1    20     7    20     4     0     2     4.0   61.720   47.688    475.5    942.2
     3     1    20     7    20     4     0     2     4.0   61.543   48.136    949.2    891.4
     1     1    20     7    20     5     0     1     5.0   61.641   48.258    106.2    984.8
     2     1    20     7    20     5     0     1     5.0   61.611   47.234    444.5    945.3
     3     1    20     7    20     5     0     1     5.0   61.424   47.660    924.9    893.2
     1     1    20     7    20     6     0     0     6.0   61.537   47.967    104.7    983.7
     2     1    20     7    20     6     0     0     6.0   61.495   46.796    415.1    948.9
     3     1    20     7    20     6     0     0     6.0   61.322   47.140    901.8    894.1
     1     1    20     7    20     7     0     1     7.0   61.433   47.670    102.4    982.7
     2     1    20     7    20     7     0     1     7.0   61.372   46.388    385.9    953.4
     3     1    20     7    20     7     0     1     7.0   61.218   46.632    868.0    897.9
     1     1    20     7    20     8     0     2     8.0   61.329   47.383     96.7    982.8
     2     1    20     7    20     8     0     2     8.0   61.242   46.011    358.0    956.0
     3     1    20     7    20     8     0     2     8.0   61.098   46.175    822.1    902.4
     1     1    20     7    20     9     0     3     9.0   61.217   47.119     88.2    983.2
     2     1    20     7    20     9     0     3     9.0   61.102   45.668    333.5    957.7
     3     1    20     7    20     9     0     3     9.0   60.960   45.772    773.0    907.9
     1     1    20     7    20    10     0     2    10.0   61.107   46.877     78.1    984.9
     2     1    20     7    20    10     0     2    10.0   60.963   45.333    314.1    958.4
     3     1    20     7    20    10     0     2    10.0   60.820   45.378    737.8    912.5
     1     1    20     7    20    11     0     1    11.0   61.015   46.640     69.0    986.0
     2     1    20     7    20    11     0     1    11.0   60.843   44.972    298.1    960.0
     3     1    20     7    20    11     0     1    11.0   60.694   44.944    714.2    914.0
     1     1    20     7    20    12     0     0    12.0   60.944   46.387     63.3    986.5
     2     1    20     7    20    12     0     0    12.0   60.738   44.573    283.7    961.3
     3     1    20     7    20    12     0     0    12.0   60.575   44.464    676.2    916.5
     1     1    20     7    20    13     0     1    13.0   60.883   46.115     62.9    985.8
     2     1    20     7    20    13     0     1    13.0   60.637   44.159    264.1    962.4
     3     1    20     7    20    13     0     1    13.0   60.456   43.964    609.5    924.0
     1     1    20     7    20    14     0     2    14.0   60.816   45.839     68.0    984.9
     2     1    20     7    20    14     0     2    14.0   60.530   43.772    240.6    966.2
     3     1    20     7    20    14     0     2    14.0   60.335   43.484    556.3    934.1
     1     1    20     7    20    15     0     3    15.0   60.742   45.578     75.6    984.1
     2     1    20     7    20    15     0     3    15.0   60.423   43.418    223.2    969.5
     3     1    20     7    20    15     0     3    15.0   60.215   43.015    540.9    934.3
     1     1    20     7    20    16     0     2    16.0   60.663   45.317     83.2    983.2
     2     1    20     7    20    16     0     2    16.0   60.307   43.070    216.7    970.3
     3     1    20     7    20    16     0     2    16.0   60.093   42.531    553.3    928.7
     1     1    20     7    20    17     0     1    17.0   60.583   45.037     91.1    982.4
     2     1    20     7    20    17     0     1    17.0   60.177   42.697    217.5    966.6
     3     1    20     7    20    17     0     1    17.0   59.957   42.030    565.9    920.3
     1     1    20     7    20    18     0     0    18.0   60.497   44.727     98.5    980.3
     2     1    20     7    20    18     0     0    18.0   60.032   42.289    211.6    961.8
     3     1    20     7    20    18     0     0    18.0   59.812   41.538    564.6    925.0
     1     1    20     7    20    19     0     1    19.0   60.404   44.390    102.8    978.7
     2     1    20     7    20    19     0     1    19.0   59.885   41.894    193.9    963.3
     3     1    20     7    20    19     0     1    19.0   59.675   41.067    535.7    927.7
     1     1    20     7    20    20     0     2    20.0   60.315   44.039    102.6    977.8
     2     1    20     7    20    20     0     2    20.0   59.750   41.561    168.6    967.7
     3     1    20     7    20    20     0     2    20.0   59.532   40.647    498.9    935.8
     1     1    20     7    20    21     0     3    21.0   60.236   43.695     99.6    979.0
     2     1    20     7    20    21     0     3    21.0   59.626   41.281    137.8    972.2
     3     1    20     7    20    21     0     3    21.0   59.360   40.282    528.0    936.2
     1     1    20     7    20    22     0     2    22.0   60.155   43.361     99.2    979.7
     2     1    20     7    20    22     0     2    22.0   59.503   41.054    118.6    976.8
     3     1    20     7    20    22     0     2    22.0   59.161   39.932    641.4    921.1
     1     1    20     7    20    23     0     1    23.0   60.060   43.012    105.4    979.0
     2     1    20     7    20    23     0     1    23.0   59.361   40.864    120.7    975.9
     3     1    20     7    20    23     0     1    23.0   58.948   39.606    766.2    901.4
     1     1    20     7    21     0     0     0    24.0   59.950   42.627    116.3    973.6
     2     1    20     7    21     0     0     0    24.0   59.195   40.682    137.7    973.2
     3     1    20     7    21     0     0     0    24.0   58.720   39.321    863.9    892.6
