     5     1
    GDAS    20     9     1     0     0
    GDAS    20     9     8     0     0
    GDAS    20     9    15     0     0
    GDAS    20     9    22     0     0
    GDAS    20     9    29     0     0
     3 FORWARD  OMEGA   
    20     9    12     0   62.085   49.588   100.0
    20     9    12     0   62.085   49.588   500.0
    20     9    12     0   62.085   49.588  1000.0
     1 PRESSURE
     1     1    20     9    12     0     0     0     0.0   62.085   49.588    100.0    980.8
     2     1    20     9    12     0     0     0     0.0   62.085   49.588    500.0    935.3
     3     1    20     9    12     0     0     0     0.0   62.085   49.588   1000.0    879.8
     1     1    20     9    12     1     0     1     1.0   61.932   49.963    104.9    981.6
     2     1    20     9    12     1     0     1     1.0   61.731   50.097    528.6    930.0
     3     1    20     9    12     1     0     1     1.0   61.693   50.005   1039.5    873.8
     1     1    20     9    12     2     0     2     2.0   61.786   50.355    107.7    979.4
     2     1    20     9    12     2     0     2     2.0   61.408   50.599    541.4    926.7
     3     1    20     9    12     2     0     2     2.0   61.344   50.438   1055.9    869.2
     1     1    20     9    12     3     0     3     3.0   61.635   50.763    114.9    977.8
     2     1    20     9    12     3     0     3     3.0   61.119   51.102    542.5    925.8
     3     1    20     9    12     3     0     3     3.0   61.021   50.894   1031.6    869.6
     1     1    20     9    12     4     0     2     4.0   61.481   51.172    126.3    975.4
     2     1    20     9    12     4     0     2     4.0   60.856   51.602    527.3    927.3
     3     1    20     9    12     4     0     2     4.0   60.718   51.359    987.2    877.7
     1     1    20     9    12     5     0     1     5.0   61.341   51.563    130.7    975.5
     2     1    20     9    12     5     0     1     5.0   60.612   52.093    491.6    930.1
     3     1    20     9    12     5     0     1     5.0   60.432   51.815    933.5    880.1
     1     1    20     9    12     6     0     0     6.0   61.212   51.936    128.1    977.3
     2     1    20     9    12     6     0     0     6.0   60.375   52.582    445.2    937.5
     3     1    20     9    12     6     0     0     6.0   60.156   52.260    852.2    889.5
     1     1    20     9    12     7     0     1     7.0   61.088   52.308    124.5    976.2
     2     1    20     9    12     7     0     1     7.0   60.151   53.065    408.9    945.8
     3     1    20     9    12     7     0     1     7.0   59.904   52.711    780.0    903.8
     1     1    20     9    12     8     0     2     8.0   60.966   52.694    122.0    974.0
     2     1    20     9    12     8     0     2     8.0   59.954   53.546    392.5    946.0
     3     1    20     9    12     8     0     2     8.0   59.681   53.175    729.7    907.5
     1     1    20     9    12     9     0     3     9.0   60.844   53.086    119.1    974.4
     2     1    20     9    12     9     0     3     9.0   59.773   54.036    385.1    942.6
     3     1    20     9    12     9     0     3     9.0   59.475   53.640    679.4    910.6
     1     1    20     9    12    10     0     2    10.0   60.730   53.453    114.4    977.6
     2     1    20     9    12    10     0     2    10.0   59.592   54.512    368.6    948.6
     3     1    20     9    12    10     0     2    10.0   59.269   54.100    615.5    917.5
     1     1    20     9    12    11     0     1    11.0   60.624   53.783    105.6    980.1
     2     1    20     9    12    11     0     1    11.0   59.404   54.953    356.3    955.9
     3     1    20     9    12    11     0     1    11.0   59.061   54.543    550.7    930.8
     1     1    20     9    12    12     0     0    12.0   60.524   54.078     92.3    983.1
     2     1    20     9    12    12     0     0    12.0   59.204   55.377    336.6    956.3
     3     1    20     9    12    12     0     0    12.0   58.853   54.963    520.3    940.0
     1     1    20     9    12    13     0     1    13.0   60.439   54.335     81.9    986.3
     2     1    20     9    12    13     0     1    13.0   58.994   55.781    274.2    962.4
     3     1    20     9    12    13     0     1    13.0   58.643   55.365    492.8    938.1
     1     1    20     9    12    14     0     2    14.0   60.374   54.558     77.2    987.4
     2     1    20     9    12    14     0     2    14.0   58.797   56.152    206.6    976.4
     3     1    20     9    12    14     0     2    14.0   58.424   55.731    447.8    946.7
     1     1    20     9    12    15     0     3    15.0   60.323   54.753     74.6    988.3
     2     1    20     9    12    15     0     3    15.0   58.618   56.478    177.9    979.4
     3     1    20     9    12    15     0     3    15.0   58.179   56.053    422.8    951.6
     1     1    20     9    12    16     0     2    16.0   60.284   54.936     71.8    989.7
     2     1    20     9    12    16     0     2    16.0   58.438   56.775    181.9    975.8
     3     1    20     9    12    16     0     2    16.0   57.921   56.330    421.2    948.2
     1     1    20     9    12    17     0     1    17.0   60.261   55.117     67.7    990.9
     2     1    20     9    12    17     0     1    17.0   58.250   57.059    195.6    971.0
     3     1    20     9    12    17     0     1    17.0   57.674   56.569    420.8    944.5
     1     1    20     9    12    18     0     0    18.0   60.253   55.292     62.9    992.1
     2     1    20     9    12    18     0     0    18.0   58.063   57.335    202.1    966.4
     3     1    20     9    12    18     0     0    18.0   57.438   56.774    408.7    945.0
     1     1    20     9    12    19     0     1    19.0   60.253   55.464     59.5    992.1
     2     1    20     9    12    19     0     1    19.0   57.892   57.602    210.2    965.2
     3     1    20     9    12    19     0     1    19.0   57.213   56.948    395.4    948.7
     1     1    20     9    12    20     0     2    20.0   60.258   55.642     58.0    992.0
     2     1    20     9    12    20     0     2    20.0   57.732   57.857    229.3    960.5
     3     1    20     9    12    20     0     2    20.0   57.006   57.107    391.9    948.2
     1     1    20     9    12    21     0     3    21.0   60.277   55.829     57.6    991.9
     2     1    20     9    12    21     0     3    21.0   57.571   58.103    250.4    955.2
     3     1    20     9    12    21     0     3    21.0   56.816   57.256    389.3    946.0
     1     1    20     9    12    22     0     2    22.0   60.310   56.024     57.1    991.8
     2     1    20     9    12    22     0     2    22.0   57.405   58.341    263.7    951.8
     3     1    20     9    12    22     0     2    22.0   56.634   57.397    383.3    945.5
     1     1    20     9    12    23     0     1    23.0   60.355   56.206     55.8    991.6
     2     1    20     9    12    23     0     1    23.0   57.239   58.569    270.5    950.4
     3     1    20     9    12    23     0     1    23.0   56.449   57.534    373.3    945.9
     1     1    20     9    13     0     0     0    24.0   60.413   56.361     53.4    991.6
     2     1    20     9    13     0     0     0    24.0   57.075   58.787    277.0    948.8
     3     1    20     9    13     0     0     0    24.0   56.259   57.673    359.0    946.8
