     5     1
    GDAS    20     9     8     0     0
    GDAS    20     9    15     0     0
    GDAS    20     9    22     0     0
    GDAS    20     9    29     0     0
    GDAS    20    10     1     0     0
     3 FORWARD  OMEGA   
    20     9    17     0   62.085   49.588   100.0
    20     9    17     0   62.085   49.588   500.0
    20     9    17     0   62.085   49.588  1000.0
     1 PRESSURE
     1     1    20     9    17     0     0     0     0.0   62.085   49.588    100.0    992.4
     2     1    20     9    17     0     0     0     0.0   62.085   49.588    500.0    944.5
     3     1    20     9    17     0     0     0     0.0   62.085   49.588   1000.0    887.9
     1     1    20     9    17     1     0     1     1.0   61.959   49.674    100.4    992.8
     2     1    20     9    17     1     0     1     1.0   61.839   49.566    487.1    945.7
     3     1    20     9    17     1     0     1     1.0   61.813   49.547    957.8    892.5
     1     1    20     9    17     2     0     2     2.0   61.836   49.759    102.6    991.3
     2     1    20     9    17     2     0     2     2.0   61.603   49.538    475.9    944.7
     3     1    20     9    17     2     0     2     2.0   61.556   49.493    918.7    894.5
     1     1    20     9    17     3     0     3     3.0   61.712   49.843    106.1    989.7
     2     1    20     9    17     3     0     3     3.0   61.377   49.508    463.5    944.1
     3     1    20     9    17     3     0     3     3.0   61.314   49.435    880.0    896.5
     1     1    20     9    17     4     0     2     4.0   61.590   49.931    108.8    988.4
     2     1    20     9    17     4     0     2     4.0   61.169   49.484    446.3    944.5
     3     1    20     9    17     4     0     2     4.0   61.094   49.387    838.9    899.3
     1     1    20     9    17     5     0     1     5.0   61.482   50.027    107.9    987.9
     2     1    20     9    17     5     0     1     5.0   60.989   49.471    420.0    946.5
     3     1    20     9    17     5     0     1     5.0   60.904   49.345    791.4    903.5
     1     1    20     9    17     6     0     0     6.0   61.392   50.130    103.7    987.7
     2     1    20     9    17     6     0     0     6.0   60.843   49.475    387.5    951.0
     3     1    20     9    17     6     0     0     6.0   60.742   49.299    738.2    909.8
     1     1    20     9    17     7     0     1     7.0   61.312   50.224     97.3    987.3
     2     1    20     9    17     7     0     1     7.0   60.729   49.490    355.2    953.9
     3     1    20     9    17     7     0     1     7.0   60.614   49.257    685.7    915.8
     1     1    20     9    17     8     0     2     8.0   61.238   50.297     90.2    987.0
     2     1    20     9    17     8     0     2     8.0   60.645   49.501    324.7    956.4
     3     1    20     9    17     8     0     2     8.0   60.525   49.228    635.8    921.5
     1     1    20     9    17     9     0     3     9.0   61.171   50.351     83.2    986.7
     2     1    20     9    17     9     0     3     9.0   60.588   49.500    296.0    959.1
     3     1    20     9    17     9     0     3     9.0   60.479   49.208    588.6    926.4
     1     1    20     9    17    10     0     2    10.0   61.116   50.389     77.4    987.4
     2     1    20     9    17    10     0     2    10.0   60.559   49.492    271.4    962.0
     3     1    20     9    17    10     0     2    10.0   60.472   49.194    546.5    931.1
     1     1    20     9    17    11     0     1    11.0   61.077   50.413     73.4    987.7
     2     1    20     9    17    11     0     1    11.0   60.559   49.485    252.0    964.1
     3     1    20     9    17    11     0     1    11.0   60.503   49.186    509.7    934.8
     1     1    20     9    17    12     0     0    12.0   61.056   50.421     71.0    987.9
     2     1    20     9    17    12     0     0    12.0   60.589   49.477    236.4    965.9
     3     1    20     9    17    12     0     0    12.0   60.568   49.178    474.3    938.7
     1     1    20     9    17    13     0     1    13.0   61.046   50.406     68.0    987.4
     2     1    20     9    17    13     0     1    13.0   60.642   49.429    223.8    967.2
     3     1    20     9    17    13     0     1    13.0   60.662   49.130    451.6    942.5
     1     1    20     9    17    14     0     2    14.0   61.042   50.356     62.5    987.4
     2     1    20     9    17    14     0     2    14.0   60.719   49.298    217.1    968.4
     3     1    20     9    17    14     0     2    14.0   60.783   48.995    469.8    941.5
     1     1    20     9    17    15     0     3    15.0   61.044   50.267     55.0    987.5
     2     1    20     9    17    15     0     3    15.0   60.822   49.071    231.6    967.7
     3     1    20     9    17    15     0     3    15.0   60.929   48.759    562.1    931.4
     1     1    20     9    17    16     0     2    16.0   61.050   50.139     52.0    988.4
     2     1    20     9    17    16     0     2    16.0   60.952   48.740    276.7    960.4
     3     1    20     9    17    16     0     2    16.0   61.109   48.428    673.4    911.4
     1     1    20     9    17    17     0     1    17.0   61.059   49.970     62.6    987.8
     2     1    20     9    17    17     0     1    17.0   61.107   48.281    310.4    953.2
     3     1    20     9    17    17     0     1    17.0   61.326   48.016    700.3    904.6
     1     1    20     9    17    18     0     0    18.0   61.077   49.745     89.0    984.5
     2     1    20     9    17    18     0     0    18.0   61.282   47.674    297.8    952.9
     3     1    20     9    17    18     0     0    18.0   61.562   47.463    670.2    912.1
     1     1    20     9    17    19     0     1    19.0   61.121   49.423    115.2    977.9
     2     1    20     9    17    19     0     1    19.0   61.454   46.964    264.3    957.9
     3     1    20     9    17    19     0     1    19.0   61.803   46.753    633.3    916.5
     1     1    20     9    17    20     0     2    20.0   61.197   49.010    113.4    976.7
     2     1    20     9    17    20     0     2    20.0   61.586   46.204    236.4    964.3
     3     1    20     9    17    20     0     2    20.0   61.999   45.848    582.5    928.8
     1     1    20     9    17    21     0     3    21.0   61.283   48.546     98.2    979.4
     2     1    20     9    17    21     0     3    21.0   61.670   45.423    222.0    970.2
     3     1    20     9    17    21     0     3    21.0   62.135   44.868    541.5    938.3
     1     1    20     9    17    22     0     2    22.0   61.358   48.036     93.3    978.0
     2     1    20     9    17    22     0     2    22.0   61.712   44.671    230.1    969.2
     3     1    20     9    17    22     0     2    22.0   62.214   43.840    533.5    929.5
     1     1    20     9    17    23     0     1    23.0   61.407   47.464     87.2    976.5
     2     1    20     9    17    23     0     1    23.0   61.700   43.836    250.8    960.0
     3     1    20     9    17    23     0     1    23.0   62.207   42.762    504.8    933.1
     1     1    20     9    18     0     0     0    24.0   61.419   46.875     59.6    979.0
     2     1    20     9    18     0     0     0    24.0   61.629   42.990    259.4    960.1
     3     1    20     9    18     0     0     0    24.0   62.099   41.759    538.2    922.8
