     5     1
    GDAS    20     3    29     0     0
    GDAS    20     4     1     0     0
    GDAS    20     4     8     0     0
    GDAS    20     4    15     0     0
    GDAS    20     4    22     0     0
     3 FORWARD  OMEGA   
    20     4     7     0   62.085   49.588   100.0
    20     4     7     0   62.085   49.588   500.0
    20     4     7     0   62.085   49.588  1000.0
     1 PRESSURE
     1     1    20     4     7     0     0     0     0.0   62.085   49.588    100.0    997.6
     2     1    20     4     7     0     0     0     0.0   62.085   49.588    500.0    947.7
     3     1    20     4     7     0     0     0     0.0   62.085   49.588   1000.0    888.4
     1     1    20     4     7     1     0     1     1.0   61.945   49.962    103.0    997.4
     2     1    20     4     7     1     0     1     1.0   61.740   50.019    524.3    942.6
     3     1    20     4     7     1     0     1     1.0   61.727   50.024   1025.1    883.7
     1     1    20     4     7     2     0     2     2.0   61.794   50.346    107.2    993.5
     2     1    20     4     7     2     0     2     2.0   61.392   50.451    542.8    937.3
     3     1    20     4     7     2     0     2     2.0   61.361   50.477   1051.0    877.6
     1     1    20     4     7     3     0     3     3.0   61.624   50.740    119.4    989.2
     2     1    20     4     7     3     0     3     3.0   61.055   50.885    573.6    932.6
     3     1    20     4     7     3     0     3     3.0   60.986   50.964   1084.6    871.4
     1     1    20     4     7     4     0     2     4.0   61.430   51.133    137.8    984.8
     2     1    20     4     7     4     0     2     4.0   60.721   51.314    609.9    924.8
     3     1    20     4     7     4     0     2     4.0   60.610   51.463   1114.5    864.4
     1     1    20     4     7     5     0     1     5.0   61.212   51.505    156.6    982.4
     2     1    20     4     7     5     0     1     5.0   60.382   51.758    634.0    919.0
     3     1    20     4     7     5     0     1     5.0   60.225   51.947   1127.0    859.2
     1     1    20     4     7     6     0     0     6.0   60.967   51.875    187.5    979.8
     2     1    20     4     7     6     0     0     6.0   60.053   52.220    646.5    916.4
     3     1    20     4     7     6     0     0     6.0   59.827   52.408   1125.7    861.2
     1     1    20     4     7     7     0     1     7.0   60.693   52.250    220.1    969.3
     2     1    20     4     7     7     0     1     7.0   59.731   52.669    653.7    917.1
     3     1    20     4     7     7     0     1     7.0   59.432   52.856   1115.8    861.6
     1     1    20     4     7     8     0     2     8.0   60.408   52.605    235.0    966.6
     2     1    20     4     7     8     0     2     8.0   59.399   53.106    653.8    915.0
     3     1    20     4     7     8     0     2     8.0   59.051   53.317   1105.7    861.2
     1     1    20     4     7     9     0     3     9.0   60.111   52.945    239.7    968.3
     2     1    20     4     7     9     0     3     9.0   59.058   53.542    652.9    912.8
     3     1    20     4     7     9     0     3     9.0   58.678   53.782   1124.1    860.0
     1     1    20     4     7    10     0     2    10.0   59.805   53.271    240.5    966.3
     2     1    20     4     7    10     0     2    10.0   58.708   53.954    655.6    911.3
     3     1    20     4     7    10     0     2    10.0   58.298   54.227   1160.7    854.1
     1     1    20     4     7    11     0     1    11.0   59.496   53.576    238.5    962.8
     2     1    20     4     7    11     0     1    11.0   58.341   54.332    655.1    913.2
     3     1    20     4     7    11     0     1    11.0   57.890   54.654   1198.0    853.1
     1     1    20     4     7    12     0     0    12.0   59.180   53.856    225.5    961.9
     2     1    20     4     7    12     0     0    12.0   57.951   54.683    647.2    915.7
     3     1    20     4     7    12     0     0    12.0   57.451   55.076   1238.5    846.8
     1     1    20     4     7    13     0     1    13.0   58.858   54.116    202.3    966.4
     2     1    20     4     7    13     0     1    13.0   57.530   55.021    643.0    916.7
     3     1    20     4     7    13     0     1    13.0   56.982   55.493   1275.4    835.3
     1     1    20     4     7    14     0     2    14.0   58.533   54.358    183.8    970.6
     2     1    20     4     7    14     0     2    14.0   57.078   55.358    665.0    908.2
     3     1    20     4     7    14     0     2    14.0   56.488   55.898   1316.9    835.3
     1     1    20     4     7    15     0     3    15.0   58.200   54.571    169.8    972.5
     2     1    20     4     7    15     0     3    15.0   56.605   55.699    696.1    903.0
     3     1    20     4     7    15     0     3    15.0   55.975   56.302   1401.5    831.6
     1     1    20     4     7    16     0     2    16.0   57.876   54.762    159.1    974.9
     2     1    20     4     7    16     0     2    16.0   56.130   56.047    733.5    905.8
     3     1    20     4     7    16     0     2    16.0   55.471   56.712   1475.1    813.5
     1     1    20     4     7    17     0     1    17.0   57.564   54.955    163.1    974.0
     2     1    20     4     7    17     0     1    17.0   55.670   56.396    781.2    897.1
     3     1    20     4     7    17     0     1    17.0   55.005   57.132   1487.2    815.8
     1     1    20     4     7    18     0     0    18.0   57.250   55.159    183.5    967.6
     2     1    20     4     7    18     0     0    18.0   55.236   56.758    819.2    892.8
     3     1    20     4     7    18     0     0    18.0   54.573   57.588   1497.7    796.1
     1     1    20     4     7    19     0     1    19.0   56.932   55.387    207.9    960.3
     2     1    20     4     7    19     0     1    19.0   54.838   57.147    868.3    884.3
     3     1    20     4     7    19     0     1    19.0   54.150   58.155   1434.5    766.7
     1     1    20     4     7    20     0     2    20.0   56.624   55.655    223.2    959.0
     2     1    20     4     7    20     0     2    20.0   54.464   57.590    935.3    851.7
     3     1    20     4     7    20     0     2    20.0   53.744   58.746   1337.6    799.9
     1     1    20     4     7    21     0     3    21.0   56.338   55.961    233.9    961.5
     2     1    20     4     7    21     0     3    21.0   54.108   58.150    934.4    822.7
     3     1    20     4     7    21     0     3    21.0   53.386   59.305   1297.4    817.6
     1     1    20     4     7    22     0     2    22.0   56.054   56.299    254.7    959.1
     2     1    20     4     7    22     0     2    22.0   53.788   58.775    888.3    845.5
     3     1    20     4     7    22     0     2    22.0   53.068   59.878   1299.1    817.4
     1     1    20     4     7    23     0     1    23.0   55.760   56.665    289.4    951.1
     2     1    20     4     7    23     0     1    23.0   53.503   59.409    869.3    861.9
     3     1    20     4     7    23     0     1    23.0   52.801   60.497   1303.3    818.3
     1     1    20     4     8     0     0     0    24.0   55.473   57.065    338.9    944.7
     2     1    20     4     8     0     0     0    24.0   53.251   60.087    852.9    863.4
     3     1    20     4     8     0     0     0    24.0   52.607   61.171   1302.3    827.1
