     5     1
    GDAS    20     9     8     0     0
    GDAS    20     9    15     0     0
    GDAS    20     9    22     0     0
    GDAS    20     9    29     0     0
    GDAS    20    10     1     0     0
     3 FORWARD  OMEGA   
    20     9    16     0   62.085   49.588   100.0
    20     9    16     0   62.085   49.588   500.0
    20     9    16     0   62.085   49.588  1000.0
     1 PRESSURE
     1     1    20     9    16     0     0     0     0.0   62.085   49.588    100.0    982.9
     2     1    20     9    16     0     0     0     0.0   62.085   49.588    500.0    936.6
     3     1    20     9    16     0     0     0     0.0   62.085   49.588   1000.0    881.1
     1     1    20     9    16     1     0     1     1.0   61.887   49.751    114.7    981.4
     2     1    20     9    16     1     0     1     1.0   61.697   49.686    558.7    929.1
     3     1    20     9    16     1     0     1     1.0   61.707   49.551   1099.3    867.4
     1     1    20     9    16     2     0     2     2.0   61.669   49.928    129.3    978.2
     2     1    20     9    16     2     0     2     2.0   61.297   49.752    613.8    920.3
     3     1    20     9    16     2     0     2     2.0   61.319   49.516   1178.5    858.3
     1     1    20     9    16     3     0     3     3.0   61.435   50.114    141.5    975.0
     2     1    20     9    16     3     0     3     3.0   60.889   49.824    669.4    911.8
     3     1    20     9    16     3     0     3     3.0   60.915   49.486   1283.3    848.4
     1     1    20     9    16     4     0     2     4.0   61.190   50.289    152.9    972.4
     2     1    20     9    16     4     0     2     4.0   60.473   49.893    735.5    902.4
     3     1    20     9    16     4     0     2     4.0   60.495   49.446   1375.4    830.6
     1     1    20     9    16     5     0     1     5.0   60.933   50.436    166.2    970.0
     2     1    20     9    16     5     0     1     5.0   60.035   49.945    830.7    890.4
     3     1    20     9    16     5     0     1     5.0   60.053   49.407   1404.9    828.6
     1     1    20     9    16     6     0     0     6.0   60.653   50.561    185.5    966.5
     2     1    20     9    16     6     0     0     6.0   59.573   49.992    930.8    878.3
     3     1    20     9    16     6     0     0     6.0   59.582   49.370   1387.5    831.7
     1     1    20     9    16     7     0     1     7.0   60.350   50.687    210.4    961.3
     2     1    20     9    16     7     0     1     7.0   59.093   50.045    945.1    874.5
     3     1    20     9    16     7     0     1     7.0   59.092   49.332   1328.0    840.7
     1     1    20     9    16     8     0     2     8.0   60.031   50.834    235.3    955.5
     2     1    20     9    16     8     0     2     8.0   58.597   50.139    882.0    885.8
     3     1    20     9    16     8     0     2     8.0   58.588   49.311   1252.4    850.0
     1     1    20     9    16     9     0     3     9.0   59.694   50.988    262.2    954.6
     2     1    20     9    16     9     0     3     9.0   58.098   50.306    822.1    893.4
     3     1    20     9    16     9     0     3     9.0   58.070   49.340   1174.2    856.9
     1     1    20     9    16    10     0     2    10.0   59.329   51.138    295.4    952.9
     2     1    20     9    16    10     0     2    10.0   57.602   50.531    794.5    900.4
     3     1    20     9    16    10     0     2    10.0   57.543   49.446   1125.7    866.2
     1     1    20     9    16    11     0     1    11.0   58.939   51.294    338.9    949.4
     2     1    20     9    16    11     0     1    11.0   57.092   50.798    782.5    905.7
     3     1    20     9    16    11     0     1    11.0   57.002   49.622   1129.4    866.8
     1     1    20     9    16    12     0     0    12.0   58.518   51.472    378.3    942.2
     2     1    20     9    16    12     0     0    12.0   56.570   51.127    771.5    905.5
     3     1    20     9    16    12     0     0    12.0   56.442   49.870   1104.8    861.9
     1     1    20     9    16    13     0     1    13.0   58.057   51.684    402.1    938.0
     2     1    20     9    16    13     0     1    13.0   56.022   51.493    741.6    902.7
     3     1    20     9    16    13     0     1    13.0   55.868   50.188   1021.2    876.2
     1     1    20     9    16    14     0     2    14.0   57.563   51.916    435.4    937.4
     2     1    20     9    16    14     0     2    14.0   55.448   51.880    716.8    906.9
     3     1    20     9    16    14     0     2    14.0   55.282   50.526    963.9    885.9
     1     1    20     9    16    15     0     3    15.0   57.039   52.122    478.3    933.3
     2     1    20     9    16    15     0     3    15.0   54.860   52.274    752.1    900.1
     3     1    20     9    16    15     0     3    15.0   54.675   50.868    929.4    886.9
     1     1    20     9    16    16     0     2    16.0   56.484   52.346    479.0    930.9
     2     1    20     9    16    16     0     2    16.0   54.256   52.635    767.8    888.7
     3     1    20     9    16    16     0     2    16.0   54.050   51.214    903.3    889.2
     1     1    20     9    16    17     0     1    17.0   55.928   52.644    448.1    942.2
     2     1    20     9    16    17     0     1    17.0   53.646   52.979    694.0    900.8
     3     1    20     9    16    17     0     1    17.0   53.430   51.525    880.8    893.6
     1     1    20     9    16    18     0     0    18.0   55.377   52.981    444.9    938.0
     2     1    20     9    16    18     0     0    18.0   53.059   53.376    592.4    919.6
     3     1    20     9    16    18     0     0    18.0   52.824   51.798    845.8    901.2
     1     1    20     9    16    19     0     1    19.0   54.828   53.330    465.8    928.0
     2     1    20     9    16    19     0     1    19.0   52.499   53.823    526.4    925.2
     3     1    20     9    16    19     0     1    19.0   52.229   52.075    801.0    902.0
     1     1    20     9    16    20     0     2    20.0   54.277   53.679    485.3    920.8
     2     1    20     9    16    20     0     2    20.0   51.948   54.300    487.4    928.4
     3     1    20     9    16    20     0     2    20.0   51.660   52.369    757.3    908.8
     1     1    20     9    16    21     0     3    21.0   53.732   54.042    501.0    918.9
     2     1    20     9    16    21     0     3    21.0   51.436   54.812    479.6    937.5
     3     1    20     9    16    21     0     3    21.0   51.119   52.681    739.6    917.1
     1     1    20     9    16    22     0     2    22.0   53.188   54.427    496.6    918.6
     2     1    20     9    16    22     0     2    22.0   50.956   55.351    526.8    929.3
     3     1    20     9    16    22     0     2    22.0   50.609   53.010    746.3    919.1
     1     1    20     9    16    23     0     1    23.0   52.651   54.855    428.1    925.7
     2     1    20     9    16    23     0     1    23.0   50.481   55.915    594.4    913.5
     3     1    20     9    16    23     0     1    23.0   50.129   53.367    738.4    919.8
     1     1    20     9    17     0     0     0    24.0   52.153   55.323    340.8    949.2
     2     1    20     9    17     0     0     0    24.0   50.027   56.510    663.0    904.1
     3     1    20     9    17     0     0     0    24.0   49.668   53.766    703.0    924.2
