     5     1
    GDAS    20     6    15     0     0
    GDAS    20     6    22     0     0
    GDAS    20     6    29     0     0
    GDAS    20     7     1     0     0
    GDAS    20     7     8     0     0
     3 FORWARD  OMEGA   
    20     6    22     0   62.085   49.588   100.0
    20     6    22     0   62.085   49.588   500.0
    20     6    22     0   62.085   49.588  1000.0
     1 PRESSURE
     1     1    20     6    22     0     0     0     0.0   62.085   49.588    100.0    993.6
     2     1    20     6    22     0     0     0     0.0   62.085   49.588    500.0    946.0
     3     1    20     6    22     0     0     0     0.0   62.085   49.588   1000.0    889.7
     1     1    20     6    22     1     0     1     1.0   61.977   49.712    106.3    993.4
     2     1    20     6    22     1     0     1     1.0   61.897   49.758    539.0    941.6
     3     1    20     6    22     1     0     1     1.0   61.885   49.997   1046.1    884.3
     1     1    20     6    22     2     0     2     2.0   61.886   49.849    112.8    991.5
     2     1    20     6    22     2     0     2     2.0   61.732   49.971    580.0    935.6
     3     1    20     6    22     2     0     2     2.0   61.673   50.395   1090.6    875.1
     1     1    20     6    22     3     0     3     3.0   61.817   50.005    118.7    989.9
     2     1    20     6    22     3     0     3     3.0   61.580   50.250    619.1    928.5
     3     1    20     6    22     3     0     3     3.0   61.451   50.829   1129.5    868.3
     1     1    20     6    22     4     0     2     4.0   61.757   50.190    124.0    987.7
     2     1    20     6    22     4     0     2     4.0   61.438   50.583    650.7    922.9
     3     1    20     6    22     4     0     2     4.0   61.233   51.286   1144.1    864.3
     1     1    20     6    22     5     0     1     5.0   61.689   50.407    128.3    985.6
     2     1    20     6    22     5     0     1     5.0   61.310   50.945    667.7    918.8
     3     1    20     6    22     5     0     1     5.0   61.040   51.729   1130.4    867.4
     1     1    20     6    22     6     0     0     6.0   61.614   50.659    131.4    983.7
     2     1    20     6    22     6     0     0     6.0   61.197   51.335    665.3    919.3
     3     1    20     6    22     6     0     0     6.0   60.887   52.162   1114.5    869.0
     1     1    20     6    22     7     0     1     7.0   61.534   50.935    133.7    981.2
     2     1    20     6    22     7     0     1     7.0   61.090   51.731    656.9    921.2
     3     1    20     6    22     7     0     1     7.0   60.747   52.589   1094.9    867.0
     1     1    20     6    22     8     0     2     8.0   61.445   51.217    134.7    979.9
     2     1    20     6    22     8     0     2     8.0   60.975   52.107    655.7    920.3
     3     1    20     6    22     8     0     2     8.0   60.595   53.011   1050.7    870.6
     1     1    20     6    22     9     0     3     9.0   61.347   51.493    135.1    979.1
     2     1    20     6    22     9     0     3     9.0   60.845   52.472    646.0    916.3
     3     1    20     6    22     9     0     3     9.0   60.439   53.437    998.5    879.4
     1     1    20     6    22    10     0     2    10.0   61.244   51.769    134.3    979.0
     2     1    20     6    22    10     0     2    10.0   60.698   52.845    617.9    919.6
     3     1    20     6    22    10     0     2    10.0   60.277   53.866    976.6    882.7
     1     1    20     6    22    11     0     1    11.0   61.138   52.052    131.3    979.1
     2     1    20     6    22    11     0     1    11.0   60.540   53.228    591.5    924.5
     3     1    20     6    22    11     0     1    11.0   60.105   54.295    999.7    880.0
     1     1    20     6    22    12     0     0    12.0   61.019   52.341    130.6    977.7
     2     1    20     6    22    12     0     0    12.0   60.374   53.616    587.1    925.8
     3     1    20     6    22    12     0     0    12.0   59.930   54.723   1045.3    875.5
     1     1    20     6    22    13     0     1    13.0   60.899   52.625    132.7    974.8
     2     1    20     6    22    13     0     1    13.0   60.205   54.009    617.7    921.0
     3     1    20     6    22    13     0     1    13.0   59.758   55.148   1081.8    871.8
     1     1    20     6    22    14     0     2    14.0   60.796   52.900    132.9    973.6
     2     1    20     6    22    14     0     2    14.0   60.033   54.406    657.4    914.2
     3     1    20     6    22    14     0     2    14.0   59.588   55.568   1105.8    870.1
     1     1    20     6    22    15     0     3    15.0   60.700   53.170    130.7    974.3
     2     1    20     6    22    15     0     3    15.0   59.860   54.795    667.0    914.8
     3     1    20     6    22    15     0     3    15.0   59.421   56.000   1094.0    867.7
     1     1    20     6    22    16     0     2    16.0   60.634   53.433    128.9    975.3
     2     1    20     6    22    16     0     2    16.0   59.686   55.170    670.5    919.5
     3     1    20     6    22    16     0     2    16.0   59.257   56.423   1081.9    876.8
     1     1    20     6    22    17     0     1    17.0   60.622   53.704    129.9    975.3
     2     1    20     6    22    17     0     1    17.0   59.505   55.542    689.4    916.5
     3     1    20     6    22    17     0     1    17.0   59.075   56.831   1128.3    870.1
     1     1    20     6    22    18     0     0    18.0   60.671   53.998    129.9    975.3
     2     1    20     6    22    18     0     0    18.0   59.317   55.926    744.7    913.4
     3     1    20     6    22    18     0     0    18.0   58.857   57.243   1183.1    855.7
     1     1    20     6    22    19     0     1    19.0   60.772   54.327    118.3    976.3
     2     1    20     6    22    19     0     1    19.0   59.130   56.312    832.2    899.5
     3     1    20     6    22    19     0     1    19.0   58.624   57.649   1206.9    845.2
     1     1    20     6    22    20     0     2    20.0   60.877   54.675    108.7    979.1
     2     1    20     6    22    20     0     2    20.0   58.951   56.685    903.4    890.6
     3     1    20     6    22    20     0     2    20.0   58.400   58.039   1195.7    841.7
     1     1    20     6    22    21     0     3    21.0   60.971   55.065    129.6    977.4
     2     1    20     6    22    21     0     3    21.0   58.772   57.048    966.0    883.0
     3     1    20     6    22    21     0     3    21.0   58.171   58.403   1153.0    845.2
     1     1    20     6    22    22     0     2    22.0   61.070   55.572    154.1    965.5
     2     1    20     6    22    22     0     2    22.0   58.598   57.434   1010.9    868.3
     3     1    20     6    22    22     0     2    22.0   57.955   58.751   1099.3    852.0
     1     1    20     6    22    23     0     1    23.0   61.188   56.086    146.5    966.0
     2     1    20     6    22    23     0     1    23.0   58.436   57.852   1005.2    862.7
     3     1    20     6    22    23     0     1    23.0   57.772   59.108   1057.2    856.8
     1     1    20     6    23     0     0     0    24.0   61.317   56.575    150.2    967.4
     2     1    20     6    23     0     0     0    24.0   58.290   58.289    959.7    866.1
     3     1    20     6    23     0     0     0    24.0   57.617   59.462   1037.0    862.0
