     5     1
    GDAS    20     6    15     0     0
    GDAS    20     6    22     0     0
    GDAS    20     6    29     0     0
    GDAS    20     7     1     0     0
    GDAS    20     7     8     0     0
     3 FORWARD  OMEGA   
    20     6    28     0   62.085   49.588   100.0
    20     6    28     0   62.085   49.588   500.0
    20     6    28     0   62.085   49.588  1000.0
     1 PRESSURE
     1     1    20     6    28     0     0     0     0.0   62.085   49.588    100.0    980.8
     2     1    20     6    28     0     0     0     0.0   62.085   49.588    500.0    934.7
     3     1    20     6    28     0     0     0     0.0   62.085   49.588   1000.0    879.4
     1     1    20     6    28     1     0     1     1.0   61.926   49.768    111.6    979.6
     2     1    20     6    28     1     0     1     1.0   61.795   49.597    560.2    927.1
     3     1    20     6    28     1     0     1     1.0   61.823   49.625   1078.8    869.4
     1     1    20     6    28     2     0     2     2.0   61.772   49.958    120.3    977.5
     2     1    20     6    28     2     0     2     2.0   61.517   49.614    605.5    919.7
     3     1    20     6    28     2     0     2     2.0   61.555   49.679   1131.3    861.0
     1     1    20     6    28     3     0     3     3.0   61.625   50.156    126.7    975.1
     2     1    20     6    28     3     0     3     3.0   61.244   49.652    625.2    915.2
     3     1    20     6    28     3     0     3     3.0   61.277   49.752   1148.0    857.3
     1     1    20     6    28     4     0     2     4.0   61.472   50.355    134.4    973.1
     2     1    20     6    28     4     0     2     4.0   60.973   49.735    629.3    914.7
     3     1    20     6    28     4     0     2     4.0   60.987   49.854   1143.1    857.7
     1     1    20     6    28     5     0     1     5.0   61.299   50.561    145.7    970.7
     2     1    20     6    28     5     0     1     5.0   60.700   49.882    646.6    913.2
     3     1    20     6    28     5     0     1     5.0   60.692   49.986   1152.4    857.1
     1     1    20     6    28     6     0     0     6.0   61.106   50.782    161.3    968.5
     2     1    20     6    28     6     0     0     6.0   60.433   50.073    695.7    905.7
     3     1    20     6    28     6     0     0     6.0   60.396   50.119   1197.5    850.9
     1     1    20     6    28     7     0     1     7.0   60.892   50.995    181.5    965.2
     2     1    20     6    28     7     0     1     7.0   60.165   50.279    748.6    894.3
     3     1    20     6    28     7     0     1     7.0   60.097   50.243   1257.9    840.3
     1     1    20     6    28     8     0     2     8.0   60.662   51.182    202.2    960.8
     2     1    20     6    28     8     0     2     8.0   59.889   50.499    774.2    890.6
     3     1    20     6    28     8     0     2     8.0   59.799   50.383   1310.7    835.6
     1     1    20     6    28     9     0     3     9.0   60.421   51.365    217.6    956.3
     2     1    20     6    28     9     0     3     9.0   59.618   50.726    797.7    892.9
     3     1    20     6    28     9     0     3     9.0   59.522   50.553   1372.7    832.6
     1     1    20     6    28    10     0     2    10.0   60.179   51.556    223.9    953.9
     2     1    20     6    28    10     0     2    10.0   59.356   50.938    838.0    889.7
     3     1    20     6    28    10     0     2    10.0   59.261   50.740   1442.2    825.4
     1     1    20     6    28    11     0     1    11.0   59.943   51.745    220.6    953.5
     2     1    20     6    28    11     0     1    11.0   59.096   51.150    871.1    886.0
     3     1    20     6    28    11     0     1    11.0   59.004   50.941   1493.7    821.6
     1     1    20     6    28    12     0     0    12.0   59.712   51.924    210.0    955.6
     2     1    20     6    28    12     0     0    12.0   58.832   51.385    888.8    884.0
     3     1    20     6    28    12     0     0    12.0   58.751   51.160   1533.3    818.3
     1     1    20     6    28    13     0     1    13.0   59.488   52.091    201.1    957.5
     2     1    20     6    28    13     0     1    13.0   58.567   51.615    915.2    881.2
     3     1    20     6    28    13     0     1    13.0   58.503   51.384   1563.4    812.3
     1     1    20     6    28    14     0     2    14.0   59.273   52.255    199.2    957.4
     2     1    20     6    28    14     0     2    14.0   58.305   51.827    961.0    874.2
     3     1    20     6    28    14     0     2    14.0   58.255   51.611   1586.5    809.9
     1     1    20     6    28    15     0     3    15.0   59.067   52.422    201.5    956.3
     2     1    20     6    28    15     0     3    15.0   58.036   52.052   1013.8    866.1
     3     1    20     6    28    15     0     3    15.0   58.015   51.857   1631.4    805.0
     1     1    20     6    28    16     0     2    16.0   58.854   52.592    206.9    956.3
     2     1    20     6    28    16     0     2    16.0   57.768   52.275   1053.7    863.4
     3     1    20     6    28    16     0     2    16.0   57.784   52.110   1685.8    798.2
     1     1    20     6    28    17     0     1    17.0   58.626   52.763    214.9    956.7
     2     1    20     6    28    17     0     1    17.0   57.514   52.474   1070.1    863.9
     3     1    20     6    28    17     0     1    17.0   57.558   52.349   1705.4    796.9
     1     1    20     6    28    18     0     0    18.0   58.390   52.935    222.8    957.8
     2     1    20     6    28    18     0     0    18.0   57.274   52.656   1067.3    865.9
     3     1    20     6    28    18     0     0    18.0   57.341   52.581   1682.1    801.8
     1     1    20     6    28    19     0     1    19.0   58.152   53.083    229.2    958.3
     2     1    20     6    28    19     0     1    19.0   57.044   52.837   1071.6    868.4
     3     1    20     6    28    19     0     1    19.0   57.140   52.816   1665.6    807.6
     1     1    20     6    28    20     0     2    20.0   57.910   53.182    235.7    957.9
     2     1    20     6    28    20     0     2    20.0   56.829   53.024   1108.8    865.6
     3     1    20     6    28    20     0     2    20.0   56.951   53.061   1690.5    805.2
     1     1    20     6    28    21     0     3    21.0   57.662   53.234    245.3    956.9
     2     1    20     6    28    21     0     3    21.0   56.630   53.217   1173.2    859.2
     3     1    20     6    28    21     0     3    21.0   56.771   53.326   1748.0    799.7
     1     1    20     6    28    22     0     2    22.0   57.425   53.272    258.2    955.5
     2     1    20     6    28    22     0     2    22.0   56.445   53.432   1229.0    851.8
     3     1    20     6    28    22     0     2    22.0   56.594   53.615   1797.3    792.2
     1     1    20     6    28    23     0     1    23.0   57.209   53.332    269.2    954.2
     2     1    20     6    28    23     0     1    23.0   56.265   53.676   1250.1    851.1
     3     1    20     6    28    23     0     1    23.0   56.411   53.923   1812.1    792.2
     1     1    20     6    29     0     0     0    24.0   57.017   53.419    272.7    953.9
     2     1    20     6    29     0     0     0    24.0   56.086   53.946   1247.3    853.2
     3     1    20     6    29     0     0     0    24.0   56.220   54.243   1802.6    793.4
