     5     1
    GDAS    20     7     8     0     0
    GDAS    20     7    15     0     0
    GDAS    20     7    22     0     0
    GDAS    20     7    29     0     0
    GDAS    20     8     1     0     0
     3 FORWARD  OMEGA   
    20     7    18     0   62.085   49.588   100.0
    20     7    18     0   62.085   49.588   500.0
    20     7    18     0   62.085   49.588  1000.0
     1 PRESSURE
     1     1    20     7    18     0     0     0     0.0   62.085   49.588    100.0    985.1
     2     1    20     7    18     0     0     0     0.0   62.085   49.588    500.0    940.9
     3     1    20     7    18     0     0     0     0.0   62.085   49.588   1000.0    887.1
     1     1    20     7    18     1     0     1     1.0   62.097   49.742    101.6    984.9
     2     1    20     7    18     1     0     1     1.0   62.079   49.781    502.6    941.1
     3     1    20     7    18     1     0     1     1.0   62.081   49.730    982.0    889.0
     1     1    20     7    18     2     0     2     2.0   62.102   49.893    101.8    984.8
     2     1    20     7    18     2     0     2     2.0   62.066   49.981    504.2    941.0
     3     1    20     7    18     2     0     2     2.0   62.073   49.860    955.7    892.1
     1     1    20     7    18     3     0     3     3.0   62.101   50.041     98.5    985.0
     2     1    20     7    18     3     0     3     3.0   62.045   50.193    494.6    940.3
     3     1    20     7    18     3     0     3     3.0   62.062   49.980    919.2    896.4
     1     1    20     7    18     4     0     2     4.0   62.091   50.183     93.1    985.7
     2     1    20     7    18     4     0     2     4.0   62.014   50.412    471.8    942.3
     3     1    20     7    18     4     0     2     4.0   62.049   50.112    885.1    900.6
     1     1    20     7    18     5     0     1     5.0   62.073   50.321     87.9    986.2
     2     1    20     7    18     5     0     1     5.0   61.976   50.623    443.7    944.4
     3     1    20     7    18     5     0     1     5.0   62.036   50.269    861.9    901.9
     1     1    20     7    18     6     0     0     6.0   62.046   50.453     83.0    986.6
     2     1    20     7    18     6     0     0     6.0   61.936   50.810    414.7    947.0
     3     1    20     7    18     6     0     0     6.0   62.020   50.436    843.7    902.6
     1     1    20     7    18     7     0     1     7.0   62.022   50.584     78.3    986.9
     2     1    20     7    18     7     0     1     7.0   61.901   50.986    391.1    949.5
     3     1    20     7    18     7     0     1     7.0   61.999   50.601    815.3    903.5
     1     1    20     7    18     8     0     2     8.0   62.007   50.723     74.2    987.4
     2     1    20     7    18     8     0     2     8.0   61.873   51.171    383.0    951.1
     3     1    20     7    18     8     0     2     8.0   61.974   50.762    773.1    908.0
     1     1    20     7    18     9     0     3     9.0   62.000   50.875     71.9    987.6
     2     1    20     7    18     9     0     3     9.0   61.851   51.363    406.5    949.8
     3     1    20     7    18     9     0     3     9.0   61.952   50.930    733.0    912.3
     1     1    20     7    18    10     0     2    10.0   61.991   51.034     71.7    987.1
     2     1    20     7    18    10     0     2    10.0   61.828   51.552    463.6    942.4
     3     1    20     7    18    10     0     2    10.0   61.929   51.103    718.7    915.7
     1     1    20     7    18    11     0     1    11.0   61.974   51.183     74.1    986.9
     2     1    20     7    18    11     0     1    11.0   61.802   51.734    543.2    933.7
     3     1    20     7    18    11     0     1    11.0   61.898   51.272    741.7    913.1
     1     1    20     7    18    12     0     0    12.0   61.953   51.322     79.7    986.0
     2     1    20     7    18    12     0     0    12.0   61.771   51.906    636.8    923.9
     3     1    20     7    18    12     0     0    12.0   61.862   51.432    791.3    907.3
     1     1    20     7    18    13     0     1    13.0   61.935   51.449     89.3    984.6
     2     1    20     7    18    13     0     1    13.0   61.740   52.068    731.5    912.3
     3     1    20     7    18    13     0     1    13.0   61.825   51.576    853.2    900.2
     1     1    20     7    18    14     0     2    14.0   61.920   51.568    105.0    982.5
     2     1    20     7    18    14     0     2    14.0   61.709   52.223    818.4    902.3
     3     1    20     7    18    14     0     2    14.0   61.789   51.701    920.1    893.4
     1     1    20     7    18    15     0     3    15.0   61.907   51.683    129.7    979.5
     2     1    20     7    18    15     0     3    15.0   61.674   52.370    895.0    894.5
     3     1    20     7    18    15     0     3    15.0   61.751   51.807    987.5    885.7
     1     1    20     7    18    16     0     2    16.0   61.879   51.775    163.2    976.1
     2     1    20     7    18    16     0     2    16.0   61.634   52.502    961.5    887.1
     3     1    20     7    18    16     0     2    16.0   61.708   51.892   1057.4    879.1
     1     1    20     7    18    17     0     1    17.0   61.815   51.810    197.1    972.8
     2     1    20     7    18    17     0     1    17.0   61.589   52.612   1015.2    881.0
     3     1    20     7    18    17     0     1    17.0   61.659   51.950   1132.9    871.4
     1     1    20     7    18    18     0     0    18.0   61.718   51.787    228.1    969.3
     2     1    20     7    18    18     0     0    18.0   61.542   52.699   1058.2    876.5
     3     1    20     7    18    18     0     0    18.0   61.609   51.980   1213.9    863.5
     1     1    20     7    18    19     0     1    19.0   61.612   51.736    256.2    965.8
     2     1    20     7    18    19     0     1    19.0   61.495   52.776   1086.7    872.3
     3     1    20     7    18    19     0     1    19.0   61.561   51.989   1271.7    854.9
     1     1    20     7    18    20     0     2    20.0   61.514   51.667    278.5    963.1
     2     1    20     7    18    20     0     2    20.0   61.448   52.854   1097.7    871.1
     3     1    20     7    18    20     0     2    20.0   61.514   51.986   1283.0    853.9
     1     1    20     7    18    21     0     3    21.0   61.419   51.572    291.7    961.5
     2     1    20     7    18    21     0     3    21.0   61.399   52.933   1099.8    870.7
     3     1    20     7    18    21     0     3    21.0   61.466   51.967   1252.0    857.3
     1     1    20     7    18    22     0     2    22.0   61.320   51.454    298.8    961.6
     2     1    20     7    18    22     0     2    22.0   61.347   53.001   1104.7    870.6
     3     1    20     7    18    22     0     2    22.0   61.411   51.929   1215.0    864.4
     1     1    20     7    18    23     0     1    23.0   61.210   51.312    307.3    961.3
     2     1    20     7    18    23     0     1    23.0   61.290   53.047   1118.6    869.0
     3     1    20     7    18    23     0     1    23.0   61.347   51.883   1199.4    866.2
     1     1    20     7    19     0     0     0    24.0   61.087   51.139    324.6    960.2
     2     1    20     7    19     0     0     0    24.0   61.226   53.074   1142.6    866.8
     3     1    20     7    19     0     0     0    24.0   61.275   51.835   1205.2    866.0
