     5     1
    GDAS    20     8     8     0     0
    GDAS    20     8    15     0     0
    GDAS    20     8    22     0     0
    GDAS    20     8    29     0     0
    GDAS    20     9     1     0     0
     3 FORWARD  OMEGA   
    20     8    21     0   62.085   49.588   100.0
    20     8    21     0   62.085   49.588   500.0
    20     8    21     0   62.085   49.588  1000.0
     1 PRESSURE
     1     1    20     8    21     0     0     0     0.0   62.085   49.588    100.0    988.5
     2     1    20     8    21     0     0     0     0.0   62.085   49.588    500.0    942.0
     3     1    20     8    21     0     0     0     0.0   62.085   49.588   1000.0    887.0
     1     1    20     8    21     1     0     1     1.0   61.931   49.688    104.1    988.2
     2     1    20     8    21     1     0     1     1.0   61.816   49.532    518.2    939.3
     3     1    20     8    21     1     0     1     1.0   61.820   49.578   1012.3    885.2
     1     1    20     8    21     2     0     2     2.0   61.770   49.803    106.1    986.8
     2     1    20     8    21     2     0     2     2.0   61.533   49.514    530.2    935.7
     3     1    20     8    21     2     0     2     2.0   61.538   49.581   1022.1    882.0
     1     1    20     8    21     3     0     3     3.0   61.602   49.940    106.5    985.6
     2     1    20     8    21     3     0     3     3.0   61.236   49.545    534.6    933.1
     3     1    20     8    21     3     0     3     3.0   61.237   49.615   1028.5    879.1
     1     1    20     8    21     4     0     2     4.0   61.434   50.082    105.8    984.4
     2     1    20     8    21     4     0     2     4.0   60.939   49.618    538.6    931.9
     3     1    20     8    21     4     0     2     4.0   60.925   49.668   1029.0    877.2
     1     1    20     8    21     5     0     1     5.0   61.269   50.210    103.8    983.4
     2     1    20     8    21     5     0     1     5.0   60.654   49.710    549.6    929.6
     3     1    20     8    21     5     0     1     5.0   60.615   49.708   1021.6    876.9
     1     1    20     8    21     6     0     0     6.0   61.106   50.323     99.7    983.1
     2     1    20     8    21     6     0     0     6.0   60.380   49.819    566.8    926.1
     3     1    20     8    21     6     0     0     6.0   60.303   49.738   1009.5    877.2
     1     1    20     8    21     7     0     1     7.0   60.943   50.425     96.4    983.1
     2     1    20     8    21     7     0     1     7.0   60.113   49.940    588.7    921.3
     3     1    20     8    21     7     0     1     7.0   60.003   49.778   1003.6    877.0
     1     1    20     8    21     8     0     2     8.0   60.775   50.520     96.9    982.0
     2     1    20     8    21     8     0     2     8.0   59.851   50.053    608.5    918.5
     3     1    20     8    21     8     0     2     8.0   59.728   49.823   1008.9    877.2
     1     1    20     8    21     9     0     3     9.0   60.601   50.607    101.0    980.0
     2     1    20     8    21     9     0     3     9.0   59.599   50.158    618.9    919.0
     3     1    20     8    21     9     0     3     9.0   59.478   49.865   1019.1    877.3
     1     1    20     8    21    10     0     2    10.0   60.421   50.701    105.2    977.8
     2     1    20     8    21    10     0     2    10.0   59.354   50.266    613.7    921.1
     3     1    20     8    21    10     0     2    10.0   59.238   49.913   1018.0    877.4
     1     1    20     8    21    11     0     1    11.0   60.238   50.820    106.7    976.4
     2     1    20     8    21    11     0     1    11.0   59.111   50.382    591.1    925.6
     3     1    20     8    21    11     0     1    11.0   58.992   49.984    988.7    882.1
     1     1    20     8    21    12     0     0    12.0   60.052   50.958    106.3    975.5
     2     1    20     8    21    12     0     0    12.0   58.870   50.500    563.4    930.0
     3     1    20     8    21    12     0     0    12.0   58.744   50.077    933.1    887.5
     1     1    20     8    21    13     0     1    13.0   59.863   51.102    104.9    975.9
     2     1    20     8    21    13     0     1    13.0   58.617   50.607    553.2    931.7
     3     1    20     8    21    13     0     1    13.0   58.486   50.174    888.9    893.9
     1     1    20     8    21    14     0     2    14.0   59.672   51.238    100.4    976.9
     2     1    20     8    21    14     0     2    14.0   58.340   50.689    572.0    928.9
     3     1    20     8    21    14     0     2    14.0   58.214   50.260    873.7    893.2
     1     1    20     8    21    15     0     3    15.0   59.483   51.361     91.1    978.6
     2     1    20     8    21    15     0     3    15.0   58.040   50.742    620.5    923.8
     3     1    20     8    21    15     0     3    15.0   57.925   50.345    872.3    892.5
     1     1    20     8    21    16     0     2    16.0   59.304   51.477     83.1    980.9
     2     1    20     8    21    16     0     2    16.0   57.731   50.771    664.0    916.9
     3     1    20     8    21    16     0     2    16.0   57.630   50.412    874.5    894.5
     1     1    20     8    21    17     0     1    17.0   59.138   51.601     81.5    981.0
     2     1    20     8    21    17     0     1    17.0   57.426   50.764    675.8    919.0
     3     1    20     8    21    17     0     1    17.0   57.340   50.444    876.0    897.0
     1     1    20     8    21    18     0     0    18.0   58.988   51.746     86.7    979.7
     2     1    20     8    21    18     0     0    18.0   57.126   50.697    680.4    922.1
     3     1    20     8    21    18     0     0    18.0   57.056   50.432    886.0    898.8
     1     1    20     8    21    19     0     1    19.0   58.836   51.903     99.7    977.0
     2     1    20     8    21    19     0     1    19.0   56.846   50.612    685.2    920.4
     3     1    20     8    21    19     0     1    19.0   56.787   50.416    896.1    896.0
     1     1    20     8    21    20     0     2    20.0   58.662   52.057    120.7    973.5
     2     1    20     8    21    20     0     2    20.0   56.591   50.546    681.8    919.4
     3     1    20     8    21    20     0     2    20.0   56.535   50.419    895.9    895.7
     1     1    20     8    21    21     0     3    21.0   58.470   52.226    146.2    970.6
     2     1    20     8    21    21     0     3    21.0   56.357   50.480    675.6    919.7
     3     1    20     8    21    21     0     3    21.0   56.295   50.428    893.5    895.7
     1     1    20     8    21    22     0     2    22.0   58.261   52.393    169.2    968.7
     2     1    20     8    21    22     0     2    22.0   56.131   50.429    675.8    919.2
     3     1    20     8    21    22     0     2    22.0   56.058   50.445    894.8    894.9
     1     1    20     8    21    23     0     1    23.0   58.036   52.533    189.3    968.5
     2     1    20     8    21    23     0     1    23.0   55.908   50.421    679.2    917.7
     3     1    20     8    21    23     0     1    23.0   55.816   50.488    896.9    894.0
     1     1    20     8    22     0     0     0    24.0   57.796   52.645    210.7    967.4
     2     1    20     8    22     0     0     0    24.0   55.691   50.458    677.5    917.4
     3     1    20     8    22     0     0     0    24.0   55.573   50.562    895.2    894.0
