     5     1
    GDAS    20     6    29     0     0
    GDAS    20     7     1     0     0
    GDAS    20     7     8     0     0
    GDAS    20     7    15     0     0
    GDAS    20     7    22     0     0
     3 FORWARD  OMEGA   
    20     7     3     0   62.085   49.588   100.0
    20     7     3     0   62.085   49.588   500.0
    20     7     3     0   62.085   49.588  1000.0
     1 PRESSURE
     1     1    20     7     3     0     0     0     0.0   62.085   49.588    100.0    983.9
     2     1    20     7     3     0     0     0     0.0   62.085   49.588    500.0    939.8
     3     1    20     7     3     0     0     0     0.0   62.085   49.588   1000.0    885.6
     1     1    20     7     3     1     0     1     1.0   62.076   49.789     97.9    984.7
     2     1    20     7     3     1     0     1     1.0   62.013   49.923    496.4    941.5
     3     1    20     7     3     1     0     1     1.0   62.032   49.933    984.6    888.1
     1     1    20     7     3     2     0     2     2.0   62.066   49.960     97.2    985.2
     2     1    20     7     3     2     0     2     2.0   61.941   50.210    496.4    939.6
     3     1    20     7     3     2     0     2     2.0   61.978   50.241    967.1    888.3
     1     1    20     7     3     3     0     3     3.0   62.052   50.102     97.6    985.1
     2     1    20     7     3     3     0     3     3.0   61.866   50.453    499.6    937.7
     3     1    20     7     3     3     0     3     3.0   61.918   50.520    950.5    888.9
     1     1    20     7     3     4     0     2     4.0   62.042   50.243     97.4    984.7
     2     1    20     7     3     4     0     2     4.0   61.803   50.691    504.2    935.8
     3     1    20     7     3     4     0     2     4.0   61.866   50.802    943.3    888.8
     1     1    20     7     3     5     0     1     5.0   62.045   50.414     95.6    984.6
     2     1    20     7     3     5     0     1     5.0   61.771   50.956    509.4    934.7
     3     1    20     7     3     5     0     1     5.0   61.831   51.107    957.4    887.5
     1     1    20     7     3     6     0     0     6.0   62.057   50.615     92.6    984.5
     2     1    20     7     3     6     0     0     6.0   61.769   51.232    530.9    933.9
     3     1    20     7     3     6     0     0     6.0   61.809   51.428   1018.5    883.0
     1     1    20     7     3     7     0     1     7.0   62.072   50.836     90.5    983.8
     2     1    20     7     3     7     0     1     7.0   61.782   51.507    557.1    928.6
     3     1    20     7     3     7     0     1     7.0   61.790   51.766   1095.1    869.5
     1     1    20     7     3     8     0     2     8.0   62.083   51.062     89.6    983.1
     2     1    20     7     3     8     0     2     8.0   61.791   51.780    537.9    927.9
     3     1    20     7     3     8     0     2     8.0   61.769   52.106   1110.4    865.5
     1     1    20     7     3     9     0     3     9.0   62.091   51.285     83.2    983.3
     2     1    20     7     3     9     0     3     9.0   61.795   52.053    439.2    937.4
     3     1    20     7     3     9     0     3     9.0   61.756   52.431   1064.1    872.6
     1     1    20     7     3    10     0     2    10.0   62.099   51.495     70.7    986.0
     2     1    20     7     3    10     0     2    10.0   61.798   52.313    341.8    957.8
     3     1    20     7     3    10     0     2    10.0   61.753   52.741   1021.2    881.6
     1     1    20     7     3    11     0     1    11.0   62.105   51.704     57.6    987.6
     2     1    20     7     3    11     0     1    11.0   61.798   52.571    296.1    961.0
     3     1    20     7     3    11     0     1    11.0   61.748   53.054   1018.3    881.2
     1     1    20     7     3    12     0     0    12.0   62.101   51.927     46.9    989.0
     2     1    20     7     3    12     0     0    12.0   61.787   52.837    279.6    961.8
     3     1    20     7     3    12     0     0    12.0   61.736   53.371   1039.8    877.3
     1     1    20     7     3    13     0     1    13.0   62.092   52.141     38.9    990.3
     2     1    20     7     3    13     0     1    13.0   61.767   53.085    284.8    960.6
     3     1    20     7     3    13     0     1    13.0   61.717   53.676   1069.2    872.5
     1     1    20     7     3    14     0     2    14.0   62.083   52.316     33.7    991.1
     2     1    20     7     3    14     0     2    14.0   61.749   53.292    305.1    956.6
     3     1    20     7     3    14     0     2    14.0   61.690   53.958   1079.6    868.7
     1     1    20     7     3    15     0     3    15.0   62.076   52.455     31.1    991.3
     2     1    20     7     3    15     0     3    15.0   61.735   53.463    326.5    953.1
     3     1    20     7     3    15     0     3    15.0   61.655   54.221   1071.6    872.5
     1     1    20     7     3    16     0     2    16.0   62.077   52.564     30.2    991.4
     2     1    20     7     3    16     0     2    16.0   61.738   53.616    330.8    951.2
     3     1    20     7     3    16     0     2    16.0   61.625   54.480   1070.0    875.5
     1     1    20     7     3    17     0     1    17.0   62.097   52.647     30.0    991.5
     2     1    20     7     3    17     0     1    17.0   61.778   53.764    302.7    953.5
     3     1    20     7     3    17     0     1    17.0   61.600   54.753   1073.9    875.2
     1     1    20     7     3    18     0     0    18.0   62.136   52.708     29.9    991.6
     2     1    20     7     3    18     0     0    18.0   61.866   53.908    238.2    959.7
     3     1    20     7     3    18     0     0    18.0   61.567   55.038   1057.6    876.9
     1     1    20     7     3    19     0     1    19.0   62.188   52.755     29.9    991.1
     2     1    20     7     3    19     0     1    19.0   61.989   54.063    168.2    970.6
     3     1    20     7     3    19     0     1    19.0   61.536   55.325   1023.4    881.4
     1     1    20     7     3    20     0     2    20.0   62.247   52.799     30.3    990.5
     2     1    20     7     3    20     0     2    20.0   62.107   54.234    126.0    977.8
     3     1    20     7     3    20     0     2    20.0   61.511   55.612    987.7    884.1
     1     1    20     7     3    21     0     3    21.0   62.311   52.839     30.6    989.9
     2     1    20     7     3    21     0     3    21.0   62.211   54.418    106.7    980.3
     3     1    20     7     3    21     0     3    21.0   61.482   55.892    948.6    887.3
     1     1    20     7     3    22     0     2    22.0   62.380   52.882     29.7    989.5
     2     1    20     7     3    22     0     2    22.0   62.305   54.605     98.2    981.6
     3     1    20     7     3    22     0     2    22.0   61.446   56.166    924.3    891.4
     1     1    20     7     3    23     0     1    23.0   62.453   52.936     27.3    989.4
     2     1    20     7     3    23     0     1    23.0   62.391   54.785     92.7    982.5
     3     1    20     7     3    23     0     1    23.0   61.403   56.437    929.7    890.5
     1     1    20     7     4     0     0     0    24.0   62.530   53.001     23.7    989.4
     2     1    20     7     4     0     0     0    24.0   62.469   54.958     86.4    983.3
     3     1    20     7     4     0     0     0    24.0   61.349   56.699    958.6    886.8
