     5     1
    GDAS    20     7     1     0     0
    GDAS    20     7     8     0     0
    GDAS    20     7    15     0     0
    GDAS    20     7    22     0     0
    GDAS    20     7    29     0     0
     3 FORWARD  OMEGA   
    20     7    14     0   62.085   49.588   100.0
    20     7    14     0   62.085   49.588   500.0
    20     7    14     0   62.085   49.588  1000.0
     1 PRESSURE
     1     1    20     7    14     0     0     0     0.0   62.085   49.588    100.0    990.4
     2     1    20     7    14     0     0     0     0.0   62.085   49.588    500.0    944.6
     3     1    20     7    14     0     0     0     0.0   62.085   49.588   1000.0    890.9
     1     1    20     7    14     1     0     1     1.0   62.097   49.186    119.0    986.2
     2     1    20     7    14     1     0     1     1.0   62.307   49.044    554.0    935.5
     3     1    20     7    14     1     0     1     1.0   62.347   49.325   1051.8    881.4
     1     1    20     7    14     2     0     2     2.0   62.131   48.739    136.0    980.2
     2     1    20     7    14     2     0     2     2.0   62.571   48.515    615.8    923.2
     3     1    20     7    14     2     0     2     2.0   62.612   49.062   1105.0    870.6
     1     1    20     7    14     3     0     3     3.0   62.170   48.264    141.1    975.3
     2     1    20     7    14     3     0     3     3.0   62.863   47.998    728.7    916.7
     3     1    20     7    14     3     0     3     3.0   62.881   48.824   1168.2    861.8
     1     1    20     7    14     4     0     2     4.0   62.210   47.817    137.9    974.7
     2     1    20     7    14     4     0     2     4.0   63.163   47.577    852.8    892.3
     3     1    20     7    14     4     0     2     4.0   63.166   48.597   1297.2    854.1
     1     1    20     7    14     5     0     1     5.0   62.262   47.419    137.4    975.0
     2     1    20     7    14     5     0     1     5.0   63.457   47.199    897.0    892.1
     3     1    20     7    14     5     0     1     5.0   63.462   48.413   1501.6    830.0
     1     1    20     7    14     6     0     0     6.0   62.329   47.042    146.2    973.9
     2     1    20     7    14     6     0     0     6.0   63.768   46.871    922.8    894.7
     3     1    20     7    14     6     0     0     6.0   63.749   48.328   1778.3    806.6
     1     1    20     7    14     7     0     1     7.0   62.398   46.692    155.3    972.8
     2     1    20     7    14     7     0     1     7.0   64.107   46.626    971.9    889.3
     3     1    20     7    14     7     0     1     7.0   64.024   48.427   2106.1    767.5
     1     1    20     7    14     8     0     2     8.0   62.446   46.411    151.1    973.7
     2     1    20     7    14     8     0     2     8.0   64.424   46.439   1051.2    879.9
     3     1    20     7    14     8     0     2     8.0   64.287   48.670   2300.0    741.1
     1     1    20     7    14     9     0     3     9.0   62.464   46.206    132.2    976.4
     2     1    20     7    14     9     0     3     9.0   64.718   46.373   1157.8    867.3
     3     1    20     7    14     9     0     3     9.0   64.527   48.945   2251.6    742.5
     1     1    20     7    14    10     0     2    10.0   62.457   46.098    112.5    980.6
     2     1    20     7    14    10     0     2    10.0   64.995   46.479   1255.3    854.5
     3     1    20     7    14    10     0     2    10.0   64.747   49.215   2097.2    768.7
     1     1    20     7    14    11     0     1    11.0   62.443   46.094    103.0    981.9
     2     1    20     7    14    11     0     1    11.0   65.230   46.585   1344.1    847.0
     3     1    20     7    14    11     0     1    11.0   64.947   49.464   1998.2    777.2
     1     1    20     7    14    12     0     0    12.0   62.431   46.187    103.3    981.4
     2     1    20     7    14    12     0     0    12.0   65.410   46.610   1420.2    840.2
     3     1    20     7    14    12     0     0    12.0   65.110   49.688   2000.2    780.9
     1     1    20     7    14    13     0     1    13.0   62.424   46.327    106.1    979.9
     2     1    20     7    14    13     0     1    13.0   65.562   46.636   1507.2    832.7
     3     1    20     7    14    13     0     1    13.0   65.252   49.966   2050.4    769.3
     1     1    20     7    14    14     0     2    14.0   62.418   46.465    104.2    979.5
     2     1    20     7    14    14     0     2    14.0   65.716   46.733   1625.7    821.4
     3     1    20     7    14    14     0     2    14.0   65.403   50.320   2073.7    768.0
     1     1    20     7    14    15     0     3    15.0   62.402   46.611     96.0    980.0
     2     1    20     7    14    15     0     3    15.0   65.889   46.938   1798.9    806.3
     3     1    20     7    14    15     0     3    15.0   65.563   50.700   2050.8    770.8
     1     1    20     7    14    16     0     2    16.0   62.378   46.766     84.3    981.7
     2     1    20     7    14    16     0     2    16.0   66.087   47.251   1983.6    782.6
     3     1    20     7    14    16     0     2    16.0   65.718   51.083   2016.3    779.1
     1     1    20     7    14    17     0     1    17.0   62.362   46.917     71.6    983.0
     2     1    20     7    14    17     0     1    17.0   66.258   47.532   2070.9    773.9
     3     1    20     7    14    17     0     1    17.0   65.866   51.481   2001.5    782.3
     1     1    20     7    14    18     0     0    18.0   62.361   47.049     58.2    984.1
     2     1    20     7    14    18     0     0    18.0   66.385   47.729   2086.1    776.3
     3     1    20     7    14    18     0     0    18.0   66.006   51.867   1983.0    784.6
     1     1    20     7    14    19     0     1    19.0   62.353   47.171     46.9    985.3
     2     1    20     7    14    19     0     1    19.0   66.485   47.859   2106.9    779.9
     3     1    20     7    14    19     0     1    19.0   66.138   52.239   1947.6    790.1
     1     1    20     7    14    20     0     2    20.0   62.314   47.294     39.0    986.0
     2     1    20     7    14    20     0     2    20.0   66.574   47.964   2183.4    773.6
     3     1    20     7    14    20     0     2    20.0   66.263   52.638   1915.6    795.8
     1     1    20     7    14    21     0     3    21.0   62.252   47.410     34.1    986.4
     2     1    20     7    14    21     0     3    21.0   66.669   48.121   2309.5    759.0
     3     1    20     7    14    21     0     3    21.0   66.372   53.120   1906.6    797.2
     1     1    20     7    14    22     0     2    22.0   62.181   47.496     30.2    987.3
     2     1    20     7    14    22     0     2    22.0   66.789   48.372   2452.0    741.2
     3     1    20     7    14    22     0     2    22.0   66.480   53.651   1927.2    794.2
     1     1    20     7    14    23     0     1    23.0   62.114   47.539     25.3    988.5
     2     1    20     7    14    23     0     1    23.0   66.956   48.728   2612.3    720.4
     3     1    20     7    14    23     0     1    23.0   66.598   54.193   1951.4    787.4
     1     1    20     7    15     0     0     0    24.0   62.052   47.546     19.6    990.0
     2     1    20     7    15     0     0     0    24.0   67.166   49.216   2710.9    703.5
     3     1    20     7    15     0     0     0    24.0   66.706   54.797   1908.0    787.9
