     5     1
    GDAS    20     1     8     0     0
    GDAS    20     1    15     0     0
    GDAS    20     1    22     0     0
    GDAS    20     1    29     0     0
    GDAS    20     2     1     0     0
     3 FORWARD  OMEGA   
    20     1    17     0   62.085   49.588   100.0
    20     1    17     0   62.085   49.588   500.0
    20     1    17     0   62.085   49.588  1000.0
     1 PRESSURE
     1     1    20     1    17     0     0     0     0.0   62.085   49.588    100.0    984.3
     2     1    20     1    17     0     0     0     0.0   62.085   49.588    500.0    935.1
     3     1    20     1    17     0     0     0     0.0   62.085   49.588   1000.0    876.4
     1     1    20     1    17     1     0     1     1.0   61.969   49.551     99.6    986.1
     2     1    20     1    17     1     0     1     1.0   61.903   49.387    492.7    936.6
     3     1    20     1    17     1     0     1     1.0   61.802   49.517    968.0    879.5
     1     1    20     1    17     2     0     2     2.0   61.879   49.530     99.8    986.3
     2     1    20     1    17     2     0     2     2.0   61.758   49.225    476.5    938.0
     3     1    20     1    17     2     0     2     2.0   61.549   49.449    917.9    884.3
     1     1    20     1    17     3     0     3     3.0   61.814   49.526     99.8    986.7
     2     1    20     1    17     3     0     3     3.0   61.656   49.091    449.9    941.3
     3     1    20     1    17     3     0     3     3.0   61.331   49.356    847.8    891.1
     1     1    20     1    17     4     0     2     4.0   61.779   49.548     98.4    987.2
     2     1    20     1    17     4     0     2     4.0   61.606   48.997    417.5    946.3
     3     1    20     1    17     4     0     2     4.0   61.170   49.233    770.3    901.0
     1     1    20     1    17     5     0     1     5.0   61.777   49.611     95.4    988.4
     2     1    20     1    17     5     0     1     5.0   61.615   48.980    383.7    951.6
     3     1    20     1    17     5     0     1     5.0   61.075   49.118    693.4    909.9
     1     1    20     1    17     6     0     0     6.0   61.806   49.719     91.6    990.0
     2     1    20     1    17     6     0     0     6.0   61.677   49.062    350.5    956.6
     3     1    20     1    17     6     0     0     6.0   61.045   49.028    612.5    920.3
     1     1    20     1    17     7     0     1     7.0   61.860   49.861     88.0    991.0
     2     1    20     1    17     7     0     1     7.0   61.782   49.243    324.4    960.7
     3     1    20     1    17     7     0     1     7.0   61.087   49.009    534.7    930.2
     1     1    20     1    17     8     0     2     8.0   61.931   50.015     84.2    991.9
     2     1    20     1    17     8     0     2     8.0   61.922   49.515    309.7    963.4
     3     1    20     1    17     8     0     2     8.0   61.198   49.098    468.0    939.3
     1     1    20     1    17     9     0     3     9.0   62.018   50.179     79.2    991.8
     2     1    20     1    17     9     0     3     9.0   62.090   49.880    303.6    963.4
     3     1    20     1    17     9     0     3     9.0   61.368   49.304    419.4    947.0
     1     1    20     1    17    10     0     2    10.0   62.119   50.352     74.3    990.7
     2     1    20     1    17    10     0     2    10.0   62.276   50.334    300.2    959.8
     3     1    20     1    17    10     0     2    10.0   61.574   49.635    395.0    952.1
     1     1    20     1    17    11     0     1    11.0   62.237   50.536     71.8    989.1
     2     1    20     1    17    11     0     1    11.0   62.485   50.876    302.9    956.4
     3     1    20     1    17    11     0     1    11.0   61.802   50.081    393.3    952.8
     1     1    20     1    17    12     0     0    12.0   62.379   50.733     72.7    987.3
     2     1    20     1    17    12     0     0    12.0   62.717   51.518    311.8    953.7
     3     1    20     1    17    12     0     0    12.0   62.059   50.641    408.4    947.2
     1     1    20     1    17    13     0     1    13.0   62.548   50.949     78.8    984.6
     2     1    20     1    17    13     0     1    13.0   62.961   52.225    301.7    950.1
     3     1    20     1    17    13     0     1    13.0   62.326   51.310    429.2    939.2
     1     1    20     1    17    14     0     2    14.0   62.748   51.201     89.2    981.1
     2     1    20     1    17    14     0     2    14.0   63.208   52.935    258.2    950.0
     3     1    20     1    17    14     0     2    14.0   62.605   52.059    423.7    936.2
     1     1    20     1    17    15     0     3    15.0   62.977   51.498     96.1    977.7
     2     1    20     1    17    15     0     3    15.0   63.452   53.576    209.3    962.9
     3     1    20     1    17    15     0     3    15.0   62.915   52.891    384.3    936.4
     1     1    20     1    17    16     0     2    16.0   63.200   51.828     99.1    975.3
     2     1    20     1    17    16     0     2    16.0   63.671   54.150    187.2    965.4
     3     1    20     1    17    16     0     2    16.0   63.216   53.762    338.3    946.2
     1     1    20     1    17    17     0     1    17.0   63.392   52.188    109.6    971.0
     2     1    20     1    17    17     0     1    17.0   63.849   54.734    185.7    964.1
     3     1    20     1    17    17     0     1    17.0   63.467   54.577    323.9    945.9
     1     1    20     1    17    18     0     0    18.0   63.561   52.601    110.8    969.2
     2     1    20     1    17    18     0     0    18.0   63.993   55.361    185.2    964.6
     3     1    20     1    17    18     0     0    18.0   63.680   55.403    324.5    946.2
     1     1    20     1    17    19     0     1    19.0   63.695   53.015     90.2    972.6
     2     1    20     1    17    19     0     1    19.0   64.112   56.000    187.0    964.8
     3     1    20     1    17    19     0     1    19.0   63.847   56.197    350.6    945.8
     1     1    20     1    17    20     0     2    20.0   63.792   53.350     69.1    976.8
     2     1    20     1    17    20     0     2    20.0   64.224   56.556    197.8    967.7
     3     1    20     1    17    20     0     2    20.0   63.994   56.896    421.8    942.1
     1     1    20     1    17    21     0     3    21.0   63.865   53.603     62.3    978.1
     2     1    20     1    17    21     0     3    21.0   64.335   57.038    214.8    967.2
     3     1    20     1    17    21     0     3    21.0   64.113   57.563    522.9    923.0
     1     1    20     1    17    22     0     2    22.0   63.917   53.812     64.5    978.3
     2     1    20     1    17    22     0     2    22.0   64.449   57.494    243.3    960.7
     3     1    20     1    17    22     0     2    22.0   64.196   58.255    646.7    898.5
     1     1    20     1    17    23     0     1    23.0   63.945   54.003     73.0    977.9
     2     1    20     1    17    23     0     1    23.0   64.576   57.958    295.8    951.3
     3     1    20     1    17    23     0     1    23.0   64.233   58.956    781.8    867.7
     1     1    20     1    18     0     0     0    24.0   63.949   54.184     83.6    975.9
     2     1    20     1    18     0     0     0    24.0   64.711   58.413    350.1    931.1
     3     1    20     1    18     0     0     0    24.0   64.136   59.753    739.8    839.8
