     5     1
    GDAS    20     2     8     0     0
    GDAS    20     2    15     0     0
    GDAS    20     2    29     0     0
    GDAS    20     3     1     0     0
    GDAS    20     3     8     0     0
     3 FORWARD  OMEGA   
    20     2    17     0   62.085   49.588   100.0
    20     2    17     0   62.085   49.588   500.0
    20     2    17     0   62.085   49.588  1000.0
     1 PRESSURE
     1     1    20     2    17     0     0     0     0.0   62.085   49.588    100.0    986.6
     2     1    20     2    17     0     0     0     0.0   62.085   49.588    500.0    938.2
     3     1    20     2    17     0     0     0     0.0   62.085   49.588   1000.0    880.5
     1     1    20     2    17     1     0     1     1.0   62.371   49.773     82.4    985.0
     2     1    20     2    17     1     0     1     1.0   62.553   50.070    472.1    936.8
     3     1    20     2    17     1     0     1     1.0   62.504   50.297    982.4    877.2
     1     1    20     2    17     2     0     2     2.0   62.661   49.920     68.0    982.8
     2     1    20     2    17     2     0     2     2.0   63.035   50.468    449.4    934.2
     3     1    20     2    17     2     0     2     2.0   62.972   50.947    954.6    875.9
     1     1    20     2    17     3     0     3     3.0   62.958   50.013     57.5    979.7
     2     1    20     2    17     3     0     3     3.0   63.530   50.818    446.6    930.9
     3     1    20     2    17     3     0     3     3.0   63.471   51.600    936.0    876.4
     1     1    20     2    17     4     0     2     4.0   63.270   50.068     50.8    976.2
     2     1    20     2    17     4     0     2     4.0   64.055   51.146    474.6    921.4
     3     1    20     2    17     4     0     2     4.0   64.003   52.282    935.1    870.6
     1     1    20     2    17     5     0     1     5.0   63.605   50.109     49.6    971.9
     2     1    20     2    17     5     0     1     5.0   64.638   51.430    473.7    918.8
     3     1    20     2    17     5     0     1     5.0   64.587   52.922    920.8    877.6
     1     1    20     2    17     6     0     0     6.0   63.965   50.126     56.3    966.4
     2     1    20     2    17     6     0     0     6.0   65.257   51.611    409.8    931.4
     3     1    20     2    17     6     0     0     6.0   65.210   53.471    872.1    884.6
     1     1    20     2    17     7     0     1     7.0   64.354   50.166     66.8    961.5
     2     1    20     2    17     7     0     1     7.0   65.881   51.701    365.9    940.5
     3     1    20     2    17     7     0     1     7.0   65.871   53.916    815.0    890.7
     1     1    20     2    17     8     0     2     8.0   64.754   50.278     69.7    958.6
     2     1    20     2    17     8     0     2     8.0   66.545   51.763    358.7    941.3
     3     1    20     2    17     8     0     2     8.0   66.598   54.315    788.5    892.8
     1     1    20     2    17     9     0     3     9.0   65.151   50.440     66.3    958.8
     2     1    20     2    17     9     0     3     9.0   67.283   51.798    358.4    940.6
     3     1    20     2    17     9     0     3     9.0   67.398   54.764    799.9    888.9
     1     1    20     2    17    10     0     2    10.0   65.548   50.607     65.9    960.2
     2     1    20     2    17    10     0     2    10.0   68.085   51.887    413.9    924.4
     3     1    20     2    17    10     0     2    10.0   68.222   55.197    752.8    897.3
     1     1    20     2    17    11     0     1    11.0   65.971   50.766     77.7    958.7
     2     1    20     2    17    11     0     1    11.0   68.914   52.057    497.8    918.4
     3     1    20     2    17    11     0     1    11.0   69.029   55.626    739.2    898.3
     1     1    20     2    17    12     0     0    12.0   66.458   50.960     85.9    960.3
     2     1    20     2    17    12     0     0    12.0   69.753   52.165    558.7    909.2
     3     1    20     2    17    12     0     0    12.0   69.814   56.018    796.6    891.1
     1     1    20     2    17    13     0     1    13.0   66.975   51.144     67.7    967.6
     2     1    20     2    17    13     0     1    13.0   70.590   51.982    610.7    901.2
     3     1    20     2    17    13     0     1    13.0   70.574   56.359    898.1    870.7
     1     1    20     2    17    14     0     2    14.0   67.488   51.255     56.7    961.5
     2     1    20     2    17    14     0     2    14.0   71.396   51.523    667.9    890.3
     3     1    20     2    17    14     0     2    14.0   71.337   56.529    936.2    867.3
     1     1    20     2    17    15     0     3    15.0   68.012   51.328     63.9    953.5
     2     1    20     2    17    15     0     3    15.0   72.201   50.730    752.7    879.7
     3     1    20     2    17    15     0     3    15.0   72.076   56.388   1050.4    856.1
     1     1    20     2    17    16     0     2    16.0   68.550   51.394     75.0    955.7
     2     1    20     2    17    16     0     2    16.0   72.983   49.606    852.7    865.2
     3     1    20     2    17    16     0     2    16.0   72.749   56.072   1377.1    803.3
     1     1    20     2    17    17     0     1    17.0   69.090   51.457     80.3    957.2
     2     1    20     2    17    17     0     1    17.0   73.705   48.091    972.1    849.9
     3     1    20     2    17    17     0     1    17.0   73.458   55.483   1538.9    756.5
     1     1    20     2    17    18     0     0    18.0   69.650   51.478     84.0    954.4
     2     1    20     2    17    18     0     0    18.0   74.338   46.233   1069.7    837.7
     3     1    20     2    17    18     0     0    18.0   74.351   54.379   1562.2    788.8
     1     1    20     2    17    19     0     1    19.0   70.227   51.460     90.3    951.5
     2     1    20     2    17    19     0     1    19.0   74.850   44.256   1147.9    828.4
     3     1    20     2    17    19     0     1    19.0   75.171   53.566   1607.8    787.9
     1     1    20     2    17    20     0     2    20.0   70.800   51.426    100.3    948.5
     2     1    20     2    17    20     0     2    20.0   75.229   42.076   1214.5    821.1
     3     1    20     2    17    20     0     2    20.0   75.853   52.795   1677.7    781.4
     1     1    20     2    17    21     0     3    21.0   71.369   51.334    115.8    944.6
     2     1    20     2    17    21     0     3    21.0   75.431   40.004   1254.7    816.2
     3     1    20     2    17    21     0     3    21.0   76.349   51.896   1871.6    760.6
     1     1    20     2    17    22     0     2    22.0   71.899   51.027    126.2    941.8
     2     1    20     2    17    22     0     2    22.0   75.451   38.041   1291.2    813.0
     3     1    20     2    17    22     0     2    22.0   76.697   50.567   2104.6    735.9
     1     1    20     2    17    23     0     1    23.0   72.411   50.523    154.7    936.4
     2     1    20     2    17    23     0     1    23.0   75.283   36.246   1335.2    807.4
     3     1    20     2    17    23     0     1    23.0   76.951   48.611   2319.4    714.3
     1     1    20     2    18     0     0     0    24.0   72.907   49.751    175.5    932.1
     2     1    20     2    18     0     0     0    24.0   74.940   34.658   1352.7    804.8
     3     1    20     2    18     0     0     0    24.0   77.153   46.131   2537.3    692.1
