     5     1
    GDAS    20     8     8     0     0
    GDAS    20     8    15     0     0
    GDAS    20     8    22     0     0
    GDAS    20     8    29     0     0
    GDAS    20     9     1     0     0
     3 FORWARD  OMEGA   
    20     8    16     0   62.085   49.588   100.0
    20     8    16     0   62.085   49.588   500.0
    20     8    16     0   62.085   49.588  1000.0
     1 PRESSURE
     1     1    20     8    16     0     0     0     0.0   62.085   49.588    100.0    989.2
     2     1    20     8    16     0     0     0     0.0   62.085   49.588    500.0    942.7
     3     1    20     8    16     0     0     0     0.0   62.085   49.588   1000.0    887.7
     1     1    20     8    16     1     0     1     1.0   62.087   49.520    101.7    988.5
     2     1    20     8    16     1     0     1     1.0   62.124   49.517    502.6    941.5
     3     1    20     8    16     1     0     1     1.0   62.134   49.520   1004.1    886.6
     1     1    20     8    16     2     0     2     2.0   62.091   49.455    101.8    987.9
     2     1    20     8    16     2     0     2     2.0   62.163   49.451    503.5    940.4
     3     1    20     8    16     2     0     2     2.0   62.191   49.457   1013.7    884.5
     1     1    20     8    16     3     0     3     3.0   62.097   49.392    100.1    987.7
     2     1    20     8    16     3     0     3     3.0   62.202   49.393    501.3    939.6
     3     1    20     8    16     3     0     3     3.0   62.258   49.401   1026.7    881.6
     1     1    20     8    16     4     0     2     4.0   62.108   49.336     96.5    987.0
     2     1    20     8    16     4     0     2     4.0   62.248   49.348    493.5    939.3
     3     1    20     8    16     4     0     2     4.0   62.342   49.363   1030.2    878.6
     1     1    20     8    16     5     0     1     5.0   62.132   49.293     90.8    986.4
     2     1    20     8    16     5     0     1     5.0   62.313   49.319    478.0    939.8
     3     1    20     8    16     5     0     1     5.0   62.454   49.352   1012.6    878.8
     1     1    20     8    16     6     0     0     6.0   62.170   49.260     83.0    985.9
     2     1    20     8    16     6     0     0     6.0   62.399   49.304    456.6    940.9
     3     1    20     8    16     6     0     0     6.0   62.596   49.370    977.7    881.0
     1     1    20     8    16     7     0     1     7.0   62.226   49.248     75.2    986.1
     2     1    20     8    16     7     0     1     7.0   62.508   49.318    435.9    942.1
     3     1    20     8    16     7     0     1     7.0   62.764   49.428    940.9    884.5
     1     1    20     8    16     8     0     2     8.0   62.302   49.264     68.8    985.3
     2     1    20     8    16     8     0     2     8.0   62.640   49.377    422.0    941.9
     3     1    20     8    16     8     0     2     8.0   62.949   49.535    918.0    885.4
     1     1    20     8    16     9     0     3     9.0   62.397   49.311     63.4    984.3
     2     1    20     8    16     9     0     3     9.0   62.797   49.478    415.2    940.9
     3     1    20     8    16     9     0     3     9.0   63.152   49.683    909.2    885.6
     1     1    20     8    16    10     0     2    10.0   62.508   49.385     58.4    982.7
     2     1    20     8    16    10     0     2    10.0   62.976   49.615    419.9    939.2
     3     1    20     8    16    10     0     2    10.0   63.375   49.866    917.5    884.5
     1     1    20     8    16    11     0     1    11.0   62.629   49.480     53.6    981.4
     2     1    20     8    16    11     0     1    11.0   63.178   49.781    441.5    936.1
     3     1    20     8    16    11     0     1    11.0   63.622   50.095    947.5    879.0
     1     1    20     8    16    12     0     0    12.0   62.759   49.590     49.5    980.1
     2     1    20     8    16    12     0     0    12.0   63.404   49.983    484.1    930.2
     3     1    20     8    16    12     0     0    12.0   63.895   50.373    980.6    871.3
     1     1    20     8    16    13     0     1    13.0   62.899   49.695     44.9    979.1
     2     1    20     8    16    13     0     1    13.0   63.666   50.223    529.6    920.0
     3     1    20     8    16    13     0     1    13.0   64.201   50.698    992.5    867.8
     1     1    20     8    16    14     0     2    14.0   63.046   49.770     38.5    978.5
     2     1    20     8    16    14     0     2    14.0   63.972   50.495    559.1    914.6
     3     1    20     8    16    14     0     2    14.0   64.551   51.060    977.7    872.3
     1     1    20     8    16    15     0     3    15.0   63.195   49.816     31.6    978.3
     2     1    20     8    16    15     0     3    15.0   64.325   50.801    574.1    912.8
     3     1    20     8    16    15     0     3    15.0   64.956   51.456    954.5    880.3
     1     1    20     8    16    16     0     2    16.0   63.343   49.856     25.9    978.1
     2     1    20     8    16    16     0     2    16.0   64.717   51.154    584.1    916.8
     3     1    20     8    16    16     0     2    16.0   65.413   51.897    940.9    886.0
     1     1    20     8    16    17     0     1    17.0   63.489   49.914     22.3    977.4
     2     1    20     8    16    17     0     1    17.0   65.151   51.578    601.7    919.0
     3     1    20     8    16    17     0     1    17.0   65.904   52.401    951.3    885.0
     1     1    20     8    16    18     0     0    18.0   63.631   49.992     21.1    976.2
     2     1    20     8    16    18     0     0    18.0   65.627   52.068    675.8    919.6
     3     1    20     8    16    18     0     0    18.0   66.427   52.992    964.7    885.3
     1     1    20     8    16    19     0     1    19.0   63.770   50.084     21.9    974.7
     2     1    20     8    16    19     0     1    19.0   66.125   52.642    733.3    899.0
     3     1    20     8    16    19     0     1    19.0   66.974   53.659   1019.0    882.2
     1     1    20     8    16    20     0     2    20.0   63.907   50.174     23.7    973.4
     2     1    20     8    16    20     0     2    20.0   66.652   53.224    746.0    911.8
     3     1    20     8    16    20     0     2    20.0   67.529   54.343   1063.6    869.2
     1     1    20     8    16    21     0     3    21.0   64.033   50.262     26.0    972.7
     2     1    20     8    16    21     0     3    21.0   67.208   53.869    806.3    900.2
     3     1    20     8    16    21     0     3    21.0   68.087   55.001   1040.3    877.9
     1     1    20     8    16    22     0     2    22.0   64.116   50.360     29.2    972.4
     2     1    20     8    16    22     0     2    22.0   67.738   54.564    839.1    895.5
     3     1    20     8    16    22     0     2    22.0   68.627   55.610   1015.4    884.5
     1     1    20     8    16    23     0     1    23.0   64.146   50.468     34.0    972.1
     2     1    20     8    16    23     0     1    23.0   68.243   55.272    830.0    901.2
     3     1    20     8    16    23     0     1    23.0   69.156   56.130   1041.5    882.9
     1     1    20     8    17     0     0     0    24.0   64.140   50.568     40.3    971.7
     2     1    20     8    17     0     0     0    24.0   68.767   55.984    852.5    902.4
     3     1    20     8    17     0     0     0    24.0   69.698   56.511   1102.3    875.5
