     5     1
    GDAS    20     9    15     0     0
    GDAS    20     9    22     0     0
    GDAS    20     9    29     0     0
    GDAS    20    10     1     0     0
    GDAS    20    10     8     0     0
     3 FORWARD  OMEGA   
    20     9    28     0   62.085   49.588   100.0
    20     9    28     0   62.085   49.588   500.0
    20     9    28     0   62.085   49.588  1000.0
     1 PRESSURE
     1     1    20     9    28     0     0     0     0.0   62.085   49.588    100.0   1006.3
     2     1    20     9    28     0     0     0     0.0   62.085   49.588    500.0    960.0
     3     1    20     9    28     0     0     0     0.0   62.085   49.588   1000.0    904.5
     1     1    20     9    28     1     0     1     1.0   62.096   49.747     98.1   1006.3
     2     1    20     9    28     1     0     1     1.0   62.053   49.795    499.7    960.4
     3     1    20     9    28     1     0     1     1.0   62.027   49.918   1001.6    904.9
     1     1    20     9    28     2     0     2     2.0   62.107   49.897     96.7   1006.2
     2     1    20     9    28     2     0     2     2.0   62.029   50.006    499.4    960.6
     3     1    20     9    28     2     0     2     2.0   61.965   50.234   1004.2    903.2
     1     1    20     9    28     3     0     3     3.0   62.118   50.036     95.7   1005.9
     2     1    20     9    28     3     0     3     3.0   62.010   50.223    498.7    959.2
     3     1    20     9    28     3     0     3     3.0   61.896   50.532   1006.9    900.3
     1     1    20     9    28     4     0     2     4.0   62.131   50.156     95.0   1005.9
     2     1    20     9    28     4     0     2     4.0   61.995   50.435    499.0    958.2
     3     1    20     9    28     4     0     2     4.0   61.827   50.807   1007.1    898.9
     1     1    20     9    28     5     0     1     5.0   62.149   50.246     94.7   1005.9
     2     1    20     9    28     5     0     1     5.0   61.984   50.627    502.3    956.8
     3     1    20     9    28     5     0     1     5.0   61.770   51.061   1006.3    898.2
     1     1    20     9    28     6     0     0     6.0   62.173   50.304     94.9   1006.0
     2     1    20     9    28     6     0     0     6.0   61.975   50.796    509.1    955.1
     3     1    20     9    28     6     0     0     6.0   61.724   51.293   1006.0    898.7
     1     1    20     9    28     7     0     1     7.0   62.204   50.341     95.4   1005.7
     2     1    20     9    28     7     0     1     7.0   61.974   50.948    516.5    952.9
     3     1    20     9    28     7     0     1     7.0   61.689   51.517   1007.8    898.7
     1     1    20     9    28     8     0     2     8.0   62.244   50.370     96.4   1005.3
     2     1    20     9    28     8     0     2     8.0   61.989   51.086    521.2    952.0
     3     1    20     9    28     8     0     2     8.0   61.664   51.749   1013.6    898.1
     1     1    20     9    28     9     0     3     9.0   62.295   50.392     98.0   1004.8
     2     1    20     9    28     9     0     3     9.0   62.023   51.206    523.6    951.9
     3     1    20     9    28     9     0     3     9.0   61.647   51.990   1023.9    897.0
     1     1    20     9    28    10     0     2    10.0   62.357   50.402    100.1   1004.2
     2     1    20     9    28    10     0     2    10.0   62.077   51.315    525.8    951.9
     3     1    20     9    28    10     0     2    10.0   61.637   52.233   1033.3    895.1
     1     1    20     9    28    11     0     1    11.0   62.433   50.398    102.4   1003.6
     2     1    20     9    28    11     0     1    11.0   62.148   51.424    528.9    951.8
     3     1    20     9    28    11     0     1    11.0   61.632   52.473   1036.3    894.3
     1     1    20     9    28    12     0     0    12.0   62.523   50.382    104.7   1003.0
     2     1    20     9    28    12     0     0    12.0   62.240   51.534    533.0    951.6
     3     1    20     9    28    12     0     0    12.0   61.631   52.711   1032.2    894.4
     1     1    20     9    28    13     0     1    13.0   62.628   50.384    105.8   1001.9
     2     1    20     9    28    13     0     1    13.0   62.349   51.673    538.0    950.6
     3     1    20     9    28    13     0     1    13.0   61.633   52.954   1022.8    894.8
     1     1    20     9    28    14     0     2    14.0   62.748   50.433    104.8   1001.2
     2     1    20     9    28    14     0     2    14.0   62.469   51.871    541.3    949.7
     3     1    20     9    28    14     0     2    14.0   61.637   53.214   1008.7    895.5
     1     1    20     9    28    15     0     3    15.0   62.884   50.531    101.0   1000.9
     2     1    20     9    28    15     0     3    15.0   62.602   52.135    540.3    948.8
     3     1    20     9    28    15     0     3    15.0   61.641   53.496    990.0    897.0
     1     1    20     9    28    16     0     2    16.0   63.026   50.667     98.7   1001.4
     2     1    20     9    28    16     0     2    16.0   62.735   52.460    541.8    947.6
     3     1    20     9    28    16     0     2    16.0   61.644   53.795    972.7    899.0
     1     1    20     9    28    17     0     1    17.0   63.165   50.829    103.7   1000.0
     2     1    20     9    28    17     0     1    17.0   62.855   52.830    544.6    943.9
     3     1    20     9    28    17     0     1    17.0   61.649   54.097    960.9    900.5
     1     1    20     9    28    18     0     0    18.0   63.305   51.027    118.6    996.9
     2     1    20     9    28    18     0     0    18.0   62.968   53.232    537.6    943.9
     3     1    20     9    28    18     0     0    18.0   61.656   54.399    959.5    902.7
     1     1    20     9    28    19     0     1    19.0   63.442   51.276    136.3    992.2
     2     1    20     9    28    19     0     1    19.0   63.084   53.654    527.0    949.0
     3     1    20     9    28    19     0     1    19.0   61.665   54.704    965.6    902.4
     1     1    20     9    28    20     0     2    20.0   63.573   51.570    151.6    989.3
     2     1    20     9    28    20     0     2    20.0   63.200   54.109    525.4    950.8
     3     1    20     9    28    20     0     2    20.0   61.683   55.019    966.9    902.8
     1     1    20     9    28    21     0     3    21.0   63.699   51.913    172.2    986.2
     2     1    20     9    28    21     0     3    21.0   63.315   54.611    530.0    946.9
     3     1    20     9    28    21     0     3    21.0   61.710   55.345    957.5    903.0
     1     1    20     9    28    22     0     2    22.0   63.822   52.322    189.7    983.6
     2     1    20     9    28    22     0     2    22.0   63.421   55.153    531.6    945.7
     3     1    20     9    28    22     0     2    22.0   61.738   55.696    953.2    904.6
     1     1    20     9    28    23     0     1    23.0   63.940   52.777    174.7    986.4
     2     1    20     9    28    23     0     1    23.0   63.511   55.718    546.0    948.7
     3     1    20     9    28    23     0     1    23.0   61.763   56.086    972.3    902.4
     1     1    20     9    29     0     0     0    24.0   64.049   53.215    136.5    994.6
     2     1    20     9    29     0     0     0    24.0   63.587   56.308    593.9    945.8
     3     1    20     9    29     0     0     0    24.0   61.783   56.518   1012.5    897.4
