     5     1
    GDAS    20     8    29     0     0
    GDAS    20     9     1     0     0
    GDAS    20     9     8     0     0
    GDAS    20     9    15     0     0
    GDAS    20     9    22     0     0
     3 FORWARD  OMEGA   
    20     9     6     0   62.085   49.588   100.0
    20     9     6     0   62.085   49.588   500.0
    20     9     6     0   62.085   49.588  1000.0
     1 PRESSURE
     1     1    20     9     6     0     0     0     0.0   62.085   49.588    100.0    996.5
     2     1    20     9     6     0     0     0     0.0   62.085   49.588    500.0    950.5
     3     1    20     9     6     0     0     0     0.0   62.085   49.588   1000.0    895.8
     1     1    20     9     6     1     0     1     1.0   62.203   49.771     94.7    996.1
     2     1    20     9     6     1     0     1     1.0   62.210   50.046    499.7    949.2
     3     1    20     9     6     1     0     1     1.0   62.262   50.002    998.9    894.7
     1     1    20     9     6     2     0     2     2.0   62.323   49.931     90.8    995.1
     2     1    20     9     6     2     0     2     2.0   62.333   50.466    494.2    946.4
     3     1    20     9     6     2     0     2     2.0   62.427   50.434    995.4    891.7
     1     1    20     9     6     3     0     3     3.0   62.447   50.077     86.1    993.9
     2     1    20     9     6     3     0     3     3.0   62.458   50.851    488.4    945.6
     3     1    20     9     6     3     0     3     3.0   62.580   50.879    991.5    890.3
     1     1    20     9     6     4     0     2     4.0   62.572   50.214     82.5    993.7
     2     1    20     9     6     4     0     2     4.0   62.592   51.223    483.1    945.1
     3     1    20     9     6     4     0     2     4.0   62.719   51.315    987.6    890.2
     1     1    20     9     6     5     0     1     5.0   62.697   50.348     81.7    993.2
     2     1    20     9     6     5     0     1     5.0   62.733   51.594    475.2    946.4
     3     1    20     9     6     5     0     1     5.0   62.841   51.734    981.3    891.3
     1     1    20     9     6     6     0     0     6.0   62.825   50.479     83.5    992.5
     2     1    20     9     6     6     0     0     6.0   62.879   51.972    469.7    947.5
     3     1    20     9     6     6     0     0     6.0   62.957   52.148    970.8    891.3
     1     1    20     9     6     7     0     1     7.0   62.958   50.620     85.7    991.0
     2     1    20     9     6     7     0     1     7.0   63.023   52.346    464.4    944.6
     3     1    20     9     6     7     0     1     7.0   63.071   52.559    951.0    890.2
     1     1    20     9     6     8     0     2     8.0   63.092   50.782     85.4    990.2
     2     1    20     9     6     8     0     2     8.0   63.164   52.706    451.5    943.3
     3     1    20     9     6     8     0     2     8.0   63.186   52.970    923.4    891.6
     1     1    20     9     6     9     0     3     9.0   63.225   50.960     81.7    989.9
     2     1    20     9     6     9     0     3     9.0   63.305   53.055    428.8    945.6
     3     1    20     9     6     9     0     3     9.0   63.304   53.391    899.7    897.0
     1     1    20     9     6    10     0     2    10.0   63.355   51.143     79.1    989.9
     2     1    20     9     6    10     0     2    10.0   63.447   53.377    405.4    951.7
     3     1    20     9     6    10     0     2    10.0   63.421   53.799    887.4    900.5
     1     1    20     9     6    11     0     1    11.0   63.485   51.324     81.7    988.2
     2     1    20     9     6    11     0     1    11.0   63.589   53.668    390.5    955.3
     3     1    20     9     6    11     0     1    11.0   63.534   54.178    879.1    901.1
     1     1    20     9     6    12     0     0    12.0   63.618   51.508     90.4    985.6
     2     1    20     9     6    12     0     0    12.0   63.734   53.932    384.0    956.7
     3     1    20     9     6    12     0     0    12.0   63.641   54.537    859.4    901.4
     1     1    20     9     6    13     0     1    13.0   63.762   51.704    107.9    982.2
     2     1    20     9     6    13     0     1    13.0   63.892   54.212    379.6    956.3
     3     1    20     9     6    13     0     1    13.0   63.745   54.902    821.9    905.2
     1     1    20     9     6    14     0     2    14.0   63.931   51.932    144.6    977.0
     2     1    20     9     6    14     0     2    14.0   64.066   54.555    367.5    957.1
     3     1    20     9     6    14     0     2    14.0   63.846   55.289    777.1    911.3
     1     1    20     9     6    15     0     3    15.0   64.142   52.243    196.2    972.2
     2     1    20     9     6    15     0     3    15.0   64.262   54.966    339.7    959.1
     3     1    20     9     6    15     0     3    15.0   63.945   55.702    738.8    916.6
     1     1    20     9     6    16     0     2    16.0   64.361   52.661    202.8    972.3
     2     1    20     9     6    16     0     2    16.0   64.452   55.431    311.7    965.4
     3     1    20     9     6    16     0     2    16.0   64.023   56.135    738.4    920.7
     1     1    20     9     6    17     0     1    17.0   64.551   53.120    164.2    982.4
     2     1    20     9     6    17     0     1    17.0   64.602   55.932    313.7    969.1
     3     1    20     9     6    17     0     1    17.0   64.069   56.554    775.0    916.9
     1     1    20     9     6    18     0     0    18.0   64.709   53.533    136.1    989.7
     2     1    20     9     6    18     0     0    18.0   64.717   56.451    343.6    966.5
     3     1    20     9     6    18     0     0    18.0   64.095   56.961    799.7    914.5
     1     1    20     9     6    19     0     1    19.0   64.858   53.919    132.0    990.4
     2     1    20     9     6    19     0     1    19.0   64.814   56.942    372.9    963.2
     3     1    20     9     6    19     0     1    19.0   64.104   57.332    803.7    911.7
     1     1    20     9     6    20     0     2    20.0   64.997   54.308    132.1    987.1
     2     1    20     9     6    20     0     2    20.0   64.915   57.367    391.5    961.0
     3     1    20     9     6    20     0     2    20.0   64.099   57.647    804.7    907.7
     1     1    20     9     6    21     0     3    21.0   65.114   54.709    120.2    985.8
     2     1    20     9     6    21     0     3    21.0   65.032   57.738    405.4    959.8
     3     1    20     9     6    21     0     3    21.0   64.088   57.923    804.6    904.0
     1     1    20     9     6    22     0     2    22.0   65.216   55.063    101.6    988.2
     2     1    20     9     6    22     0     2    22.0   65.163   58.061    415.3    956.6
     3     1    20     9     6    22     0     2    22.0   64.076   58.163    801.2    900.7
     1     1    20     9     6    23     0     1    23.0   65.322   55.328     85.1    993.0
     2     1    20     9     6    23     0     1    23.0   65.297   58.352    412.3    948.0
     3     1    20     9     6    23     0     1    23.0   64.066   58.366    789.0    898.5
     1     1    20     9     7     0     0     0    24.0   65.435   55.524     71.5    995.8
     2     1    20     9     7     0     0     0    24.0   65.430   58.633    386.8    945.8
     3     1    20     9     7     0     0     0    24.0   64.058   58.537    760.9    898.7
