     5     1
    GDAS    20     5    22     0     0
    GDAS    20     5    29     0     0
    GDAS    20     6     1     0     0
    GDAS    20     6     8     0     0
    GDAS    20     6    15     0     0
     3 FORWARD  OMEGA   
    20     5    29     0   62.085   49.588   100.0
    20     5    29     0   62.085   49.588   500.0
    20     5    29     0   62.085   49.588  1000.0
     1 PRESSURE
     1     1    20     5    29     0     0     0     0.0   62.085   49.588    100.0    994.1
     2     1    20     5    29     0     0     0     0.0   62.085   49.588    500.0    947.9
     3     1    20     5    29     0     0     0     0.0   62.085   49.588   1000.0    893.1
     1     1    20     5    29     1     0     1     1.0   62.111   49.868     96.0    994.4
     2     1    20     5    29     1     0     1     1.0   62.044   50.137    451.8    954.2
     3     1    20     5    29     1     0     1     1.0   62.031   50.187    917.7    903.4
     1     1    20     5    29     2     0     2     2.0   62.138   50.159     92.4    994.2
     2     1    20     5    29     2     0     2     2.0   62.015   50.712    444.8    953.4
     3     1    20     5    29     2     0     2     2.0   61.964   50.789    896.4    904.3
     1     1    20     5    29     3     0     3     3.0   62.171   50.454     93.7    992.8
     2     1    20     5    29     3     0     3     3.0   61.996   51.283    473.7    944.6
     3     1    20     5    29     3     0     3     3.0   61.887   51.398    910.0    895.7
     1     1    20     5    29     4     0     2     4.0   62.208   50.777    102.4    990.1
     2     1    20     5    29     4     0     2     4.0   61.977   51.855    487.6    940.5
     3     1    20     5    29     4     0     2     4.0   61.814   52.006    899.4    896.5
     1     1    20     5    29     5     0     1     5.0   62.239   51.157    119.6    986.7
     2     1    20     5    29     5     0     1     5.0   61.948   52.442    493.0    943.7
     3     1    20     5    29     5     0     1     5.0   61.744   52.624    901.1    899.8
     1     1    20     5    29     6     0     0     6.0   62.259   51.604    135.9    983.7
     2     1    20     5    29     6     0     0     6.0   61.909   53.063    541.6    939.6
     3     1    20     5    29     6     0     0     6.0   61.670   53.267    942.0    892.3
     1     1    20     5    29     7     0     1     7.0   62.270   52.093    132.9    982.2
     2     1    20     5    29     7     0     1     7.0   61.861   53.697    562.0    924.3
     3     1    20     5    29     7     0     1     7.0   61.596   53.901    952.0    884.2
     1     1    20     5    29     8     0     2     8.0   62.283   52.585    118.9    983.9
     2     1    20     5    29     8     0     2     8.0   61.817   54.300    514.3    934.5
     3     1    20     5    29     8     0     2     8.0   61.530   54.501    904.1    894.4
     1     1    20     5    29     9     0     3     9.0   62.296   53.091    105.3    984.0
     2     1    20     5    29     9     0     3     9.0   61.788   54.888    440.4    945.7
     3     1    20     5    29     9     0     3     9.0   61.479   55.076    799.4    904.1
     1     1    20     5    29    10     0     2    10.0   62.298   53.566     92.8    984.6
     2     1    20     5    29    10     0     2    10.0   61.767   55.460    401.4    957.3
     3     1    20     5    29    10     0     2    10.0   61.435   55.631    727.4    922.3
     1     1    20     5    29    11     0     1    11.0   62.277   53.993     81.8    984.8
     2     1    20     5    29    11     0     1    11.0   61.734   56.031    437.4    949.8
     3     1    20     5    29    11     0     1    11.0   61.378   56.185    734.9    912.4
     1     1    20     5    29    12     0     0    12.0   62.243   54.378     78.5    987.3
     2     1    20     5    29    12     0     0    12.0   61.687   56.633    461.1    938.4
     3     1    20     5    29    12     0     0    12.0   61.315   56.755    714.5    909.3
     1     1    20     5    29    13     0     1    13.0   62.199   54.733     86.5    987.0
     2     1    20     5    29    13     0     1    13.0   61.631   57.249    463.6    943.0
     3     1    20     5    29    13     0     1    13.0   61.250   57.349    686.4    916.2
     1     1    20     5    29    14     0     2    14.0   62.132   55.083    100.3    986.2
     2     1    20     5    29    14     0     2    14.0   61.563   57.891    527.8    932.7
     3     1    20     5    29    14     0     2    14.0   61.169   58.000    749.6    908.5
     1     1    20     5    29    15     0     3    15.0   62.037   55.466    121.6    984.3
     2     1    20     5    29    15     0     3    15.0   61.471   58.591    691.7    900.1
     3     1    20     5    29    15     0     3    15.0   61.049   58.709    861.6    866.2
     1     1    20     5    29    16     0     2    16.0   61.923   55.883    164.2    979.7
     2     1    20     5    29    16     0     2    16.0   61.338   59.351    822.6    867.0
     3     1    20     5    29    16     0     2    16.0   60.883   59.411    884.0    862.4
     1     1    20     5    29    17     0     1    17.0   61.811   56.309    233.5    968.6
     2     1    20     5    29    17     0     1    17.0   61.145   60.110    800.4    893.8
     3     1    20     5    29    17     0     1    17.0   60.673   60.088    858.0    891.2
     1     1    20     5    29    18     0     0    18.0   61.703   56.671    277.6    961.3
     2     1    20     5    29    18     0     0    18.0   60.924   60.845    739.1    910.2
     3     1    20     5    29    18     0     0    18.0   60.440   60.712    817.0    903.7
     1     1    20     5    29    19     0     1    19.0   61.603   57.006    305.8    959.7
     2     1    20     5    29    19     0     1    19.0   60.717   61.486    660.0    928.6
     3     1    20     5    29    19     0     1    19.0   60.208   61.247    747.4    920.9
     1     1    20     5    29    20     0     2    20.0   61.509   57.365    382.7    950.2
     2     1    20     5    29    20     0     2    20.0   60.510   62.029    609.6    935.9
     3     1    20     5    29    20     0     2    20.0   59.991   61.718    728.2    925.7
     1     1    20     5    29    21     0     3    21.0   61.432   57.753    520.2    928.6
     2     1    20     5    29    21     0     3    21.0   60.309   62.542    578.1    937.8
     3     1    20     5    29    21     0     3    21.0   59.792   62.172    744.9    919.3
     1     1    20     5    29    22     0     2    22.0   61.361   58.119    643.6    904.6
     2     1    20     5    29    22     0     2    22.0   60.115   63.055    550.2    940.0
     3     1    20     5    29    22     0     2    22.0   59.622   62.614    756.3    915.9
     1     1    20     5    29    23     0     1    23.0   61.267   58.492    699.1    887.3
     2     1    20     5    29    23     0     1    23.0   59.931   63.577    523.7    942.9
     3     1    20     5    29    23     0     1    23.0   59.464   63.056    736.3    913.8
     1     1    20     5    30     0     0     0    24.0   61.143   58.961    620.7    877.0
     2     1    20     5    30     0     0     0    24.0   59.757   64.127    505.9    945.4
     3     1    20     5    30     0     0     0    24.0   59.302   63.522    687.3    923.0
