     5     1
    GDAS    20     6    22     0     0
    GDAS    20     6    29     0     0
    GDAS    20     7     1     0     0
    GDAS    20     7     8     0     0
    GDAS    20     7    15     0     0
     3 FORWARD  OMEGA   
    20     6    29     0   62.085   49.588   100.0
    20     6    29     0   62.085   49.588   500.0
    20     6    29     0   62.085   49.588  1000.0
     1 PRESSURE
     1     1    20     6    29     0     0     0     0.0   62.085   49.588    100.0    985.0
     2     1    20     6    29     0     0     0     0.0   62.085   49.588    500.0    938.4
     3     1    20     6    29     0     0     0     0.0   62.085   49.588   1000.0    882.4
     1     1    20     6    29     1     0     1     1.0   61.949   49.670    108.6    984.1
     2     1    20     6    29     1     0     1     1.0   61.867   49.531    508.8    937.8
     3     1    20     6    29     1     0     1     1.0   61.873   49.565    984.1    885.2
     1     1    20     6    29     2     0     2     2.0   61.816   49.751    118.3    981.6
     2     1    20     6    29     2     0     2     2.0   61.653   49.506    525.3    934.0
     3     1    20     6    29     2     0     2     2.0   61.652   49.571    985.4    883.0
     1     1    20     6    29     3     0     3     3.0   61.686   49.836    128.4    979.3
     2     1    20     6    29     3     0     3     3.0   61.441   49.518    544.9    929.9
     3     1    20     6    29     3     0     3     3.0   61.424   49.614    996.0    879.5
     1     1    20     6    29     4     0     2     4.0   61.550   49.946    140.0    977.2
     2     1    20     6    29     4     0     2     4.0   61.228   49.573    568.1    926.2
     3     1    20     6    29     4     0     2     4.0   61.188   49.695   1014.8    876.2
     1     1    20     6    29     5     0     1     5.0   61.400   50.093    152.6    974.3
     2     1    20     6    29     5     0     1     5.0   61.010   49.676    603.8    921.3
     3     1    20     6    29     5     0     1     5.0   60.945   49.807   1049.2    871.2
     1     1    20     6    29     6     0     0     6.0   61.233   50.277    157.6    971.8
     2     1    20     6    29     6     0     0     6.0   60.790   49.828    656.4    914.2
     3     1    20     6    29     6     0     0     6.0   60.697   49.945   1101.7    863.7
     1     1    20     6    29     7     0     1     7.0   61.064   50.471    150.8    971.6
     2     1    20     6    29     7     0     1     7.0   60.570   49.998    710.7    904.1
     3     1    20     6    29     7     0     1     7.0   60.446   50.082   1156.8    854.5
     1     1    20     6    29     8     0     2     8.0   60.905   50.642    141.7    972.1
     2     1    20     6    29     8     0     2     8.0   60.350   50.148    750.9    897.8
     3     1    20     6    29     8     0     2     8.0   60.195   50.201   1200.2    848.5
     1     1    20     6    29     9     0     3     9.0   60.753   50.778    137.7    971.3
     2     1    20     6    29     9     0     3     9.0   60.130   50.280    773.3    893.8
     3     1    20     6    29     9     0     3     9.0   59.951   50.317   1230.4    844.4
     1     1    20     6    29    10     0     2    10.0   60.601   50.908    134.0    970.1
     2     1    20     6    29    10     0     2    10.0   59.912   50.413    769.3    893.2
     3     1    20     6    29    10     0     2    10.0   59.716   50.439   1247.8    844.5
     1     1    20     6    29    11     0     1    11.0   60.451   51.067    124.0    970.0
     2     1    20     6    29    11     0     1    11.0   59.695   50.564    741.0    899.0
     3     1    20     6    29    11     0     1    11.0   59.485   50.570   1257.8    845.8
     1     1    20     6    29    12     0     0    12.0   60.305   51.252    111.4    970.9
     2     1    20     6    29    12     0     0    12.0   59.481   50.729    706.5    905.6
     3     1    20     6    29    12     0     0    12.0   59.255   50.717   1270.2    846.7
     1     1    20     6    29    13     0     1    13.0   60.162   51.430    101.6    971.4
     2     1    20     6    29    13     0     1    13.0   59.264   50.887    692.7    910.7
     3     1    20     6    29    13     0     1    13.0   59.016   50.865   1301.0    846.3
     1     1    20     6    29    14     0     2    14.0   60.015   51.577     90.9    971.1
     2     1    20     6    29    14     0     2    14.0   59.033   51.017    703.1    909.1
     3     1    20     6    29    14     0     2    14.0   58.767   50.986   1341.1    839.8
     1     1    20     6    29    15     0     3    15.0   59.865   51.711     77.2    973.3
     2     1    20     6    29    15     0     3    15.0   58.785   51.125    713.5    906.3
     3     1    20     6    29    15     0     3    15.0   58.510   51.077   1377.7    836.1
     1     1    20     6    29    16     0     2    16.0   59.714   51.840     66.0    975.3
     2     1    20     6    29    16     0     2    16.0   58.531   51.204    734.1    905.5
     3     1    20     6    29    16     0     2    16.0   58.256   51.145   1409.6    831.3
     1     1    20     6    29    17     0     1    17.0   59.563   51.961     60.5    975.7
     2     1    20     6    29    17     0     1    17.0   58.283   51.247    764.6    899.8
     3     1    20     6    29    17     0     1    17.0   58.017   51.190   1413.0    829.2
     1     1    20     6    29    18     0     0    18.0   59.415   52.068     58.8    975.9
     2     1    20     6    29    18     0     0    18.0   58.044   51.270    771.7    897.4
     3     1    20     6    29    18     0     0    18.0   57.791   51.208   1379.6    834.7
     1     1    20     6    29    19     0     1    19.0   59.276   52.168     59.7    975.9
     2     1    20     6    29    19     0     1    19.0   57.816   51.275    759.5    902.0
     3     1    20     6    29    19     0     1    19.0   57.579   51.210   1335.6    843.4
     1     1    20     6    29    20     0     2    20.0   59.150   52.269     63.4    975.5
     2     1    20     6    29    20     0     2    20.0   57.601   51.258    750.0    905.5
     3     1    20     6    29    20     0     2    20.0   57.384   51.217   1308.0    848.2
     1     1    20     6    29    21     0     3    21.0   59.033   52.374     70.8    974.7
     2     1    20     6    29    21     0     3    21.0   57.401   51.227    752.6    907.4
     3     1    20     6    29    21     0     3    21.0   57.207   51.241   1305.6    850.0
     1     1    20     6    29    22     0     2    22.0   58.923   52.475     79.0    973.4
     2     1    20     6    29    22     0     2    22.0   57.219   51.211    759.5    906.8
     3     1    20     6    29    22     0     2    22.0   57.043   51.297   1312.0    848.0
     1     1    20     6    29    23     0     1    23.0   58.821   52.565     83.4    973.2
     2     1    20     6    29    23     0     1    23.0   57.057   51.234    759.0    908.0
     3     1    20     6    29    23     0     1    23.0   56.886   51.385   1302.3    847.9
     1     1    20     6    30     0     0     0    24.0   58.730   52.650     83.9    973.8
     2     1    20     6    30     0     0     0    24.0   56.911   51.293    748.4    908.5
     3     1    20     6    30     0     0     0    24.0   56.736   51.497   1278.6    849.8
