     5     1
    GDAS    20     1    15     0     0
    GDAS    20     1    22     0     0
    GDAS    20     1    29     0     0
    GDAS    20     2     1     0     0
    GDAS    20     2     8     0     0
     3 FORWARD  OMEGA   
    20     1    27     0   62.085   49.588   100.0
    20     1    27     0   62.085   49.588   500.0
    20     1    27     0   62.085   49.588  1000.0
     1 PRESSURE
     1     1    20     1    27     0     0     0     0.0   62.085   49.588    100.0    972.5
     2     1    20     1    27     0     0     0     0.0   62.085   49.588    500.0    921.9
     3     1    20     1    27     0     0     0     0.0   62.085   49.588   1000.0    862.8
     1     1    20     1    27     1     0     1     1.0   62.041   49.681    103.4    972.9
     2     1    20     1    27     1     0     1     1.0   61.979   49.749    521.3    920.5
     3     1    20     1    27     1     0     1     1.0   61.942   49.862   1033.6    858.8
     1     1    20     1    27     2     0     2     2.0   61.991   49.776    110.1    972.6
     2     1    20     1    27     2     0     2     2.0   61.864   49.885    544.6    917.2
     3     1    20     1    27     2     0     2     2.0   61.788   50.110   1058.2    854.6
     1     1    20     1    27     3     0     3     3.0   61.934   49.871    120.5    971.0
     2     1    20     1    27     3     0     3     3.0   61.744   50.003    569.9    913.4
     3     1    20     1    27     3     0     3     3.0   61.635   50.337   1078.5    850.7
     1     1    20     1    27     4     0     2     4.0   61.869   49.961    131.2    969.3
     2     1    20     1    27     4     0     2     4.0   61.621   50.105    589.1    909.3
     3     1    20     1    27     4     0     2     4.0   61.484   50.545   1092.3    847.4
     1     1    20     1    27     5     0     1     5.0   61.793   50.040    138.4    968.0
     2     1    20     1    27     5     0     1     5.0   61.498   50.188    596.9    907.9
     3     1    20     1    27     5     0     1     5.0   61.331   50.732   1096.4    846.4
     1     1    20     1    27     6     0     0     6.0   61.707   50.102    142.4    967.0
     2     1    20     1    27     6     0     0     6.0   61.376   50.249    596.9    907.5
     3     1    20     1    27     6     0     0     6.0   61.170   50.910   1094.6    846.7
     1     1    20     1    27     7     0     1     7.0   61.611   50.157    146.7    966.7
     2     1    20     1    27     7     0     1     7.0   61.244   50.306    600.6    908.1
     3     1    20     1    27     7     0     1     7.0   60.999   51.096   1099.8    847.7
     1     1    20     1    27     8     0     2     8.0   61.501   50.217    154.0    965.7
     2     1    20     1    27     8     0     2     8.0   61.090   50.380    618.0    906.1
     3     1    20     1    27     8     0     2     8.0   60.820   51.291   1118.1    844.5
     1     1    20     1    27     9     0     3     9.0   61.376   50.289    164.4    964.3
     2     1    20     1    27     9     0     3     9.0   60.916   50.474    651.2    901.8
     3     1    20     1    27     9     0     3     9.0   60.635   51.479   1148.5    840.3
     1     1    20     1    27    10     0     2    10.0   61.230   50.380    176.4    962.6
     2     1    20     1    27    10     0     2    10.0   60.721   50.572    692.6    894.5
     3     1    20     1    27    10     0     2    10.0   60.438   51.654   1179.4    834.7
     1     1    20     1    27    11     0     1    11.0   61.063   50.491    188.3    961.1
     2     1    20     1    27    11     0     1    11.0   60.503   50.654    731.3    888.5
     3     1    20     1    27    11     0     1    11.0   60.220   51.826   1200.0    831.5
     1     1    20     1    27    12     0     0    12.0   60.874   50.619    198.7    959.3
     2     1    20     1    27    12     0     0    12.0   60.261   50.724    765.3    883.2
     3     1    20     1    27    12     0     0    12.0   59.984   52.026   1207.5    829.5
     1     1    20     1    27    13     0     1    13.0   60.668   50.760    206.2    957.3
     2     1    20     1    27    13     0     1    13.0   60.005   50.792    788.1    878.7
     3     1    20     1    27    13     0     1    13.0   59.737   52.228   1204.9    832.0
     1     1    20     1    27    14     0     2    14.0   60.443   50.912    210.2    955.7
     2     1    20     1    27    14     0     2    14.0   59.742   50.858    794.7    880.9
     3     1    20     1    27    14     0     2    14.0   59.487   52.397   1194.5    834.0
     1     1    20     1    27    15     0     3    15.0   60.189   51.078    210.7    954.5
     2     1    20     1    27    15     0     3    15.0   59.472   50.905    786.1    885.0
     3     1    20     1    27    15     0     3    15.0   59.230   52.550   1175.5    836.3
     1     1    20     1    27    16     0     2    16.0   59.914   51.251    208.1    954.4
     2     1    20     1    27    16     0     2    16.0   59.192   50.941    775.4    890.6
     3     1    20     1    27    16     0     2    16.0   58.960   52.712   1152.7    839.2
     1     1    20     1    27    17     0     1    17.0   59.634   51.427    206.4    957.0
     2     1    20     1    27    17     0     1    17.0   58.907   50.998    771.3    892.9
     3     1    20     1    27    17     0     1    17.0   58.670   52.894   1134.5    843.9
     1     1    20     1    27    18     0     0    18.0   59.350   51.599    211.9    957.7
     2     1    20     1    27    18     0     0    18.0   58.613   51.076    765.2    893.1
     3     1    20     1    27    18     0     0    18.0   58.368   53.086   1121.9    848.0
     1     1    20     1    27    19     0     1    19.0   59.062   51.766    224.9    955.9
     2     1    20     1    27    19     0     1    19.0   58.312   51.172    752.4    894.8
     3     1    20     1    27    19     0     1    19.0   58.059   53.298   1115.6    850.2
     1     1    20     1    27    20     0     2    20.0   58.770   51.935    236.7    952.9
     2     1    20     1    27    20     0     2    20.0   58.008   51.299    737.3    897.0
     3     1    20     1    27    20     0     2    20.0   57.744   53.530   1113.1    850.4
     1     1    20     1    27    21     0     3    21.0   58.471   52.117    242.7    953.0
     2     1    20     1    27    21     0     3    21.0   57.702   51.455    723.3    900.7
     3     1    20     1    27    21     0     3    21.0   57.423   53.776   1106.9    851.7
     1     1    20     1    27    22     0     2    22.0   58.178   52.307    242.5    955.2
     2     1    20     1    27    22     0     2    22.0   57.402   51.626    702.7    904.2
     3     1    20     1    27    22     0     2    22.0   57.097   54.027   1094.1    855.8
     1     1    20     1    27    23     0     1    23.0   57.901   52.506    235.1    959.5
     2     1    20     1    27    23     0     1    23.0   57.112   51.805    670.7    910.3
     3     1    20     1    27    23     0     1    23.0   56.764   54.283   1081.1    859.4
     1     1    20     1    28     0     0     0    24.0   57.641   52.726    221.8    964.8
     2     1    20     1    28     0     0     0    24.0   56.825   51.991    629.9    916.1
     3     1    20     1    28     0     0     0    24.0   56.428   54.550   1069.0    861.8
