     5     1
    GDAS    20    10    15     0     0
    GDAS    20    10    22     0     0
    GDAS    20    10    29     0     0
    GDAS    20    11     1     0     0
    GDAS    20    11     8     0     0
     3 FORWARD  OMEGA   
    20    10    25     0   62.085   49.588   100.0
    20    10    25     0   62.085   49.588   500.0
    20    10    25     0   62.085   49.588  1000.0
     1 PRESSURE
     1     1    20    10    25     0     0     0     0.0   62.085   49.588    100.0    977.5
     2     1    20    10    25     0     0     0     0.0   62.085   49.588    500.0    929.4
     3     1    20    10    25     0     0     0     0.0   62.085   49.588   1000.0    871.9
     1     1    20    10    25     1     0     1     1.0   62.066   49.981     92.8    979.3
     2     1    20    10    25     1     0     1     1.0   61.995   50.225    458.8    933.6
     3     1    20    10    25     1     0     1     1.0   62.007   50.232    963.4    874.3
     1     1    20    10    25     2     0     2     2.0   62.063   50.350     88.3    977.3
     2     1    20    10    25     2     0     2     2.0   61.916   50.839    425.2    934.2
     3     1    20    10    25     2     0     2     2.0   61.927   50.858    924.2    876.5
     1     1    20    10    25     3     0     3     3.0   62.074   50.709     85.3    975.5
     2     1    20    10    25     3     0     3     3.0   61.859   51.420    402.0    935.6
     3     1    20    10    25     3     0     3     3.0   61.866   51.453    889.9    877.8
     1     1    20    10    25     4     0     2     4.0   62.101   51.077     87.1    974.1
     2     1    20    10    25     4     0     2     4.0   61.819   51.979    379.3    938.4
     3     1    20    10    25     4     0     2     4.0   61.817   52.043    855.1    882.9
     1     1    20    10    25     5     0     1     5.0   62.133   51.453     92.6    973.1
     2     1    20    10    25     5     0     1     5.0   61.779   52.530    367.6    940.7
     3     1    20    10    25     5     0     1     5.0   61.759   52.642    835.3    885.1
     1     1    20    10    25     6     0     0     6.0   62.156   51.824     96.8    972.8
     2     1    20    10    25     6     0     0     6.0   61.747   53.069    379.4    938.2
     3     1    20    10    25     6     0     0     6.0   61.708   53.220    832.9    883.6
     1     1    20    10    25     7     0     1     7.0   62.173   52.188    101.2    972.3
     2     1    20    10    25     7     0     1     7.0   61.723   53.591    381.0    932.2
     3     1    20    10    25     7     0     1     7.0   61.665   53.777    817.3    880.9
     1     1    20    10    25     8     0     2     8.0   62.197   52.532    108.2    970.9
     2     1    20    10    25     8     0     2     8.0   61.700   54.094    354.2    936.5
     3     1    20    10    25     8     0     2     8.0   61.620   54.313    785.3    888.7
     1     1    20    10    25     9     0     3     9.0   62.223   52.838    113.9    969.0
     2     1    20    10    25     9     0     3     9.0   61.689   54.559    335.7    944.0
     3     1    20    10    25     9     0     3     9.0   61.597   54.804    776.4    893.9
     1     1    20    10    25    10     0     2    10.0   62.252   53.122    118.6    968.3
     2     1    20    10    25    10     0     2    10.0   61.687   54.978    334.8    945.4
     3     1    20    10    25    10     0     2    10.0   61.584   55.259    779.2    891.5
     1     1    20    10    25    11     0     1    11.0   62.295   53.404    120.9    966.7
     2     1    20    10    25    11     0     1    11.0   61.686   55.358    332.2    944.7
     3     1    20    10    25    11     0     1    11.0   61.569   55.685    778.3    891.4
     1     1    20    10    25    12     0     0    12.0   62.355   53.655    114.0    967.0
     2     1    20    10    25    12     0     0    12.0   61.693   55.710    335.2    945.7
     3     1    20    10    25    12     0     0    12.0   61.580   56.065    785.3    890.9
     1     1    20    10    25    13     0     1    13.0   62.422   53.866    100.1    969.0
     2     1    20    10    25    13     0     1    13.0   61.706   56.046    351.6    942.7
     3     1    20    10    25    13     0     1    13.0   61.602   56.412    797.4    888.4
     1     1    20    10    25    14     0     2    14.0   62.488   54.041     86.2    971.9
     2     1    20    10    25    14     0     2    14.0   61.717   56.367    374.8    940.0
     3     1    20    10    25    14     0     2    14.0   61.623   56.740    817.1    888.1
     1     1    20    10    25    15     0     3    15.0   62.558   54.182     76.3    973.8
     2     1    20    10    25    15     0     3    15.0   61.727   56.665    415.4    936.8
     3     1    20    10    25    15     0     3    15.0   61.672   57.020    865.9    883.6
     1     1    20    10    25    16     0     2    16.0   62.625   54.293     67.9    974.7
     2     1    20    10    25    16     0     2    16.0   61.734   56.927    470.0    927.9
     3     1    20    10    25    16     0     2    16.0   61.731   57.257    920.4    873.3
     1     1    20    10    25    17     0     1    17.0   62.681   54.373     58.4    976.1
     2     1    20    10    25    17     0     1    17.0   61.733   57.143    510.0    921.2
     3     1    20    10    25    17     0     1    17.0   61.766   57.470    965.4    868.5
     1     1    20    10    25    18     0     0    18.0   62.727   54.430     49.3    977.4
     2     1    20    10    25    18     0     0    18.0   61.717   57.309    536.0    918.2
     3     1    20    10    25    18     0     0    18.0   61.790   57.650   1021.6    861.8
     1     1    20    10    25    19     0     1    19.0   62.761   54.465     42.6    978.5
     2     1    20    10    25    19     0     1    19.0   61.691   57.422    558.4    915.0
     3     1    20    10    25    19     0     1    19.0   61.813   57.793   1077.8    852.7
     1     1    20    10    25    20     0     2    20.0   62.781   54.482     39.6    979.1
     2     1    20    10    25    20     0     2    20.0   61.665   57.484    574.7    911.8
     3     1    20    10    25    20     0     2    20.0   61.840   57.888   1116.2    847.7
     1     1    20    10    25    21     0     3    21.0   62.785   54.481     39.5    979.4
     2     1    20    10    25    21     0     3    21.0   61.638   57.502    576.1    910.9
     3     1    20    10    25    21     0     3    21.0   61.865   57.931   1135.0    845.5
     1     1    20    10    25    22     0     2    22.0   62.775   54.467     40.7    979.7
     2     1    20    10    25    22     0     2    22.0   61.601   57.481    565.2    913.0
     3     1    20    10    25    22     0     2    22.0   61.872   57.928   1140.1    846.0
     1     1    20    10    25    23     0     1    23.0   62.749   54.445     41.5    980.3
     2     1    20    10    25    23     0     1    23.0   61.546   57.427    549.4    915.3
     3     1    20    10    25    23     0     1    23.0   61.847   57.892   1135.4    847.0
     1     1    20    10    26     0     0     0    24.0   62.708   54.412     41.8    980.9
     2     1    20    10    26     0     0     0    24.0   61.469   57.346    534.0    917.8
     3     1    20    10    26     0     0     0    24.0   61.789   57.830   1121.3    849.0
