     5     1
    GDAS    20    12    15     0     0
    GDAS    20    12    22     0     0
    GDAS    20    12    29     0     0
    GDAS    21     1     1     0     0
    GDAS    21     1     8     0     0
     3 FORWARD  OMEGA   
    20    12    26     0   62.085   49.588   100.0
    20    12    26     0   62.085   49.588   500.0
    20    12    26     0   62.085   49.588  1000.0
     1 PRESSURE
     1     1    20    12    26     0     0     0     0.0   62.085   49.588    100.0    991.0
     2     1    20    12    26     0     0     0     0.0   62.085   49.588    500.0    939.9
     3     1    20    12    26     0     0     0     0.0   62.085   49.588   1000.0    880.9
     1     1    20    12    26     1     0     1     1.0   62.133   49.140    123.7    985.6
     2     1    20    12    26     1     0     1     1.0   62.353   49.020    530.2    929.7
     3     1    20    12    26     1     0     1     1.0   62.386   49.326   1025.9    872.5
     1     1    20    12    26     2     0     2     2.0   62.197   48.603    151.4    977.1
     2     1    20    12    26     2     0     2     2.0   62.638   48.385    562.6    923.2
     3     1    20    12    26     2     0     2     2.0   62.694   49.014   1049.2    864.4
     1     1    20    12    26     3     0     3     3.0   62.284   47.984    187.3    969.0
     2     1    20    12    26     3     0     3     3.0   62.954   47.683    604.9    916.9
     3     1    20    12    26     3     0     3     3.0   63.008   48.606   1090.2    858.3
     1     1    20    12    26     4     0     2     4.0   62.393   47.326    227.3    961.7
     2     1    20    12    26     4     0     2     4.0   63.280   46.941    629.1    913.7
     3     1    20    12    26     4     0     2     4.0   63.321   48.148   1157.7    853.3
     1     1    20    12    26     5     0     1     5.0   62.511   46.666    256.0    957.8
     2     1    20    12    26     5     0     1     5.0   63.598   46.182    627.4    913.5
     3     1    20    12    26     5     0     1     5.0   63.627   47.674   1238.2    846.0
     1     1    20    12    26     6     0     0     6.0   62.629   46.003    266.8    957.9
     2     1    20    12    26     6     0     0     6.0   63.903   45.379    608.2    919.4
     3     1    20    12    26     6     0     0     6.0   63.925   47.084   1338.3    839.0
     1     1    20    12    26     7     0     1     7.0   62.738   45.358    275.2    957.6
     2     1    20    12    26     7     0     1     7.0   64.160   44.544    581.9    927.1
     3     1    20    12    26     7     0     1     7.0   64.189   46.392   1430.4    824.0
     1     1    20    12    26     8     0     2     8.0   62.838   44.732    286.6    953.7
     2     1    20    12    26     8     0     2     8.0   64.336   43.730    586.3    927.6
     3     1    20    12    26     8     0     2     8.0   64.414   45.734   1485.5    818.6
     1     1    20    12    26     9     0     3     9.0   62.929   44.117    280.2    952.1
     2     1    20    12    26     9     0     3     9.0   64.465   42.926    603.1    922.9
     3     1    20    12    26     9     0     3     9.0   64.613   45.058   1523.7    817.4
     1     1    20    12    26    10     0     2    10.0   62.990   43.516    263.3    957.3
     2     1    20    12    26    10     0     2    10.0   64.558   42.136    620.9    923.7
     3     1    20    12    26    10     0     2    10.0   64.776   44.328   1561.9    817.4
     1     1    20    12    26    11     0     1    11.0   63.003   42.968    247.2    963.6
     2     1    20    12    26    11     0     1    11.0   64.615   41.378    616.0    920.9
     3     1    20    12    26    11     0     1    11.0   64.886   43.536   1584.6    813.7
     1     1    20    12    26    12     0     0    12.0   62.962   42.524    241.9    968.8
     2     1    20    12    26    12     0     0    12.0   64.640   40.662    581.7    926.3
     3     1    20    12    26    12     0     0    12.0   64.941   42.695   1589.5    809.1
     1     1    20    12    26    13     0     1    13.0   62.896   42.197    253.1    969.4
     2     1    20    12    26    13     0     1    13.0   64.638   40.020    576.0    931.3
     3     1    20    12    26    13     0     1    13.0   64.943   41.921   1616.3    805.9
     1     1    20    12    26    14     0     2    14.0   62.826   41.953    272.1    966.6
     2     1    20    12    26    14     0     2    14.0   64.603   39.457    587.5    927.3
     3     1    20    12    26    14     0     2    14.0   64.901   41.265   1654.4    801.2
     1     1    20    12    26    15     0     3    15.0   62.771   41.743    293.2    961.0
     2     1    20    12    26    15     0     3    15.0   64.523   38.968    600.5    923.2
     3     1    20    12    26    15     0     3    15.0   64.811   40.665   1670.9    798.9
     1     1    20    12    26    16     0     2    16.0   62.723   41.551    314.2    955.9
     2     1    20    12    26    16     0     2    16.0   64.420   38.550    623.9    924.0
     3     1    20    12    26    16     0     2    16.0   64.684   40.130   1645.4    804.8
     1     1    20    12    26    17     0     1    17.0   62.667   41.382    332.9    951.8
     2     1    20    12    26    17     0     1    17.0   64.307   38.187    657.1    922.4
     3     1    20    12    26    17     0     1    17.0   64.532   39.688   1595.3    810.0
     1     1    20    12    26    18     0     0    18.0   62.599   41.245    349.3    948.3
     2     1    20    12    26    18     0     0    18.0   64.175   37.861    681.9    919.9
     3     1    20    12    26    18     0     0    18.0   64.360   39.336   1533.4    813.1
     1     1    20    12    26    19     0     1    19.0   62.533   41.117    363.7    945.1
     2     1    20    12    26    19     0     1    19.0   64.022   37.567    692.7    918.9
     3     1    20    12    26    19     0     1    19.0   64.167   39.060   1467.0    816.5
     1     1    20    12    26    20     0     2    20.0   62.477   40.971    376.6    942.4
     2     1    20    12    26    20     0     2    20.0   63.850   37.312    695.2    916.3
     3     1    20    12    26    20     0     2    20.0   63.965   38.861   1406.6    822.3
     1     1    20    12    26    21     0     3    21.0   62.429   40.808    385.9    940.6
     2     1    20    12    26    21     0     3    21.0   63.665   37.095    695.1    913.2
     3     1    20    12    26    21     0     3    21.0   63.770   38.735   1357.8    829.4
     1     1    20    12    26    22     0     2    22.0   62.378   40.659    390.1    940.2
     2     1    20    12    26    22     0     2    22.0   63.465   36.937    692.6    910.2
     3     1    20    12    26    22     0     2    22.0   63.580   38.669   1324.6    833.5
     1     1    20    12    26    23     0     1    23.0   62.319   40.551    390.5    940.4
     2     1    20    12    26    23     0     1    23.0   63.249   36.853    688.5    907.6
     3     1    20    12    26    23     0     1    23.0   63.385   38.652   1307.0    835.0
     1     1    20    12    27     0     0     0    24.0   62.251   40.484    388.6    940.8
     2     1    20    12    27     0     0     0    24.0   63.021   36.828    686.3    904.6
     3     1    20    12    27     0     0     0    24.0   63.180   38.680   1304.2    834.5
