     5     1
    GDAS    20     9    29     0     0
    GDAS    20    10     1     0     0
    GDAS    20    10     8     0     0
    GDAS    20    10    15     0     0
    GDAS    20    10    22     0     0
     3 FORWARD  OMEGA   
    20    10     6     0   62.085   49.588   100.0
    20    10     6     0   62.085   49.588   500.0
    20    10     6     0   62.085   49.588  1000.0
     1 PRESSURE
     1     1    20    10     6     0     0     0     0.0   62.085   49.588    100.0    996.7
     2     1    20    10     6     0     0     0     0.0   62.085   49.588    500.0    949.1
     3     1    20    10     6     0     0     0     0.0   62.085   49.588   1000.0    892.8
     1     1    20    10     6     1     0     1     1.0   62.152   49.666     91.3    996.7
     2     1    20    10     6     1     0     1     1.0   62.105   49.901    488.5    949.1
     3     1    20    10     6     1     0     1     1.0   62.065   49.765    965.0    894.8
     1     1    20    10     6     2     0     2     2.0   62.190   49.727     82.9    997.1
     2     1    20    10     6     2     0     2     2.0   62.096   50.152    469.6    950.7
     3     1    20    10     6     2     0     2     2.0   62.046   49.899    906.1    901.8
     1     1    20    10     6     3     0     3     3.0   62.204   49.772     74.8    997.7
     2     1    20    10     6     3     0     3     3.0   62.058   50.334    449.3    951.6
     3     1    20    10     6     3     0     3     3.0   62.021   49.980    830.6    909.8
     1     1    20    10     6     4     0     2     4.0   62.197   49.795     68.5    998.8
     2     1    20    10     6     4     0     2     4.0   61.998   50.444    439.1    954.0
     3     1    20    10     6     4     0     2     4.0   61.978   50.019    770.4    920.1
     1     1    20    10     6     5     0     1     5.0   62.168   49.786     64.8    999.7
     2     1    20    10     6     5     0     1     5.0   61.923   50.479    446.4    952.5
     3     1    20    10     6     5     0     1     5.0   61.912   50.030    750.7    921.7
     1     1    20    10     6     6     0     0     6.0   62.117   49.742     63.6   1000.6
     2     1    20    10     6     6     0     0     6.0   61.833   50.430    465.9    950.2
     3     1    20    10     6     6     0     0     6.0   61.829   50.001    764.8    919.7
     1     1    20    10     6     7     0     1     7.0   62.056   49.683     63.6   1001.3
     2     1    20    10     6     7     0     1     7.0   61.736   50.330    490.6    947.1
     3     1    20    10     6     7     0     1     7.0   61.735   49.937    794.3    914.2
     1     1    20    10     6     8     0     2     8.0   61.999   49.631     63.7   1002.1
     2     1    20    10     6     8     0     2     8.0   61.641   50.213    515.8    944.7
     3     1    20    10     6     8     0     2     8.0   61.637   49.842    820.3    910.8
     1     1    20    10     6     9     0     3     9.0   61.944   49.588     63.6   1002.0
     2     1    20    10     6     9     0     3     9.0   61.551   50.078    542.2    942.1
     3     1    20    10     6     9     0     3     9.0   61.536   49.714    840.6    908.1
     1     1    20    10     6    10     0     2    10.0   61.892   49.539     64.2   1002.1
     2     1    20    10     6    10     0     2    10.0   61.461   49.924    562.4    939.4
     3     1    20    10     6    10     0     2    10.0   61.433   49.562    850.5    906.5
     1     1    20    10     6    11     0     1    11.0   61.841   49.469     66.3   1002.1
     2     1    20    10     6    11     0     1    11.0   61.364   49.752    569.8    938.6
     3     1    20    10     6    11     0     1    11.0   61.337   49.392    850.0    906.8
     1     1    20    10     6    12     0     0    12.0   61.790   49.377     70.3   1002.1
     2     1    20    10     6    12     0     0    12.0   61.259   49.565    567.3    938.9
     3     1    20    10     6    12     0     0    12.0   61.250   49.201    844.4    907.7
     1     1    20    10     6    13     0     1    13.0   61.740   49.264     76.8   1001.3
     2     1    20    10     6    13     0     1    13.0   61.160   49.362    560.5    939.5
     3     1    20    10     6    13     0     1    13.0   61.178   49.001    837.3    908.2
     1     1    20    10     6    14     0     2    14.0   61.693   49.134     86.6    999.8
     2     1    20    10     6    14     0     2    14.0   61.084   49.141    550.4    939.9
     3     1    20    10     6    14     0     2    14.0   61.126   48.797    827.4    908.5
     1     1    20    10     6    15     0     3    15.0   61.654   48.986    101.6    997.6
     2     1    20    10     6    15     0     3    15.0   61.031   48.896    536.2    941.4
     3     1    20    10     6    15     0     3    15.0   61.090   48.579    815.4    909.9
     1     1    20    10     6    16     0     2    16.0   61.626   48.798    117.0    994.9
     2     1    20    10     6    16     0     2    16.0   61.002   48.620    527.0    943.6
     3     1    20    10     6    16     0     2    16.0   61.071   48.336    804.4    911.6
     1     1    20    10     6    17     0     1    17.0   61.612   48.554    127.5    993.5
     2     1    20    10     6    17     0     1    17.0   61.001   48.309    522.5    944.2
     3     1    20    10     6    17     0     1    17.0   61.077   48.066    792.6    913.3
     1     1    20    10     6    18     0     0    18.0   61.616   48.251    136.1    992.2
     2     1    20    10     6    18     0     0    18.0   61.036   47.966    510.8    945.5
     3     1    20    10     6    18     0     0    18.0   61.115   47.773    775.0    915.4
     1     1    20    10     6    19     0     1    19.0   61.645   47.921    146.1    990.0
     2     1    20    10     6    19     0     1    19.0   61.110   47.606    491.9    948.1
     3     1    20    10     6    19     0     1    19.0   61.190   47.459    749.1    918.4
     1     1    20    10     6    20     0     2    20.0   61.700   47.601    155.3    988.5
     2     1    20    10     6    20     0     2    20.0   61.219   47.245    463.5    950.7
     3     1    20    10     6    20     0     2    20.0   61.301   47.126    714.0    922.2
     1     1    20    10     6    21     0     3    21.0   61.780   47.296    166.0    987.8
     2     1    20    10     6    21     0     3    21.0   61.365   46.881    429.4    956.2
     3     1    20    10     6    21     0     3    21.0   61.449   46.782    678.7    928.1
     1     1    20    10     6    22     0     2    22.0   61.882   46.995    187.3    986.5
     2     1    20    10     6    22     0     2    22.0   61.541   46.501    414.0    962.2
     3     1    20    10     6    22     0     2    22.0   61.634   46.421    656.3    933.7
     1     1    20    10     6    23     0     1    23.0   62.010   46.674    217.4    985.3
     2     1    20    10     6    23     0     1    23.0   61.742   46.093    417.8    963.9
     3     1    20    10     6    23     0     1    23.0   61.854   46.027    641.0    938.7
     1     1    20    10     7     0     0     0    24.0   62.166   46.310    240.7    983.7
     2     1    20    10     7     0     0     0    24.0   61.970   45.652    413.6    968.5
     3     1    20    10     7     0     0     0    24.0   62.111   45.610    608.2    945.1
