     5     1
    GDAS    20    12     1     0     0
    GDAS    20    12     8     0     0
    GDAS    20    12    15     0     0
    GDAS    20    12    22     0     0
    GDAS    20    12    29     0     0
     3 FORWARD  OMEGA   
    20    12     8     0   62.085   49.588   100.0
    20    12     8     0   62.085   49.588   500.0
    20    12     8     0   62.085   49.588  1000.0
     1 PRESSURE
     1     1    20    12     8     0     0     0     0.0   62.085   49.588    100.0   1004.2
     2     1    20    12     8     0     0     0     0.0   62.085   49.588    500.0    955.5
     3     1    20    12     8     0     0     0     0.0   62.085   49.588   1000.0    897.7
     1     1    20    12     8     1     0     1     1.0   62.078   50.128     98.2   1003.9
     2     1    20    12     8     1     0     1     1.0   61.853   50.589    507.6    950.1
     3     1    20    12     8     1     0     1     1.0   61.708   50.654   1019.0    890.6
     1     1    20    12     8     2     0     2     2.0   62.059   50.692    102.0    999.7
     2     1    20    12     8     2     0     2     2.0   61.582   51.518    513.7    946.3
     3     1    20    12     8     2     0     2     2.0   61.321   51.625   1021.0    888.6
     1     1    20    12     8     3     0     3     3.0   62.020   51.300    111.0    995.6
     2     1    20    12     8     3     0     3     3.0   61.298   52.366    508.1    944.3
     3     1    20    12     8     3     0     3     3.0   60.906   52.519   1003.1    886.4
     1     1    20    12     8     4     0     2     4.0   61.977   51.894    109.4    995.8
     2     1    20    12     8     4     0     2     4.0   60.984   53.175    483.3    943.8
     3     1    20    12     8     4     0     2     4.0   60.481   53.320    995.6    889.2
     1     1    20    12     8     5     0     1     5.0   61.938   52.448    106.0    997.0
     2     1    20    12     8     5     0     1     5.0   60.675   53.918    479.8    948.6
     3     1    20    12     8     5     0     1     5.0   60.060   54.041   1001.2    884.7
     1     1    20    12     8     6     0     0     6.0   61.891   52.993    121.6    994.6
     2     1    20    12     8     6     0     0     6.0   60.382   54.564    493.1    947.7
     3     1    20    12     8     6     0     0     6.0   59.649   54.681   1000.9    890.0
     1     1    20    12     8     7     0     1     7.0   61.829   53.542    136.5    987.2
     2     1    20    12     8     7     0     1     7.0   60.098   55.121    509.1    947.9
     3     1    20    12     8     7     0     1     7.0   59.249   55.268   1007.3    891.9
     1     1    20    12     8     8     0     2     8.0   61.761   54.062    132.6    986.2
     2     1    20    12     8     8     0     2     8.0   59.817   55.613    527.3    945.8
     3     1    20    12     8     8     0     2     8.0   58.849   55.815   1041.6    890.6
     1     1    20    12     8     9     0     3     9.0   61.696   54.527    127.6    991.7
     2     1    20    12     8     9     0     3     9.0   59.536   56.048    554.9    943.4
     3     1    20    12     8     9     0     3     9.0   58.438   56.342   1092.7    879.5
     1     1    20    12     8    10     0     2    10.0   61.635   54.960    135.7    993.4
     2     1    20    12     8    10     0     2    10.0   59.250   56.430    586.9    938.7
     3     1    20    12     8    10     0     2    10.0   58.011   56.870   1100.5    871.3
     1     1    20    12     8    11     0     1    11.0   61.580   55.392    150.8    989.9
     2     1    20    12     8    11     0     1    11.0   58.957   56.770    600.5    936.6
     3     1    20    12     8    11     0     1    11.0   57.576   57.353   1075.2    875.0
     1     1    20    12     8    12     0     0    12.0   61.539   55.826    165.8    986.7
     2     1    20    12     8    12     0     0    12.0   58.640   57.098    592.9    934.1
     3     1    20    12     8    12     0     0    12.0   57.136   57.763   1048.2    874.9
     1     1    20    12     8    13     0     1    13.0   61.513   56.257    182.0    984.0
     2     1    20    12     8    13     0     1    13.0   58.289   57.445    578.2    930.3
     3     1    20    12     8    13     0     1    13.0   56.692   58.119   1027.4    875.7
     1     1    20    12     8    14     0     2    14.0   61.505   56.680    203.5    981.7
     2     1    20    12     8    14     0     2    14.0   57.916   57.808    561.0    928.7
     3     1    20    12     8    14     0     2    14.0   56.246   58.425   1037.1    872.5
     1     1    20    12     8    15     0     3    15.0   61.510   57.092    234.3    976.6
     2     1    20    12     8    15     0     3    15.0   57.538   58.162    543.6    928.6
     3     1    20    12     8    15     0     3    15.0   55.798   58.671   1067.3    858.2
     1     1    20    12     8    16     0     2    16.0   61.526   57.494    277.9    968.3
     2     1    20    12     8    16     0     2    16.0   57.158   58.509    542.1    927.9
     3     1    20    12     8    16     0     2    16.0   55.367   58.875   1062.0    844.6
     1     1    20    12     8    17     0     1    17.0   61.550   57.901    336.0    958.3
     2     1    20    12     8    17     0     1    17.0   56.773   58.850    567.8    921.5
     3     1    20    12     8    17     0     1    17.0   54.961   59.033   1021.4    842.8
     1     1    20    12     8    18     0     0    18.0   61.574   58.325    402.7    941.1
     2     1    20    12     8    18     0     0    18.0   56.385   59.155    602.5    911.8
     3     1    20    12     8    18     0     0    18.0   54.579   59.101   1013.4    853.2
     1     1    20    12     8    19     0     1    19.0   61.579   58.776    465.4    919.9
     2     1    20    12     8    19     0     1    19.0   56.003   59.426    619.2    906.1
     3     1    20    12     8    19     0     1    19.0   54.225   59.090   1068.7    847.8
     1     1    20    12     8    20     0     2    20.0   61.533   59.288    475.8    913.0
     2     1    20    12     8    20     0     2    20.0   55.629   59.686    611.7    904.5
     3     1    20    12     8    20     0     2    20.0   53.901   59.035   1155.7    838.9
     1     1    20    12     8    21     0     3    21.0   61.420   59.910    336.9    936.9
     2     1    20    12     8    21     0     3    21.0   55.265   59.933    568.2    909.1
     3     1    20    12     8    21     0     3    21.0   53.607   58.969   1229.2    833.1
     1     1    20    12     8    22     0     2    22.0   61.339   60.430    185.6    991.6
     2     1    20    12     8    22     0     2    22.0   54.913   60.196    475.7    924.4
     3     1    20    12     8    22     0     2    22.0   53.337   58.912   1259.4    834.4
     1     1    20    12     8    23     0     1    23.0   61.274   60.856    122.1    999.4
     2     1    20    12     8    23     0     1    23.0   54.604   60.468    382.5    946.4
     3     1    20    12     8    23     0     1    23.0   53.079   58.846   1249.5    838.1
     1     1    20    12     9     0     0     0    24.0   61.202   61.226    110.2    998.0
     2     1    20    12     9     0     0     0    24.0   54.346   60.684    329.5    955.9
     3     1    20    12     9     0     0     0    24.0   52.825   58.766   1213.5    843.8
