     5     1
    GDAS    20    10     8     0     0
    GDAS    20    10    15     0     0
    GDAS    20    10    22     0     0
    GDAS    20    10    29     0     0
    GDAS    20    11     1     0     0
     3 FORWARD  OMEGA   
    20    10    17     0   62.085   49.588   100.0
    20    10    17     0   62.085   49.588   500.0
    20    10    17     0   62.085   49.588  1000.0
     1 PRESSURE
     1     1    20    10    17     0     0     0     0.0   62.085   49.588    100.0    979.3
     2     1    20    10    17     0     0     0     0.0   62.085   49.588    500.0    932.6
     3     1    20    10    17     0     0     0     0.0   62.085   49.588   1000.0    875.5
     1     1    20    10    17     1     0     1     1.0   62.083   49.911     89.0    980.9
     2     1    20    10    17     1     0     1     1.0   61.971   50.088    464.9    936.0
     3     1    20    10    17     1     0     1     1.0   61.900   50.111    979.9    876.6
     1     1    20    10    17     2     0     2     2.0   62.087   50.245     80.7    980.9
     2     1    20    10    17     2     0     2     2.0   61.878   50.627    428.9    937.5
     3     1    20    10    17     2     0     2     2.0   61.715   50.645    949.2    876.4
     1     1    20    10    17     3     0     3     3.0   62.100   50.604     76.8    979.4
     2     1    20    10    17     3     0     3     3.0   61.784   51.198    405.1    938.1
     3     1    20    10    17     3     0     3     3.0   61.517   51.192    914.2    878.8
     1     1    20    10    17     4     0     2     4.0   62.123   50.988     76.7    977.6
     2     1    20    10    17     4     0     2     4.0   61.682   51.791    384.7    939.7
     3     1    20    10    17     4     0     2     4.0   61.324   51.767    883.8    882.9
     1     1    20    10    17     5     0     1     5.0   62.145   51.382     77.5    977.3
     2     1    20    10    17     5     0     1     5.0   61.587   52.389    369.2    941.6
     3     1    20    10    17     5     0     1     5.0   61.150   52.377    855.4    883.4
     1     1    20    10    17     6     0     0     6.0   62.165   51.776     78.6    977.8
     2     1    20    10    17     6     0     0     6.0   61.501   52.964    360.9    939.6
     3     1    20    10    17     6     0     0     6.0   60.963   53.020    832.0    882.8
     1     1    20    10    17     7     0     1     7.0   62.177   52.174     82.9    977.1
     2     1    20    10    17     7     0     1     7.0   61.421   53.522    355.8    940.7
     3     1    20    10    17     7     0     1     7.0   60.781   53.673    825.0    887.7
     1     1    20    10    17     8     0     2     8.0   62.182   52.573     94.0    975.1
     2     1    20    10    17     8     0     2     8.0   61.350   54.088    363.1    942.1
     3     1    20    10    17     8     0     2     8.0   60.622   54.330    813.0    888.7
     1     1    20    10    17     9     0     3     9.0   62.187   52.980    114.9    971.5
     2     1    20    10    17     9     0     3     9.0   61.287   54.662    359.8    941.2
     3     1    20    10    17     9     0     3     9.0   60.458   55.003    780.0    894.4
     1     1    20    10    17    10     0     2    10.0   62.172   53.394    138.2    966.5
     2     1    20    10    17    10     0     2    10.0   61.225   55.245    336.1    945.6
     3     1    20    10    17    10     0     2    10.0   60.297   55.710    745.9    899.7
     1     1    20    10    17    11     0     1    11.0   62.117   53.819    157.6    962.7
     2     1    20    10    17    11     0     1    11.0   61.173   55.873    336.7    944.8
     3     1    20    10    17    11     0     1    11.0   60.147   56.460    737.3    902.5
     1     1    20    10    17    12     0     0    12.0   62.038   54.262    182.0    961.5
     2     1    20    10    17    12     0     0    12.0   61.132   56.552    380.1    938.4
     3     1    20    10    17    12     0     0    12.0   59.985   57.229    761.6    895.9
     1     1    20    10    17    13     0     1    13.0   61.951   54.724    208.9    961.6
     2     1    20    10    17    13     0     1    13.0   61.068   57.245    433.9    927.9
     3     1    20    10    17    13     0     1    13.0   59.809   58.018    864.3    867.2
     1     1    20    10    17    14     0     2    14.0   61.856   55.222    221.3    961.8
     2     1    20    10    17    14     0     2    14.0   60.986   57.949    576.8    909.1
     3     1    20    10    17    14     0     2    14.0   59.590   58.926    809.0    845.8
     1     1    20    10    17    15     0     3    15.0   61.747   55.781    224.4    960.8
     2     1    20    10    17    15     0     3    15.0   60.839   58.729    818.1    850.2
     3     1    20    10    17    15     0     3    15.0   59.369   59.911    591.6    910.6
     1     1    20    10    17    16     0     2    16.0   61.632   56.361    236.6    958.5
     2     1    20    10    17    16     0     2    16.0   60.578   59.609    740.5    874.6
     3     1    20    10    17    16     0     2    16.0   59.152   60.837    486.8    932.8
     1     1    20    10    17    17     0     1    17.0   61.494   56.920    264.0    954.8
     2     1    20    10    17    17     0     1    17.0   60.304   60.541    638.8    913.3
     3     1    20    10    17    17     0     1    17.0   58.946   61.754    457.4    940.9
     1     1    20    10    17    18     0     0    18.0   61.317   57.460    320.6    943.7
     2     1    20    10    17    18     0     0    18.0   60.039   61.417    628.7    922.0
     3     1    20    10    17    18     0     0    18.0   58.749   62.671    441.0    940.9
     1     1    20    10    17    19     0     1    19.0   61.124   57.989    409.2    929.0
     2     1    20    10    17    19     0     1    19.0   59.750   62.250    608.4    924.4
     3     1    20    10    17    19     0     1    19.0   58.535   63.582    429.1    945.8
     1     1    20    10    17    20     0     2    20.0   60.919   58.549    494.5    899.3
     2     1    20    10    17    20     0     2    20.0   59.461   63.120    587.9    923.9
     3     1    20    10    17    20     0     2    20.0   58.316   64.509    435.6    946.1
     1     1    20    10    17    21     0     3    21.0   60.682   59.207    484.9    892.3
     2     1    20    10    17    21     0     3    21.0   59.199   64.046    559.3    930.4
     3     1    20    10    17    21     0     3    21.0   58.117   65.458    413.7    949.3
     1     1    20    10    17    22     0     2    22.0   60.443   59.975    364.0    936.1
     2     1    20    10    17    22     0     2    22.0   58.951   64.995    545.5    933.8
     3     1    20    10    17    22     0     2    22.0   57.922   66.395    385.0    957.8
     1     1    20    10    17    23     0     1    23.0   60.260   60.677    245.9    966.3
     2     1    20    10    17    23     0     1    23.0   58.671   65.954    532.2    934.8
     3     1    20    10    17    23     0     1    23.0   57.744   67.266    369.0    964.4
     1     1    20    10    18     0     0     0    24.0   60.106   61.266    196.4    979.3
     2     1    20    10    18     0     0     0    24.0   58.409   66.904    509.7    948.1
     3     1    20    10    18     0     0     0    24.0   57.572   68.114    365.0    962.5
