     5     1
    GDAS    20    10     8     0     0
    GDAS    20    10    15     0     0
    GDAS    20    10    22     0     0
    GDAS    20    10    29     0     0
    GDAS    20    11     1     0     0
     3 FORWARD  OMEGA   
    20    10    19     0   62.085   49.588   100.0
    20    10    19     0   62.085   49.588   500.0
    20    10    19     0   62.085   49.588  1000.0
     1 PRESSURE
     1     1    20    10    19     0     0     0     0.0   62.085   49.588    100.0    973.4
     2     1    20    10    19     0     0     0     0.0   62.085   49.588    500.0    926.1
     3     1    20    10    19     0     0     0     0.0   62.085   49.588   1000.0    870.2
     1     1    20    10    19     1     0     1     1.0   62.096   49.233    108.4    971.2
     2     1    20    10    19     1     0     1     1.0   62.228   49.290    543.8    917.7
     3     1    20    10    19     1     0     1     1.0   62.259   49.608   1044.2    862.2
     1     1    20    10    19     2     0     2     2.0   62.096   48.882    115.8    969.2
     2     1    20    10    19     2     0     2     2.0   62.356   49.004    568.7    912.8
     3     1    20    10    19     2     0     2     2.0   62.412   49.629   1068.9    857.9
     1     1    20    10    19     3     0     3     3.0   62.096   48.545    127.1    966.0
     2     1    20    10    19     3     0     3     3.0   62.476   48.719    590.7    909.6
     3     1    20    10    19     3     0     3     3.0   62.547   49.653   1073.4    856.0
     1     1    20    10    19     4     0     2     4.0   62.117   48.261    148.4    962.5
     2     1    20    10    19     4     0     2     4.0   62.605   48.486    622.3    905.7
     3     1    20    10    19     4     0     2     4.0   62.671   49.698   1067.1    857.1
     1     1    20    10    19     5     0     1     5.0   62.173   48.060    181.6    958.2
     2     1    20    10    19     5     0     1     5.0   62.747   48.346    659.0    901.0
     3     1    20    10    19     5     0     1     5.0   62.788   49.788   1061.7    857.7
     1     1    20    10    19     6     0     0     6.0   62.261   47.953    225.0    953.0
     2     1    20    10    19     6     0     0     6.0   62.899   48.299    703.5    895.8
     3     1    20    10    19     6     0     0     6.0   62.895   49.929   1062.4    858.2
     1     1    20    10    19     7     0     1     7.0   62.371   47.953    260.5    947.1
     2     1    20    10    19     7     0     1     7.0   63.061   48.317    758.6    889.3
     3     1    20    10    19     7     0     1     7.0   62.998   50.098   1081.2    857.2
     1     1    20    10    19     8     0     2     8.0   62.489   48.031    273.3    946.1
     2     1    20    10    19     8     0     2     8.0   63.231   48.338    821.0    882.4
     3     1    20    10    19     8     0     2     8.0   63.100   50.271   1125.6    851.5
     1     1    20    10    19     9     0     3     9.0   62.612   48.133    273.6    946.9
     2     1    20    10    19     9     0     3     9.0   63.401   48.329    885.6    876.1
     3     1    20    10    19     9     0     3     9.0   63.195   50.457   1186.5    844.2
     1     1    20    10    19    10     0     2    10.0   62.748   48.255    287.8    947.3
     2     1    20    10    19    10     0     2    10.0   63.567   48.290    954.1    869.7
     3     1    20    10    19    10     0     2    10.0   63.290   50.680   1257.5    836.5
     1     1    20    10    19    11     0     1    11.0   62.909   48.458    350.1    939.6
     2     1    20    10    19    11     0     1    11.0   63.735   48.235   1034.3    861.7
     3     1    20    10    19    11     0     1    11.0   63.400   50.929   1338.1    827.8
     1     1    20    10    19    12     0     0    12.0   63.096   48.771    464.9    923.3
     2     1    20    10    19    12     0     0    12.0   63.918   48.171   1138.1    851.4
     3     1    20    10    19    12     0     0    12.0   63.526   51.183   1431.3    817.3
     1     1    20    10    19    13     0     1    13.0   63.286   49.103    573.8    906.4
     2     1    20    10    19    13     0     1    13.0   64.105   48.153   1256.5    837.0
     3     1    20    10    19    13     0     1    13.0   63.661   51.456   1526.4    805.1
     1     1    20    10    19    14     0     2    14.0   63.474   49.374    649.8    900.2
     2     1    20    10    19    14     0     2    14.0   64.282   48.184   1365.1    824.3
     3     1    20    10    19    14     0     2    14.0   63.797   51.767   1615.7    795.3
     1     1    20    10    19    15     0     3    15.0   63.679   49.596    720.9    893.0
     2     1    20    10    19    15     0     3    15.0   64.460   48.190   1465.1    813.8
     3     1    20    10    19    15     0     3    15.0   63.942   52.138   1709.2    786.4
     1     1    20    10    19    16     0     2    16.0   63.893   49.804    810.1    882.3
     2     1    20    10    19    16     0     2    16.0   64.636   48.147   1561.8    803.6
     3     1    20    10    19    16     0     2    16.0   64.091   52.516   1810.5    778.5
     1     1    20    10    19    17     0     1    17.0   64.086   50.036    910.7    868.6
     2     1    20    10    19    17     0     1    17.0   64.803   48.065   1655.4    794.4
     3     1    20    10    19    17     0     1    17.0   64.240   52.834   1910.0    771.3
     1     1    20    10    19    18     0     0    18.0   64.253   50.263   1009.9    857.4
     2     1    20    10    19    18     0     0    18.0   64.955   47.949   1749.9    785.3
     3     1    20    10    19    18     0     0    18.0   64.391   53.091   2010.5    763.6
     1     1    20    10    19    19     0     1    19.0   64.409   50.462   1096.3    848.1
     2     1    20    10    19    19     0     1    19.0   65.098   47.811   1847.0    775.3
     3     1    20    10    19    19     0     1    19.0   64.540   53.320   2110.9    753.8
     1     1    20    10    19    20     0     2    20.0   64.562   50.642   1168.0    841.5
     2     1    20    10    19    20     0     2    20.0   65.234   47.653   1937.8    766.1
     3     1    20    10    19    20     0     2    20.0   64.687   53.549   2201.2    745.4
     1     1    20    10    19    21     0     3    21.0   64.713   50.809   1231.6    836.6
     2     1    20    10    19    21     0     3    21.0   65.359   47.469   2013.3    758.9
     3     1    20    10    19    21     0     3    21.0   64.833   53.791   2284.3    738.4
     1     1    20    10    19    22     0     2    22.0   64.854   50.951   1292.4    832.0
     2     1    20    10    19    22     0     2    22.0   65.465   47.248   2080.7    753.9
     3     1    20    10    19    22     0     2    22.0   64.975   54.063   2372.0    730.8
     1     1    20    10    19    23     0     1    23.0   64.981   51.078   1345.7    827.3
     2     1    20    10    19    23     0     1    23.0   65.549   46.980   2151.4    747.8
     3     1    20    10    19    23     0     1    23.0   65.110   54.361   2450.1    720.3
     1     1    20    10    20     0     0     0    24.0   65.094   51.205   1384.8    823.8
     2     1    20    10    20     0     0     0    24.0   65.609   46.656   2218.1    741.7
     3     1    20    10    20     0     0     0    24.0   65.238   54.648   2506.4    714.1
