     5     1
    GDAS    20    12     1     0     0
    GDAS    20    12     8     0     0
    GDAS    20    12    15     0     0
    GDAS    20    12    22     0     0
    GDAS    20    12    29     0     0
     3 FORWARD  OMEGA   
    20    12    13     0   62.085   49.588   100.0
    20    12    13     0   62.085   49.588   500.0
    20    12    13     0   62.085   49.588  1000.0
     1 PRESSURE
     1     1    20    12    13     0     0     0     0.0   62.085   49.588    100.0   1002.4
     2     1    20    12    13     0     0     0     0.0   62.085   49.588    500.0    953.1
     3     1    20    12    13     0     0     0     0.0   62.085   49.588   1000.0    895.4
     1     1    20    12    13     1     0     1     1.0   62.194   49.915     96.7   1002.0
     2     1    20    12    13     1     0     1     1.0   62.135   50.406    497.4    950.5
     3     1    20    12    13     1     0     1     1.0   62.035   50.499   1020.9    889.4
     1     1    20    12    13     2     0     2     2.0   62.305   50.261     98.6    998.8
     2     1    20    12    13     2     0     2     2.0   62.155   51.236    511.2    943.7
     3     1    20    12    13     2     0     2     2.0   61.967   51.414   1024.4    885.5
     1     1    20    12    13     3     0     3     3.0   62.424   50.653    107.1    994.6
     2     1    20    12    13     3     0     3     3.0   62.159   52.099    507.9    943.3
     3     1    20    12    13     3     0     3     3.0   61.876   52.367   1023.2    884.9
     1     1    20    12    13     4     0     2     4.0   62.553   51.090    121.1    991.0
     2     1    20    12    13     4     0     2     4.0   62.164   52.956    507.4    943.0
     3     1    20    12    13     4     0     2     4.0   61.767   53.319   1027.4    882.1
     1     1    20    12    13     5     0     1     5.0   62.685   51.542    132.8    989.1
     2     1    20    12    13     5     0     1     5.0   62.151   53.805    516.5    937.0
     3     1    20    12    13     5     0     1     5.0   61.634   54.251   1046.5    879.6
     1     1    20    12    13     6     0     0     6.0   62.818   51.989    137.8    988.2
     2     1    20    12    13     6     0     0     6.0   62.127   54.647    529.3    938.6
     3     1    20    12    13     6     0     0     6.0   61.493   55.176   1080.4    878.7
     1     1    20    12    13     7     0     1     7.0   62.951   52.441    135.8    984.8
     2     1    20    12    13     7     0     1     7.0   62.119   55.468    567.4    935.9
     3     1    20    12    13     7     0     1     7.0   61.351   56.123   1131.5    868.8
     1     1    20    12    13     8     0     2     8.0   63.084   52.924    127.2    982.2
     2     1    20    12    13     8     0     2     8.0   62.126   56.296    620.9    930.0
     3     1    20    12    13     8     0     2     8.0   61.205   57.104   1197.7    859.4
     1     1    20    12    13     9     0     3     9.0   63.211   53.413    109.6    986.7
     2     1    20    12    13     9     0     3     9.0   62.138   57.155    696.8    919.1
     3     1    20    12    13     9     0     3     9.0   61.038   58.137   1253.3    840.7
     1     1    20    12    13    10     0     2    10.0   63.320   53.864     88.0    992.2
     2     1    20    12    13    10     0     2    10.0   62.140   58.072    806.6    896.9
     3     1    20    12    13    10     0     2    10.0   60.808   59.285   1098.4    840.3
     1     1    20    12    13    11     0     1    11.0   63.418   54.288     71.2    994.0
     2     1    20    12    13    11     0     1    11.0   62.063   59.167    846.3    873.3
     3     1    20    12    13    11     0     1    11.0   60.492   60.387   1019.3    880.3
     1     1    20    12    13    12     0     0    12.0   63.515   54.718     63.6    993.4
     2     1    20    12    13    12     0     0    12.0   61.821   60.405    828.5    896.7
     3     1    20    12    13    12     0     0    12.0   60.165   61.295   1017.4    891.8
     1     1    20    12    13    13     0     1    13.0   63.609   55.154     60.7    992.9
     2     1    20    12    13    13     0     1    13.0   61.533   61.481    836.3    907.5
     3     1    20    12    13    13     0     1    13.0   59.822   62.130   1021.6    891.2
     1     1    20    12    13    14     0     2    14.0   63.691   55.583     54.8    994.1
     2     1    20    12    13    14     0     2    14.0   61.247   62.351    841.6    907.5
     3     1    20    12    13    14     0     2    14.0   59.484   62.938   1001.7    889.8
     1     1    20    12    13    15     0     3    15.0   63.760   55.997     47.3    995.3
     2     1    20    12    13    15     0     3    15.0   60.957   63.108    815.0    910.8
     3     1    20    12    13    15     0     3    15.0   59.165   63.667    978.7    894.5
     1     1    20    12    13    16     0     2    16.0   63.832   56.393     43.8    997.8
     2     1    20    12    13    16     0     2    16.0   60.692   63.853    803.2    913.0
     3     1    20    12    13    16     0     2    16.0   58.849   64.302    964.2    898.4
     1     1    20    12    13    17     0     1    17.0   63.921   56.786     46.7   1000.3
     2     1    20    12    13    17     0     1    17.0   60.446   64.617    811.9    911.1
     3     1    20    12    13    17     0     1    17.0   58.557   64.940    956.7    899.2
     1     1    20    12    13    18     0     0    18.0   64.022   57.202     56.0    998.3
     2     1    20    12    13    18     0     0    18.0   60.188   65.394    813.8    913.9
     3     1    20    12    13    18     0     0    18.0   58.293   65.578    945.7    900.2
     1     1    20    12    13    19     0     1    19.0   64.128   57.641     76.6    990.9
     2     1    20    12    13    19     0     1    19.0   59.953   66.175    812.2    920.6
     3     1    20    12    13    19     0     1    19.0   58.042   66.202    931.3    904.1
     1     1    20    12    13    20     0     2    20.0   64.247   58.110    126.5    977.8
     2     1    20    12    13    20     0     2    20.0   59.741   66.959    810.3    921.1
     3     1    20    12    13    20     0     2    20.0   57.825   66.846    933.5    908.9
     1     1    20    12    13    21     0     3    21.0   64.374   58.638    218.9    954.5
     2     1    20    12    13    21     0     3    21.0   59.533   67.744    814.8    920.3
     3     1    20    12    13    21     0     3    21.0   57.618   67.536    940.8    906.1
     1     1    20    12    13    22     0     2    22.0   64.486   59.208    317.4    920.8
     2     1    20    12    13    22     0     2    22.0   59.337   68.530    822.5    919.3
     3     1    20    12    13    22     0     2    22.0   57.383   68.277    923.1    905.0
     1     1    20    12    13    23     0     1    23.0   64.501   59.867    166.7    913.9
     2     1    20    12    13    23     0     1    23.0   59.154   69.319    842.4    913.4
     3     1    20    12    13    23     0     1    23.0   57.159   69.061    910.7    903.5
     1     1    20    12    14     0     0     0    24.0   64.477   60.322     36.9    945.6
     2     1    20    12    14     0     0     0    24.0   58.959   70.128    854.9    904.0
     3     1    20    12    14     0     0     0    24.0   56.947   69.825    910.0    902.8
