     5     1
    GDAS    20    10     1     0     0
    GDAS    20    10     8     0     0
    GDAS    20    10    15     0     0
    GDAS    20    10    22     0     0
    GDAS    20    10    29     0     0
     3 FORWARD  OMEGA   
    20    10    12     0   62.085   49.588   100.0
    20    10    12     0   62.085   49.588   500.0
    20    10    12     0   62.085   49.588  1000.0
     1 PRESSURE
     1     1    20    10    12     0     0     0     0.0   62.085   49.588    100.0    997.8
     2     1    20    10    12     0     0     0     0.0   62.085   49.588    500.0    950.9
     3     1    20    10    12     0     0     0     0.0   62.085   49.588   1000.0    894.9
     1     1    20    10    12     1     0     1     1.0   62.118   49.576     91.5    998.7
     2     1    20    10    12     1     0     1     1.0   62.113   49.708    476.4    954.1
     3     1    20    10    12     1     0     1     1.0   62.102   49.905    994.2    897.1
     1     1    20    10    12     2     0     2     2.0   62.160   49.510     88.5    998.2
     2     1    20    10    12     2     0     2     2.0   62.162   49.748    462.7    954.3
     3     1    20    10    12     2     0     2     2.0   62.129   50.158    992.3    893.3
     1     1    20    10    12     3     0     3     3.0   62.210   49.393     90.8    996.9
     2     1    20    10    12     3     0     3     3.0   62.232   49.716    453.1    954.1
     3     1    20    10    12     3     0     3     3.0   62.166   50.348    969.6    893.8
     1     1    20    10    12     4     0     2     4.0   62.279   49.259     95.2    994.5
     2     1    20    10    12     4     0     2     4.0   62.335   49.659    447.1    953.5
     3     1    20    10    12     4     0     2     4.0   62.231   50.490    944.1    897.9
     1     1    20    10    12     5     0     1     5.0   62.373   49.141     96.9    992.6
     2     1    20    10    12     5     0     1     5.0   62.473   49.621    440.9    952.2
     3     1    20    10    12     5     0     1     5.0   62.337   50.609    933.2    897.7
     1     1    20    10    12     6     0     0     6.0   62.491   49.034     94.6    990.9
     2     1    20    10    12     6     0     0     6.0   62.638   49.596    431.9    951.1
     3     1    20    10    12     6     0     0     6.0   62.477   50.715    933.3    896.6
     1     1    20    10    12     7     0     1     7.0   62.615   48.920     91.0    989.4
     2     1    20    10    12     7     0     1     7.0   62.814   49.560    421.8    950.0
     3     1    20    10    12     7     0     1     7.0   62.642   50.834    943.9    894.3
     1     1    20    10    12     8     0     2     8.0   62.731   48.781     89.7    987.7
     2     1    20    10    12     8     0     2     8.0   63.002   49.477    412.5    947.9
     3     1    20    10    12     8     0     2     8.0   62.834   50.966    970.4    890.7
     1     1    20    10    12     9     0     3     9.0   62.841   48.605     92.3    986.0
     2     1    20    10    12     9     0     3     9.0   63.216   49.351    404.6    948.0
     3     1    20    10    12     9     0     3     9.0   63.058   51.084   1011.5    884.7
     1     1    20    10    12    10     0     2    10.0   62.960   48.413     96.8    984.3
     2     1    20    10    12    10     0     2    10.0   63.449   49.228    400.1    948.5
     3     1    20    10    12    10     0     2    10.0   63.293   51.226   1055.5    876.9
     1     1    20    10    12    11     0     1    11.0   63.096   48.243     97.0    984.1
     2     1    20    10    12    11     0     1    11.0   63.685   49.106    391.2    949.4
     3     1    20    10    12    11     0     1    11.0   63.511   51.434   1095.2    870.9
     1     1    20    10    12    12     0     0    12.0   63.240   48.097     90.0    985.4
     2     1    20    10    12    12     0     0    12.0   63.918   48.939    357.6    953.6
     3     1    20    10    12    12     0     0    12.0   63.711   51.714   1134.0    865.2
     1     1    20    10    12    13     0     1    13.0   63.375   47.971     80.9    987.2
     2     1    20    10    12    13     0     1    13.0   64.141   48.753    317.1    959.6
     3     1    20    10    12    13     0     1    13.0   63.902   52.035   1189.8    859.3
     1     1    20    10    12    14     0     2    14.0   63.498   47.867     74.4    987.9
     2     1    20    10    12    14     0     2    14.0   64.363   48.618    290.9    961.0
     3     1    20    10    12    14     0     2    14.0   64.092   52.354   1274.3    851.9
     1     1    20    10    12    15     0     3    15.0   63.612   47.785     70.8    987.8
     2     1    20    10    12    15     0     3    15.0   64.589   48.521    274.3    961.0
     3     1    20    10    12    15     0     3    15.0   64.281   52.649   1365.9    843.6
     1     1    20    10    12    16     0     2    16.0   63.720   47.728     69.9    988.1
     2     1    20    10    12    16     0     2    16.0   64.815   48.460    262.4    961.5
     3     1    20    10    12    16     0     2    16.0   64.463   52.918   1434.5    836.8
     1     1    20    10    12    17     0     1    17.0   63.825   47.696     71.5    988.1
     2     1    20    10    12    17     0     1    17.0   65.039   48.456    254.5    961.8
     3     1    20    10    12    17     0     1    17.0   64.645   53.183   1472.9    835.0
     1     1    20    10    12    18     0     0    18.0   63.928   47.691     74.5    988.0
     2     1    20    10    12    18     0     0    18.0   65.261   48.516    251.5    963.1
     3     1    20    10    12    18     0     0    18.0   64.835   53.494   1494.2    834.0
     1     1    20    10    12    19     0     1    19.0   64.029   47.718     75.2    986.4
     2     1    20    10    12    19     0     1    19.0   65.475   48.634    250.0    962.7
     3     1    20    10    12    19     0     1    19.0   65.030   53.865   1506.5    833.8
     1     1    20    10    12    20     0     2    20.0   64.126   47.782     71.2    985.5
     2     1    20    10    12    20     0     2    20.0   65.674   48.791    242.3    962.6
     3     1    20    10    12    20     0     2    20.0   65.219   54.256   1528.3    830.5
     1     1    20    10    12    21     0     3    21.0   64.219   47.881     63.8    984.3
     2     1    20    10    12    21     0     3    21.0   65.856   48.986    221.3    963.9
     3     1    20    10    12    21     0     3    21.0   65.392   54.648   1576.7    823.8
     1     1    20    10    12    22     0     2    22.0   64.314   47.994     57.6    984.1
     2     1    20    10    12    22     0     2    22.0   66.024   49.201    195.1    969.0
     3     1    20    10    12    22     0     2    22.0   65.553   55.076   1645.7    815.1
     1     1    20    10    12    23     0     1    23.0   64.418   48.106     56.3    984.0
     2     1    20    10    12    23     0     1    23.0   66.172   49.422    176.1    970.5
     3     1    20    10    12    23     0     1    23.0   65.718   55.566   1725.8    809.3
     1     1    20    10    13     0     0     0    24.0   64.530   48.223     59.0    983.2
     2     1    20    10    13     0     0     0    24.0   66.294   49.643    161.0    972.1
     3     1    20    10    13     0     0     0    24.0   65.898   56.123   1843.5    799.9
