     5     1
    GDAS    20    11     8     0     0
    GDAS    20    11    15     0     0
    GDAS    20    11    22     0     0
    GDAS    20    11    29     0     0
    GDAS    20    12     1     0     0
     3 FORWARD  OMEGA   
    20    11    16     0   62.085   49.588   100.0
    20    11    16     0   62.085   49.588   500.0
    20    11    16     0   62.085   49.588  1000.0
     1 PRESSURE
     1     1    20    11    16     0     0     0     0.0   62.085   49.588    100.0   1007.8
     2     1    20    11    16     0     0     0     0.0   62.085   49.588    500.0    959.7
     3     1    20    11    16     0     0     0     0.0   62.085   49.588   1000.0    900.9
     1     1    20    11    16     1     0     1     1.0   62.102   49.850     89.4   1009.1
     2     1    20    11    16     1     0     1     1.0   62.067   50.027    483.5    961.5
     3     1    20    11    16     1     0     1     1.0   62.080   49.897    992.4    901.4
     1     1    20    11    16     2     0     2     2.0   62.117   50.100     80.5   1009.7
     2     1    20    11    16     2     0     2     2.0   62.042   50.461    463.0    960.8
     3     1    20    11    16     2     0     2     2.0   62.076   50.208    976.4    901.8
     1     1    20    11    16     3     0     3     3.0   62.129   50.350     73.1   1009.6
     2     1    20    11    16     3     0     3     3.0   62.013   50.877    439.6    960.5
     3     1    20    11    16     3     0     3     3.0   62.076   50.520    953.6    902.3
     1     1    20    11    16     4     0     2     4.0   62.145   50.601     68.6   1009.5
     2     1    20    11    16     4     0     2     4.0   61.981   51.289    421.6    963.2
     3     1    20    11    16     4     0     2     4.0   62.082   50.839    931.4    903.8
     1     1    20    11    16     5     0     1     5.0   62.170   50.845     66.7   1009.1
     2     1    20    11    16     5     0     1     5.0   61.942   51.712    410.3    964.3
     3     1    20    11    16     5     0     1     5.0   62.094   51.161    917.1    904.5
     1     1    20    11    16     6     0     0     6.0   62.200   51.078     65.3   1009.0
     2     1    20    11    16     6     0     0     6.0   61.906   52.132    395.3    966.0
     3     1    20    11    16     6     0     0     6.0   62.109   51.487    910.4    905.4
     1     1    20    11    16     7     0     1     7.0   62.235   51.313     64.3   1009.2
     2     1    20    11    16     7     0     1     7.0   61.872   52.539    381.3    968.6
     3     1    20    11    16     7     0     1     7.0   62.125   51.827    904.0    905.5
     1     1    20    11    16     8     0     2     8.0   62.275   51.565     64.7   1008.9
     2     1    20    11    16     8     0     2     8.0   61.836   52.927    374.1    968.3
     3     1    20    11    16     8     0     2     8.0   62.141   52.191    890.9    906.5
     1     1    20    11    16     9     0     3     9.0   62.320   51.821     66.0   1008.5
     2     1    20    11    16     9     0     3     9.0   61.803   53.304    363.5    966.9
     3     1    20    11    16     9     0     3     9.0   62.157   52.580    871.0    908.3
     1     1    20    11    16    10     0     2    10.0   62.366   52.083     67.2   1008.4
     2     1    20    11    16    10     0     2    10.0   61.769   53.689    345.2    967.7
     3     1    20    11    16    10     0     2    10.0   62.169   52.991    847.7    910.9
     1     1    20    11    16    11     0     1    11.0   62.410   52.360     69.1   1007.5
     2     1    20    11    16    11     0     1    11.0   61.728   54.087    320.0    970.6
     3     1    20    11    16    11     0     1    11.0   62.174   53.414    824.1    912.0
     1     1    20    11    16    12     0     0    12.0   62.452   52.653     74.3   1005.9
     2     1    20    11    16    12     0     0    12.0   61.689   54.486    298.8    977.2
     3     1    20    11    16    12     0     0    12.0   62.177   53.844    799.9    912.8
     1     1    20    11    16    13     0     1    13.0   62.495   52.971     83.0   1002.4
     2     1    20    11    16    13     0     1    13.0   61.651   54.880    290.5    980.2
     3     1    20    11    16    13     0     1    13.0   62.172   54.287    772.6    916.2
     1     1    20    11    16    14     0     2    14.0   62.542   53.314     88.8    999.9
     2     1    20    11    16    14     0     2    14.0   61.605   55.266    288.1    979.3
     3     1    20    11    16    14     0     2    14.0   62.153   54.750    746.0    922.0
     1     1    20    11    16    15     0     3    15.0   62.591   53.651     85.4   1000.4
     2     1    20    11    16    15     0     3    15.0   61.544   55.647    281.6    978.0
     3     1    20    11    16    15     0     3    15.0   62.118   55.227    726.5    926.2
     1     1    20    11    16    16     0     2    16.0   62.642   53.960     71.6   1003.4
     2     1    20    11    16    16     0     2    16.0   61.473   56.022    272.8    978.5
     3     1    20    11    16    16     0     2    16.0   62.069   55.701    715.9    928.5
     1     1    20    11    16    17     0     1    17.0   62.694   54.235     55.3   1006.5
     2     1    20    11    16    17     0     1    17.0   61.399   56.378    273.3    979.1
     3     1    20    11    16    17     0     1    17.0   62.008   56.158    713.5    929.2
     1     1    20    11    16    18     0     0    18.0   62.749   54.496     44.9   1007.8
     2     1    20    11    16    18     0     0    18.0   61.316   56.701    285.4    977.0
     3     1    20    11    16    18     0     0    18.0   61.928   56.586    721.8    928.6
     1     1    20    11    16    19     0     1    19.0   62.804   54.766     42.3   1007.1
     2     1    20    11    16    19     0     1    19.0   61.224   56.996    311.3    973.6
     3     1    20    11    16    19     0     1    19.0   61.836   56.984    737.8    925.0
     1     1    20    11    16    20     0     2    20.0   62.860   55.069     48.3   1005.0
     2     1    20    11    16    20     0     2    20.0   61.125   57.279    352.4    965.5
     3     1    20    11    16    20     0     2    20.0   61.736   57.361    750.0    919.6
     1     1    20    11    16    21     0     3    21.0   62.921   55.395     54.4   1004.6
     2     1    20    11    16    21     0     3    21.0   61.005   57.550    397.0    956.0
     3     1    20    11    16    21     0     3    21.0   61.621   57.713    756.4    915.3
     1     1    20    11    16    22     0     2    22.0   62.979   55.700     49.0   1006.8
     2     1    20    11    16    22     0     2    22.0   60.863   57.804    435.3    948.5
     3     1    20    11    16    22     0     2    22.0   61.488   58.039    760.6    911.4
     1     1    20    11    16    23     0     1    23.0   63.024   55.956     35.8   1010.5
     2     1    20    11    16    23     0     1    23.0   60.695   58.044    466.9    940.4
     3     1    20    11    16    23     0     1    23.0   61.331   58.331    748.1    902.0
     1     1    20    11    17     0     0     0    24.0   63.061   56.179     24.9   1013.2
     2     1    20    11    17     0     0     0    24.0   60.491   58.263    479.4    929.1
     3     1    20    11    17     0     0     0    24.0   61.140   58.576    697.5    898.4
