     5     1
    GDAS    20    12     8     0     0
    GDAS    20    12    15     0     0
    GDAS    20    12    22     0     0
    GDAS    20    12    29     0     0
    GDAS    21     1     1     0     0
     3 FORWARD  OMEGA   
    20    12    19     0   62.085   49.588   100.0
    20    12    19     0   62.085   49.588   500.0
    20    12    19     0   62.085   49.588  1000.0
     1 PRESSURE
     1     1    20    12    19     0     0     0     0.0   62.085   49.588    100.0   1006.9
     2     1    20    12    19     0     0     0     0.0   62.085   49.588    500.0    956.2
     3     1    20    12    19     0     0     0     0.0   62.085   49.588   1000.0    895.8
     1     1    20    12    19     1     0     1     1.0   62.091   49.844     97.5   1007.1
     2     1    20    12    19     1     0     1     1.0   62.057   49.912    485.8    957.8
     3     1    20    12    19     1     0     1     1.0   62.035   49.776    968.4    899.9
     1     1    20    12    19     2     0     2     2.0   62.104   50.121     94.7   1006.6
     2     1    20    12    19     2     0     2     2.0   62.026   50.296    467.3    958.3
     3     1    20    12    19     2     0     2     2.0   61.997   50.024    933.3    904.5
     1     1    20    12    19     3     0     3     3.0   62.122   50.430     92.5   1004.7
     2     1    20    12    19     3     0     3     3.0   61.989   50.739    454.0    957.1
     3     1    20    12    19     3     0     3     3.0   61.968   50.331    904.9    906.0
     1     1    20    12    19     4     0     2     4.0   62.146   50.769     91.2   1002.9
     2     1    20    12    19     4     0     2     4.0   61.948   51.206    449.6    955.4
     3     1    20    12    19     4     0     2     4.0   61.948   50.667    891.1    904.8
     1     1    20    12    19     5     0     1     5.0   62.180   51.122     90.4   1001.6
     2     1    20    12    19     5     0     1     5.0   61.900   51.670    448.5    955.2
     3     1    20    12    19     5     0     1     5.0   61.937   51.014    885.9    902.6
     1     1    20    12    19     6     0     0     6.0   62.225   51.482     88.0   1001.6
     2     1    20    12    19     6     0     0     6.0   61.843   52.131    444.3    955.4
     3     1    20    12    19     6     0     0     6.0   61.930   51.373    884.1    902.6
     1     1    20    12    19     7     0     1     7.0   62.280   51.841     82.8   1002.2
     2     1    20    12    19     7     0     1     7.0   61.788   52.611    432.5    955.8
     3     1    20    12    19     7     0     1     7.0   61.937   51.774    879.1    902.8
     1     1    20    12    19     8     0     2     8.0   62.346   52.200     76.5   1002.7
     2     1    20    12    19     8     0     2     8.0   61.738   53.135    415.6    957.1
     3     1    20    12    19     8     0     2     8.0   61.965   52.248    863.3    903.9
     1     1    20    12    19     9     0     3     9.0   62.425   52.560     71.2   1001.8
     2     1    20    12    19     9     0     3     9.0   61.686   53.699    384.6    957.7
     3     1    20    12    19     9     0     3     9.0   61.998   52.805    837.2    907.5
     1     1    20    12    19    10     0     2    10.0   62.516   52.946     68.7    999.6
     2     1    20    12    19    10     0     2    10.0   61.625   54.303    344.4    965.5
     3     1    20    12    19    10     0     2    10.0   62.020   53.450    799.6    907.4
     1     1    20    12    19    11     0     1    11.0   62.612   53.380     59.9    998.4
     2     1    20    12    19    11     0     1    11.0   61.552   54.919    332.4    972.4
     3     1    20    12    19    11     0     1    11.0   62.025   54.180    746.3    911.1
     1     1    20    12    19    12     0     0    12.0   62.704   53.809     36.4   1001.3
     2     1    20    12    19    12     0     0    12.0   61.460   55.542    347.5    966.4
     3     1    20    12    19    12     0     0    12.0   62.000   54.962    727.6    921.2
     1     1    20    12    19    13     0     1    13.0   62.788   54.162     15.9   1005.4
     2     1    20    12    19    13     0     1    13.0   61.370   56.159    365.7    960.7
     3     1    20    12    19    13     0     1    13.0   61.962   55.767    748.6    916.7
     1     1    20    12    19    14     0     2    14.0   62.880   54.469      7.9   1004.9
     2     1    20    12    19    14     0     2    14.0   61.305   56.748    389.2    957.1
     3     1    20    12    19    14     0     2    14.0   61.931   56.591    776.0    912.9
     1     1    20    12    19    15     0     3    15.0   62.986   54.768      3.3   1002.8
     2     1    20    12    19    15     0     3    15.0   61.257   57.323    424.5    949.0
     3     1    20    12    19    15     0     3    15.0   61.893   57.423    827.7    902.7
     1     1    20    12    19    16     0     2    16.0   63.105   55.080      0.0   1002.1
     2     1    20    12    19    16     0     2    16.0   61.221   57.952    482.6    936.2
     3     1    20    12    19    16     0     2    16.0   61.837   58.371    890.5    879.6
     1     1    20    12    19    17     0     1    17.0   63.226   55.428      0.0   1003.2
     2     1    20    12    19    17     0     1    17.0   61.173   58.692    519.7    907.8
     3     1    20    12    19    17     0     1    17.0   61.742   59.611    859.2    876.7
     1     1    20    12    19    18     0     0    18.0   63.344   55.822      0.0   1004.0
     2     1    20    12    19    18     0     0    18.0   61.091   59.574    471.0    919.9
     3     1    20    12    19    18     0     0    18.0   61.562   60.940    752.6    918.9
     1     1    20    12    19    19     0     1    19.0   63.460   56.245      0.0   1004.1
     2     1    20    12    19    19     0     1    19.0   61.004   60.534    365.5    954.5
     3     1    20    12    19    19     0     1    19.0   61.365   62.044    709.4    925.9
     1     1    20    12    19    20     0     2    20.0   63.580   56.655      0.0   1004.6
     2     1    20    12    19    20     0     2    20.0   60.988   61.286    272.9    976.0
     3     1    20    12    19    20     0     2    20.0   61.171   63.051    612.5    934.8
     1     1    20    12    19    21     0     3    21.0   63.706   57.052      0.4   1004.8
     2     1    20    12    19    21     0     3    21.0   61.005   61.984    215.5    988.7
     3     1    20    12    19    21     0     3    21.0   60.977   64.023    513.0    950.9
     1     1    20    12    19    22     0     2    22.0   63.831   57.459      4.3    998.7
     2     1    20    12    19    22     0     2    22.0   61.032   62.701    168.5    992.5
     3     1    20    12    19    22     0     2    22.0   60.773   65.033    473.6    953.0
     1     1    20    12    19    23     0     1    23.0   63.945   57.897     12.4    992.2
     2     1    20    12    19    23     0     1    23.0   61.052   63.442    130.3    996.8
     3     1    20    12    19    23     0     1    23.0   60.573   66.069    436.8    962.1
     1     1    20    12    20     0     0     0    24.0   64.051   58.420     45.1    977.2
     2     1    20    12    20     0     0     0    24.0   61.086   64.185    126.3    996.1
     3     1    20    12    20     0     0     0    24.0   60.374   67.069    399.8    972.0
