     5     1
    GDAS    20    12     1     0     0
    GDAS    20    12     8     0     0
    GDAS    20    12    15     0     0
    GDAS    20    12    22     0     0
    GDAS    20    12    29     0     0
     3 FORWARD  OMEGA   
    20    12    14     0   62.085   49.588   100.0
    20    12    14     0   62.085   49.588   500.0
    20    12    14     0   62.085   49.588  1000.0
     1 PRESSURE
     1     1    20    12    14     0     0     0     0.0   62.085   49.588    100.0   1001.6
     2     1    20    12    14     0     0     0     0.0   62.085   49.588    500.0    952.3
     3     1    20    12    14     0     0     0     0.0   62.085   49.588   1000.0    894.1
     1     1    20    12    14     1     0     1     1.0   62.220   49.985     87.5   1002.5
     2     1    20    12    14     1     0     1     1.0   62.202   50.638    494.9    947.7
     3     1    20    12    14     1     0     1     1.0   62.193   50.628    992.3    890.0
     1     1    20    12    14     2     0     2     2.0   62.351   50.359     81.9    999.4
     2     1    20    12    14     2     0     2     2.0   62.274   51.719    499.2    943.7
     3     1    20    12    14     2     0     2     2.0   62.258   51.698    982.8    888.2
     1     1    20    12    14     3     0     3     3.0   62.491   50.745     87.4    995.6
     2     1    20    12    14     3     0     3     3.0   62.325   52.817    492.5    942.0
     3     1    20    12    14     3     0     3     3.0   62.297   52.813    969.1    887.3
     1     1    20    12    14     4     0     2     4.0   62.643   51.183    104.6    991.6
     2     1    20    12    14     4     0     2     4.0   62.341   53.966    466.3    941.5
     3     1    20    12    14     4     0     2     4.0   62.286   53.982    943.1    886.6
     1     1    20    12    14     5     0     1     5.0   62.785   51.660    117.8    989.5
     2     1    20    12    14     5     0     1     5.0   62.325   55.111    460.9    946.5
     3     1    20    12    14     5     0     1     5.0   62.220   55.172    952.4    890.8
     1     1    20    12    14     6     0     0     6.0   62.914   52.137    121.5    988.0
     2     1    20    12    14     6     0     0     6.0   62.287   56.234    489.7    944.3
     3     1    20    12    14     6     0     0     6.0   62.126   56.382   1013.9    884.3
     1     1    20    12    14     7     0     1     7.0   63.032   52.616    117.2    984.8
     2     1    20    12    14     7     0     1     7.0   62.233   57.360    569.4    932.1
     3     1    20    12    14     7     0     1     7.0   61.994   57.610   1129.7    866.3
     1     1    20    12    14     8     0     2     8.0   63.138   53.091    104.8    985.0
     2     1    20    12    14     8     0     2     8.0   62.142   58.556    703.7    896.2
     3     1    20    12    14     8     0     2     8.0   61.819   58.915   1205.8    828.3
     1     1    20    12    14     9     0     3     9.0   63.229   53.517     86.8    990.3
     2     1    20    12    14     9     0     3     9.0   61.963   60.001    767.6    892.1
     3     1    20    12    14     9     0     3     9.0   61.554   60.368   1207.1    854.4
     1     1    20    12    14    10     0     2    10.0   63.301   53.882     70.0    994.4
     2     1    20    12    14    10     0     2    10.0   61.664   61.483    740.3    918.6
     3     1    20    12    14    10     0     2    10.0   61.179   61.672   1222.5    864.0
     1     1    20    12    14    11     0     1    11.0   63.356   54.213     58.9    995.1
     2     1    20    12    14    11     0     1    11.0   61.335   62.723    719.5    919.8
     3     1    20    12    14    11     0     1    11.0   60.771   62.801   1211.6    867.7
     1     1    20    12    14    12     0     0    12.0   63.400   54.522     54.7    994.6
     2     1    20    12    14    12     0     0    12.0   60.991   63.878    683.1    926.9
     3     1    20    12    14    12     0     0    12.0   60.362   63.823   1219.0    867.6
     1     1    20    12    14    13     0     1    13.0   63.439   54.809     55.4    993.8
     2     1    20    12    14    13     0     1    13.0   60.640   64.981    667.1    928.7
     3     1    20    12    14    13     0     1    13.0   59.965   64.738   1234.6    865.0
     1     1    20    12    14    14     0     2    14.0   63.480   55.070     58.1    993.2
     2     1    20    12    14    14     0     2    14.0   60.294   66.025    671.3    934.9
     3     1    20    12    14    14     0     2    14.0   59.600   65.576   1230.6    868.5
     1     1    20    12    14    15     0     3    15.0   63.523   55.299     58.5    993.9
     2     1    20    12    14    15     0     3    15.0   59.962   67.056    674.8    936.9
     3     1    20    12    14    15     0     3    15.0   59.254   66.418   1209.9    873.3
     1     1    20    12    14    16     0     2    16.0   63.566   55.501     56.1    995.1
     2     1    20    12    14    16     0     2    16.0   59.626   68.025    691.4    935.6
     3     1    20    12    14    16     0     2    16.0   58.916   67.241   1211.7    877.7
     1     1    20    12    14    17     0     1    17.0   63.607   55.680     51.6    996.5
     2     1    20    12    14    17     0     1    17.0   59.299   68.887    728.0    931.4
     3     1    20    12    14    17     0     1    17.0   58.612   68.051   1235.2    875.1
     1     1    20    12    14    18     0     0    18.0   63.647   55.835     45.7    998.2
     2     1    20    12    14    18     0     0    18.0   58.965   69.710    760.0    919.9
     3     1    20    12    14    18     0     0    18.0   58.325   68.881   1258.1    866.9
     1     1    20    12    14    19     0     1    19.0   63.690   55.969     40.7    999.2
     2     1    20    12    14    19     0     1    19.0   58.636   70.517    770.1    915.9
     3     1    20    12    14    19     0     1    19.0   58.046   69.746   1251.3    863.3
     1     1    20    12    14    20     0     2    20.0   63.738   56.084     38.4    999.8
     2     1    20    12    14    20     0     2    20.0   58.340   71.289    774.8    915.4
     3     1    20    12    14    20     0     2    20.0   57.784   70.628   1233.6    865.4
     1     1    20    12    14    21     0     3    21.0   63.796   56.178     39.0    999.8
     2     1    20    12    14    21     0     3    21.0   58.058   72.064    777.4    915.1
     3     1    20    12    14    21     0     3    21.0   57.512   71.513   1213.8    867.1
     1     1    20    12    14    22     0     2    22.0   63.864   56.242     41.2   1000.5
     2     1    20    12    14    22     0     2    22.0   57.777   72.831    778.6    915.4
     3     1    20    12    14    22     0     2    22.0   57.216   72.366   1190.0    870.3
     1     1    20    12    14    23     0     1    23.0   63.943   56.270     44.2   1001.1
     2     1    20    12    14    23     0     1    23.0   57.496   73.576    778.6    915.7
     3     1    20    12    14    23     0     1    23.0   56.914   73.196   1180.1    871.7
     1     1    20    12    15     0     0     0    24.0   64.033   56.265     47.5   1001.5
     2     1    20    12    15     0     0     0    24.0   57.216   74.312    767.3    916.9
     3     1    20    12    15     0     0     0    24.0   56.606   73.993   1167.8    873.3
