     5     1
    GDAS    20    11    15     0     0
    GDAS    20    11    22     0     0
    GDAS    20    11    29     0     0
    GDAS    20    12     1     0     0
    GDAS    20    12     8     0     0
     3 FORWARD  OMEGA   
    20    11    26     0   62.085   49.588   100.0
    20    11    26     0   62.085   49.588   500.0
    20    11    26     0   62.085   49.588  1000.0
     1 PRESSURE
     1     1    20    11    26     0     0     0     0.0   62.085   49.588    100.0    994.2
     2     1    20    11    26     0     0     0     0.0   62.085   49.588    500.0    944.6
     3     1    20    11    26     0     0     0     0.0   62.085   49.588   1000.0    886.5
     1     1    20    11    26     1     0     1     1.0   62.209   49.523    103.4    992.1
     2     1    20    11    26     1     0     1     1.0   62.238   49.630    515.0    940.9
     3     1    20    11    26     1     0     1     1.0   62.212   49.596   1010.0    883.5
     1     1    20    11    26     2     0     2     2.0   62.338   49.465    106.6    989.9
     2     1    20    11    26     2     0     2     2.0   62.403   49.655    526.2    937.9
     3     1    20    11    26     2     0     2     2.0   62.351   49.589   1014.8    881.5
     1     1    20    11    26     3     0     3     3.0   62.474   49.407    109.1    987.6
     2     1    20    11    26     3     0     3     3.0   62.583   49.662    534.5    935.0
     3     1    20    11    26     3     0     3     3.0   62.500   49.564   1015.7    879.7
     1     1    20    11    26     4     0     2     4.0   62.618   49.348    110.9    985.6
     2     1    20    11    26     4     0     2     4.0   62.778   49.675    541.2    932.8
     3     1    20    11    26     4     0     2     4.0   62.659   49.544   1015.1    878.5
     1     1    20    11    26     5     0     1     5.0   62.773   49.292    112.1    983.5
     2     1    20    11    26     5     0     1     5.0   62.988   49.717    548.2    930.6
     3     1    20    11    26     5     0     1     5.0   62.829   49.551   1014.4    877.1
     1     1    20    11    26     6     0     0     6.0   62.937   49.242    112.5    981.1
     2     1    20    11    26     6     0     0     6.0   63.212   49.796    558.8    929.4
     3     1    20    11    26     6     0     0     6.0   63.011   49.581   1013.9    875.8
     1     1    20    11    26     7     0     1     7.0   63.106   49.193    112.3    980.4
     2     1    20    11    26     7     0     1     7.0   63.446   49.907    570.6    926.6
     3     1    20    11    26     7     0     1     7.0   63.206   49.633   1013.4    875.7
     1     1    20    11    26     8     0     2     8.0   63.271   49.137    111.3    980.9
     2     1    20    11    26     8     0     2     8.0   63.683   50.035    578.7    923.8
     3     1    20    11    26     8     0     2     8.0   63.412   49.708   1012.0    875.5
     1     1    20    11    26     9     0     3     9.0   63.431   49.072    109.8    981.7
     2     1    20    11    26     9     0     3     9.0   63.921   50.175    584.0    921.4
     3     1    20    11    26     9     0     3     9.0   63.627   49.804   1010.5    874.8
     1     1    20    11    26    10     0     2    10.0   63.586   48.997    108.2    983.2
     2     1    20    11    26    10     0     2    10.0   64.155   50.334    587.1    921.1
     3     1    20    11    26    10     0     2    10.0   63.842   49.914   1008.8    873.7
     1     1    20    11    26    11     0     1    11.0   63.736   48.912    107.2    984.7
     2     1    20    11    26    11     0     1    11.0   64.382   50.522    585.2    922.4
     3     1    20    11    26    11     0     1    11.0   64.056   50.034   1006.2    872.5
     1     1    20    11    26    12     0     0    12.0   63.882   48.813    106.6    986.1
     2     1    20    11    26    12     0     0    12.0   64.605   50.730    573.4    925.6
     3     1    20    11    26    12     0     0    12.0   64.267   50.164    998.3    873.5
     1     1    20    11    26    13     0     1    13.0   64.030   48.695    106.2    986.1
     2     1    20    11    26    13     0     1    13.0   64.835   50.939    546.8    930.7
     3     1    20    11    26    13     0     1    13.0   64.486   50.288    980.6    876.1
     1     1    20    11    26    14     0     2    14.0   64.190   48.568    106.3    984.8
     2     1    20    11    26    14     0     2    14.0   65.089   51.132    505.1    938.5
     3     1    20    11    26    14     0     2    14.0   64.721   50.392    958.6    880.2
     1     1    20    11    26    15     0     3    15.0   64.365   48.445    107.2    983.8
     2     1    20    11    26    15     0     3    15.0   65.371   51.299    463.9    946.1
     3     1    20    11    26    15     0     3    15.0   64.972   50.480    941.0    883.9
     1     1    20    11    26    16     0     2    16.0   64.550   48.336    109.0    983.4
     2     1    20    11    26    16     0     2    16.0   65.661   51.466    442.0    951.1
     3     1    20    11    26    16     0     2    16.0   65.237   50.583    928.6    886.7
     1     1    20    11    26    17     0     1    17.0   64.739   48.240    110.8    983.4
     2     1    20    11    26    17     0     1    17.0   65.940   51.654    440.4    952.4
     3     1    20    11    26    17     0     1    17.0   65.511   50.728    913.4    889.4
     1     1    20    11    26    18     0     0    18.0   64.932   48.149    111.3    984.0
     2     1    20    11    26    18     0     0    18.0   66.203   51.857    446.9    954.8
     3     1    20    11    26    18     0     0    18.0   65.790   50.912    888.6    892.7
     1     1    20    11    26    19     0     1    19.0   65.126   48.044    109.0    985.8
     2     1    20    11    26    19     0     1    19.0   66.456   52.061    452.4    957.6
     3     1    20    11    26    19     0     1    19.0   66.066   51.121    854.0    899.0
     1     1    20    11    26    20     0     2    20.0   65.318   47.911    104.2    988.5
     2     1    20    11    26    20     0     2    20.0   66.711   52.252    453.9    960.1
     3     1    20    11    26    20     0     2    20.0   66.332   51.342    827.2    909.5
     1     1    20    11    26    21     0     3    21.0   65.507   47.752     98.2    991.0
     2     1    20    11    26    21     0     3    21.0   66.971   52.428    447.2    963.5
     3     1    20    11    26    21     0     3    21.0   66.586   51.584    822.5    915.0
     1     1    20    11    26    22     0     2    22.0   65.697   47.575     93.6    994.1
     2     1    20    11    26    22     0     2    22.0   67.227   52.606    440.4    965.7
     3     1    20    11    26    22     0     2    22.0   66.826   51.831    835.6    917.0
     1     1    20    11    26    23     0     1    23.0   65.890   47.383     90.9    996.2
     2     1    20    11    26    23     0     1    23.0   67.465   52.823    443.0    965.7
     3     1    20    11    26    23     0     1    23.0   67.043   52.065    862.8    916.2
     1     1    20    11    27     0     0     0    24.0   66.090   47.172     88.5    998.6
     2     1    20    11    27     0     0     0    24.0   67.674   53.098    451.0    965.5
     3     1    20    11    27     0     0     0    24.0   67.235   52.299    896.1    910.6
