     5     1
    GDAS    20    11    29     0     0
    GDAS    20    12     1     0     0
    GDAS    20    12     8     0     0
    GDAS    20    12    15     0     0
    GDAS    20    12    22     0     0
     3 FORWARD  OMEGA   
    20    12     1     0   62.085   49.588   100.0
    20    12     1     0   62.085   49.588   500.0
    20    12     1     0   62.085   49.588  1000.0
     1 PRESSURE
     1     1    20    12     1     0     0     0     0.0   62.085   49.588    100.0   1009.6
     2     1    20    12     1     0     0     0     0.0   62.085   49.588    500.0    960.5
     3     1    20    12     1     0     0     0     0.0   62.085   49.588   1000.0    901.5
     1     1    20    12     1     1     0     1     1.0   62.316   49.748     89.8   1008.6
     2     1    20    12     1     1     0     1     1.0   62.441   49.976    502.0    957.7
     3     1    20    12     1     1     0     1     1.0   62.521   50.544   1001.1    896.1
     1     1    20    12     1     2     0     2     2.0   62.553   49.884     84.0   1007.0
     2     1    20    12     1     2     0     2     2.0   62.816   50.411    505.9    951.7
     3     1    20    12     1     2     0     2     2.0   62.947   51.553    996.3    894.5
     1     1    20    12     1     3     0     3     3.0   62.797   49.979     82.7   1005.0
     2     1    20    12     1     3     0     3     3.0   63.188   50.912    469.8    952.5
     3     1    20    12     1     3     0     3     3.0   63.350   52.639    978.2    891.5
     1     1    20    12     1     4     0     2     4.0   63.052   50.057     82.1   1003.0
     2     1    20    12     1     4     0     2     4.0   63.562   51.410    424.1    957.1
     3     1    20    12     1     4     0     2     4.0   63.739   53.808    951.3    899.1
     1     1    20    12     1     5     0     1     5.0   63.313   50.182     81.1   1000.7
     2     1    20    12     1     5     0     1     5.0   63.956   51.922    447.0    950.2
     3     1    20    12     1     5     0     1     5.0   64.099   55.006    929.8    901.4
     1     1    20    12     1     6     0     0     6.0   63.581   50.366     83.6    997.8
     2     1    20    12     1     6     0     0     6.0   64.354   52.532    474.0    951.8
     3     1    20    12     1     6     0     0     6.0   64.434   56.208    945.7    904.4
     1     1    20    12     1     7     0     1     7.0   63.862   50.603     91.6    993.5
     2     1    20    12     1     7     0     1     7.0   64.742   53.160    447.5    960.6
     3     1    20    12     1     7     0     1     7.0   64.783   57.382    994.4    899.0
     1     1    20    12     1     8     0     2     8.0   64.158   50.883    102.9    990.5
     2     1    20    12     1     8     0     2     8.0   65.142   53.728    401.2    968.1
     3     1    20    12     1     8     0     2     8.0   65.151   58.578   1008.1    878.1
     1     1    20    12     1     9     0     3     9.0   64.449   51.180    101.6    992.9
     2     1    20    12     1     9     0     3     9.0   65.552   54.292    364.6    970.8
     3     1    20    12     1     9     0     3     9.0   65.462   60.066    884.3    859.1
     1     1    20    12     1    10     0     2    10.0   64.724   51.476     87.1    998.1
     2     1    20    12     1    10     0     2    10.0   65.967   54.940    350.5    971.8
     3     1    20    12     1    10     0     2    10.0   65.673   61.515    804.9    900.5
     1     1    20    12     1    11     0     1    11.0   64.975   51.765     58.8   1004.7
     2     1    20    12     1    11     0     1    11.0   66.391   55.697    350.0    971.0
     3     1    20    12     1    11     0     1    11.0   65.823   62.658    787.4    890.6
     1     1    20    12     1    12     0     0    12.0   65.202   52.046     34.2   1008.5
     2     1    20    12     1    12     0     0    12.0   66.825   56.564    376.6    966.9
     3     1    20    12     1    12     0     0    12.0   65.891   63.683    682.8    923.6
     1     1    20    12     1    13     0     1    13.0   65.409   52.307     20.7   1010.2
     2     1    20    12     1    13     0     1    13.0   67.262   57.576    389.2    962.6
     3     1    20    12     1    13     0     1    13.0   65.892   64.480    669.0    939.6
     1     1    20    12     1    14     0     2    14.0   65.597   52.542     13.0   1011.0
     2     1    20    12     1    14     0     2    14.0   67.687   58.744    383.8    957.8
     3     1    20    12     1    14     0     2    14.0   65.904   65.496    690.6    941.0
     1     1    20    12     1    15     0     3    15.0   65.771   52.759      8.9   1011.1
     2     1    20    12     1    15     0     3    15.0   68.084   60.021    366.9    966.2
     3     1    20    12     1    15     0     3    15.0   65.870   66.626    698.8    940.1
     1     1    20    12     1    16     0     2    16.0   65.943   52.985      5.9   1010.4
     2     1    20    12     1    16     0     2    16.0   68.450   61.357    429.1    950.1
     3     1    20    12     1    16     0     2    16.0   65.847   67.803    713.8    936.0
     1     1    20    12     1    17     0     1    17.0   66.122   53.248      3.7   1009.9
     2     1    20    12     1    17     0     1    17.0   68.777   62.902    447.5    937.8
     3     1    20    12     1    17     0     1    17.0   65.874   69.112    712.5    936.2
     1     1    20    12     1    18     0     0    18.0   66.318   53.577      3.6   1009.3
     2     1    20    12     1    18     0     0    18.0   69.120   64.500    350.0    963.6
     3     1    20    12     1    18     0     0    18.0   65.861   70.480    694.4    938.6
     1     1    20    12     1    19     0     1    19.0   66.533   53.985      7.2   1008.9
     2     1    20    12     1    19     0     1    19.0   69.454   66.055    270.9    979.7
     3     1    20    12     1    19     0     1    19.0   65.803   71.805    699.9    938.7
     1     1    20    12     1    20     0     2    20.0   66.761   54.492     12.5   1007.6
     2     1    20    12     1    20     0     2    20.0   69.732   67.650    239.7    982.6
     3     1    20    12     1    20     0     2    20.0   65.765   73.179    733.9    932.8
     1     1    20    12     1    21     0     3    21.0   66.979   55.101     11.5   1005.6
     2     1    20    12     1    21     0     3    21.0   69.937   69.213    259.4    979.3
     3     1    20    12     1    21     0     3    21.0   65.705   74.581    746.9    923.2
     1     1    20    12     1    22     0     2    22.0   67.199   55.784     10.0   1005.2
     2     1    20    12     1    22     0     2    22.0   70.103   70.776    293.3    973.2
     3     1    20    12     1    22     0     2    22.0   65.638   75.945    735.6    922.8
     1     1    20    12     1    23     0     1    23.0   67.421   56.511      8.9   1005.6
     2     1    20    12     1    23     0     1    23.0   70.310   72.304    296.7    971.2
     3     1    20    12     1    23     0     1    23.0   65.590   77.299    726.4    934.8
     1     1    20    12     2     0     0     0    24.0   67.622   57.233      0.0   1005.7
     2     1    20    12     2     0     0     0    24.0   70.556   73.802    293.9    971.3
     3     1    20    12     2     0     0     0    24.0   65.538   78.636    734.7    933.4
