     5     1
    GDAS    20     9    29     0     0
    GDAS    20    10     1     0     0
    GDAS    20    10     8     0     0
    GDAS    20    10    15     0     0
    GDAS    20    10    22     0     0
     3 FORWARD  OMEGA   
    20    10     7     0   62.085   49.588   100.0
    20    10     7     0   62.085   49.588   500.0
    20    10     7     0   62.085   49.588  1000.0
     1 PRESSURE
     1     1    20    10     7     0     0     0     0.0   62.085   49.588    100.0   1005.0
     2     1    20    10     7     0     0     0     0.0   62.085   49.588    500.0    957.5
     3     1    20    10     7     0     0     0     0.0   62.085   49.588   1000.0    900.1
     1     1    20    10     7     1     0     1     1.0   62.131   49.338     95.8   1004.9
     2     1    20    10     7     1     0     1     1.0   62.203   49.301    474.6    959.2
     3     1    20    10     7     1     0     1     1.0   62.138   49.352    969.8    903.3
     1     1    20    10     7     2     0     2     2.0   62.192   49.079     93.6   1003.9
     2     1    20    10     7     2     0     2     2.0   62.343   49.005    453.3    958.8
     3     1    20    10     7     2     0     2     2.0   62.211   49.109    945.9    904.4
     1     1    20    10     7     3     0     3     3.0   62.267   48.813     92.7   1002.1
     2     1    20    10     7     3     0     3     3.0   62.505   48.701    433.7    958.6
     3     1    20    10     7     3     0     3     3.0   62.308   48.864    919.8    904.8
     1     1    20    10     7     4     0     2     4.0   62.356   48.531     92.0   1000.9
     2     1    20    10     7     4     0     2     4.0   62.691   48.381    416.4    960.3
     3     1    20    10     7     4     0     2     4.0   62.434   48.603    888.7    906.9
     1     1    20    10     7     5     0     1     5.0   62.456   48.229     88.8   1000.9
     2     1    20    10     7     5     0     1     5.0   62.908   48.043    398.5    963.4
     3     1    20    10     7     5     0     1     5.0   62.600   48.313    857.8    909.9
     1     1    20    10     7     6     0     0     6.0   62.572   47.910     80.7   1002.3
     2     1    20    10     7     6     0     0     6.0   63.151   47.686    375.1    967.2
     3     1    20    10     7     6     0     0     6.0   62.810   48.013    826.6    913.6
     1     1    20    10     7     7     0     1     7.0   62.700   47.589     69.7   1003.7
     2     1    20    10     7     7     0     1     7.0   63.404   47.310    349.4    971.6
     3     1    20    10     7     7     0     1     7.0   63.069   47.719    788.4    917.6
     1     1    20    10     7     8     0     2     8.0   62.840   47.270     57.2   1004.4
     2     1    20    10     7     8     0     2     8.0   63.662   46.920    324.7    976.5
     3     1    20    10     7     8     0     2     8.0   63.369   47.425    741.8    924.0
     1     1    20    10     7     9     0     3     9.0   62.991   46.951     42.0   1005.9
     2     1    20    10     7     9     0     3     9.0   63.929   46.533    290.3    977.8
     3     1    20    10     7     9     0     3     9.0   63.702   47.107    696.7    933.4
     1     1    20    10     7    10     0     2    10.0   63.147   46.667     31.4   1008.0
     2     1    20    10     7    10     0     2    10.0   64.201   46.184    242.4    982.4
     3     1    20    10     7    10     0     2    10.0   64.057   46.793    661.9    938.2
     1     1    20    10     7    11     0     1    11.0   63.309   46.439     25.9   1007.5
     2     1    20    10     7    11     0     1    11.0   64.475   45.887    203.5    990.9
     3     1    20    10     7    11     0     1    11.0   64.426   46.528    629.8    938.9
     1     1    20    10     7    12     0     0    12.0   63.475   46.254     19.8   1007.4
     2     1    20    10     7    12     0     0    12.0   64.749   45.631    185.3    994.6
     3     1    20    10     7    12     0     0    12.0   64.797   46.297    607.6    943.3
     1     1    20    10     7    13     0     1    13.0   63.639   46.093     13.0   1007.2
     2     1    20    10     7    13     0     1    13.0   65.034   45.372    182.3    994.5
     3     1    20    10     7    13     0     1    13.0   65.190   46.109    596.0    944.3
     1     1    20    10     7    14     0     2    14.0   63.802   45.929      6.5   1006.3
     2     1    20    10     7    14     0     2    14.0   65.345   45.064    184.7    992.6
     3     1    20    10     7    14     0     2    14.0   65.624   45.996    563.9    945.9
     1     1    20    10     7    15     0     3    15.0   63.970   45.752      0.0   1006.1
     2     1    20    10     7    15     0     3    15.0   65.685   44.702    184.9    994.1
     3     1    20    10     7    15     0     3    15.0   66.087   45.950    501.6    953.5
     1     1    20    10     7    16     0     2    16.0   64.145   45.569      0.0   1008.7
     2     1    20    10     7    16     0     2    16.0   66.045   44.329    171.3    997.9
     3     1    20    10     7    16     0     2    16.0   66.558   45.911    443.5    968.4
     1     1    20    10     7    17     0     1    17.0   64.321   45.398      0.0   1010.9
     2     1    20    10     7    17     0     1    17.0   66.408   44.017    155.1   1003.6
     3     1    20    10     7    17     0     1    17.0   67.036   45.895    417.1    975.0
     1     1    20    10     7    18     0     0    18.0   64.500   45.240      0.0   1012.4
     2     1    20    10     7    18     0     0    18.0   66.787   43.773    153.0   1004.0
     3     1    20    10     7    18     0     0    18.0   67.518   45.934    397.8    965.2
     1     1    20    10     7    19     0     1    19.0   64.678   45.105      0.0   1012.5
     2     1    20    10     7    19     0     1    19.0   67.183   43.590    164.5   1000.9
     3     1    20    10     7    19     0     1    19.0   67.985   46.021    344.8    960.5
     1     1    20    10     7    20     0     2    20.0   64.853   45.003      0.0   1011.8
     2     1    20    10     7    20     0     2    20.0   67.573   43.451    177.4    997.9
     3     1    20    10     7    20     0     2    20.0   68.407   46.145    297.1    978.2
     1     1    20    10     7    21     0     3    21.0   65.025   44.938      0.0   1011.3
     2     1    20    10     7    21     0     3    21.0   67.946   43.344    184.8    995.8
     3     1    20    10     7    21     0     3    21.0   68.785   46.298    273.7    985.7
     1     1    20    10     7    22     0     2    22.0   65.196   44.898      0.5   1012.0
     2     1    20    10     7    22     0     2    22.0   68.304   43.247    192.3    995.5
     3     1    20    10     7    22     0     2    22.0   69.126   46.438    265.4    988.8
     1     1    20    10     7    23     0     1    23.0   65.367   44.869      2.0   1012.2
     2     1    20    10     7    23     0     1    23.0   68.649   43.131    209.3    993.8
     3     1    20    10     7    23     0     1    23.0   69.435   46.535    261.4    988.2
     1     1    20    10     8     0     0     0    24.0   65.538   44.853      4.1   1012.0
     2     1    20    10     8     0     0     0    24.0   68.988   42.977    246.4    989.5
     3     1    20    10     8     0     0     0    24.0   69.711   46.619    254.0    988.9
