     5     1
    GDAS    20    12     1     0     0
    GDAS    20    12     8     0     0
    GDAS    20    12    15     0     0
    GDAS    20    12    22     0     0
    GDAS    20    12    29     0     0
     3 FORWARD  OMEGA   
    20    12    12     0   62.085   49.588   100.0
    20    12    12     0   62.085   49.588   500.0
    20    12    12     0   62.085   49.588  1000.0
     1 PRESSURE
     1     1    20    12    12     0     0     0     0.0   62.085   49.588    100.0   1004.0
     2     1    20    12    12     0     0     0     0.0   62.085   49.588    500.0    954.5
     3     1    20    12    12     0     0     0     0.0   62.085   49.588   1000.0    896.7
     1     1    20    12    12     1     0     1     1.0   62.191   49.896     95.4   1003.2
     2     1    20    12    12     1     0     1     1.0   62.152   50.423    522.9    948.2
     3     1    20    12    12     1     0     1     1.0   62.103   50.554   1046.1    887.0
     1     1    20    12    12     2     0     2     2.0   62.292   50.190     88.9   1002.0
     2     1    20    12    12     2     0     2     2.0   62.190   51.253    537.8    942.3
     3     1    20    12    12     2     0     2     2.0   62.116   51.546   1076.9    880.7
     1     1    20    12    12     3     0     3     3.0   62.393   50.486     82.1   1000.8
     2     1    20    12    12     3     0     3     3.0   62.202   52.063    541.2    941.5
     3     1    20    12    12     3     0     3     3.0   62.106   52.534   1110.5    875.8
     1     1    20    12    12     4     0     2     4.0   62.495   50.781     77.6   1000.2
     2     1    20    12    12     4     0     2     4.0   62.199   52.858    551.7    939.2
     3     1    20    12    12     4     0     2     4.0   62.072   53.551   1130.7    870.3
     1     1    20    12    12     5     0     1     5.0   62.596   51.073     76.3    999.4
     2     1    20    12    12     5     0     1     5.0   62.177   53.646    562.0    934.3
     3     1    20    12    12     5     0     1     5.0   62.032   54.625   1151.2    868.7
     1     1    20    12    12     6     0     0     6.0   62.692   51.356     74.1    999.5
     2     1    20    12    12     6     0     0     6.0   62.124   54.399    558.2    935.3
     3     1    20    12    12     6     0     0     6.0   61.969   55.699   1138.2    872.3
     1     1    20    12    12     7     0     1     7.0   62.783   51.631     70.5    999.7
     2     1    20    12    12     7     0     1     7.0   62.078   55.111    569.1    938.2
     3     1    20    12    12     7     0     1     7.0   61.882   56.762   1132.3    873.7
     1     1    20    12    12     8     0     2     8.0   62.866   51.900     67.3    999.8
     2     1    20    12    12     8     0     2     8.0   62.056   55.821    604.9    934.2
     3     1    20    12    12     8     0     2     8.0   61.789   57.870   1181.1    860.5
     1     1    20    12    12     9     0     3     9.0   62.941   52.161     65.7    998.7
     2     1    20    12    12     9     0     3     9.0   62.051   56.538    661.1    927.3
     3     1    20    12    12     9     0     3     9.0   61.646   59.133   1070.2    844.1
     1     1    20    12    12    10     0     2    10.0   63.010   52.412     65.6    997.0
     2     1    20    12    12    10     0     2    10.0   62.044   57.269    727.8    917.1
     3     1    20    12    12    10     0     2    10.0   61.397   60.453   1064.5    873.6
     1     1    20    12    12    11     0     1    11.0   63.072   52.655     63.8    995.9
     2     1    20    12    12    11     0     1    11.0   62.011   58.061    815.8    899.6
     3     1    20    12    12    11     0     1    11.0   61.070   61.527   1161.1    873.4
     1     1    20    12    12    12     0     0    12.0   63.128   52.891     60.2    995.4
     2     1    20    12    12    12     0     0    12.0   61.926   59.024    843.3    873.0
     3     1    20    12    12    12     0     0    12.0   60.743   62.439   1254.1    865.4
     1     1    20    12    12    13     0     1    13.0   63.176   53.123     55.3    996.2
     2     1    20    12    12    13     0     1    13.0   61.717   60.126    793.7    896.7
     3     1    20    12    12    13     0     1    13.0   60.480   63.259   1267.5    864.2
     1     1    20    12    12    14     0     2    14.0   63.217   53.346     48.4    998.0
     2     1    20    12    12    14     0     2    14.0   61.409   61.076    781.9    915.6
     3     1    20    12    12    14     0     2    14.0   60.265   64.070   1241.3    866.8
     1     1    20    12    12    15     0     3    15.0   63.253   53.557     40.5    999.6
     2     1    20    12    12    15     0     3    15.0   61.087   61.764    847.3    909.2
     3     1    20    12    12    15     0     3    15.0   60.074   64.929   1211.3    869.7
     1     1    20    12    12    16     0     2    16.0   63.290   53.753     32.3   1001.8
     2     1    20    12    12    16     0     2    16.0   60.782   62.306    898.2    904.2
     3     1    20    12    12    16     0     2    16.0   59.877   65.847   1208.7    877.5
     1     1    20    12    12    17     0     1    17.0   63.333   53.931     24.8   1004.2
     2     1    20    12    12    17     0     1    17.0   60.520   62.791    884.7    906.6
     3     1    20    12    12    17     0     1    17.0   59.646   66.728   1234.0    876.0
     1     1    20    12    12    18     0     0    18.0   63.379   54.086     18.9   1005.9
     2     1    20    12    12    18     0     0    18.0   60.302   63.248    849.2    911.3
     3     1    20    12    12    18     0     0    18.0   59.404   67.552   1282.8    871.7
     1     1    20    12    12    19     0     1    19.0   63.425   54.222     15.2   1005.5
     2     1    20    12    12    19     0     1    19.0   60.103   63.731    833.3    913.3
     3     1    20    12    12    19     0     1    19.0   59.168   68.321   1344.2    863.4
     1     1    20    12    12    20     0     2    20.0   63.472   54.341     12.8   1005.0
     2     1    20    12    12    20     0     2    20.0   59.911   64.249    850.3    910.9
     3     1    20    12    12    20     0     2    20.0   58.923   69.061   1358.4    860.2
     1     1    20    12    12    21     0     3    21.0   63.521   54.448     11.2   1004.5
     2     1    20    12    12    21     0     3    21.0   59.716   64.766    875.7    907.7
     3     1    20    12    12    21     0     3    21.0   58.664   69.784   1352.4    855.5
     1     1    20    12    12    22     0     2    22.0   63.573   54.542     10.1   1004.6
     2     1    20    12    12    22     0     2    22.0   59.510   65.267    895.1    906.6
     3     1    20    12    12    22     0     2    22.0   58.405   70.477   1357.6    852.4
     1     1    20    12    12    23     0     1    23.0   63.632   54.621      9.4   1004.5
     2     1    20    12    12    23     0     1    23.0   59.287   65.755    907.7    907.1
     3     1    20    12    12    23     0     1    23.0   58.153   71.103   1360.2    851.9
     1     1    20    12    13     0     0     0    24.0   63.698   54.685      8.9   1004.5
     2     1    20    12    13     0     0     0    24.0   59.053   66.232    927.4    906.6
     3     1    20    12    13     0     0     0    24.0   57.902   71.666   1362.5    852.1
