     5     1
    GDAS    20    10    29     0     0
    GDAS    20    11     1     0     0
    GDAS    20    11     8     0     0
    GDAS    20    11    15     0     0
    GDAS    20    11    22     0     0
     3 FORWARD  OMEGA   
    20    11     1     0   62.085   49.588   100.0
    20    11     1     0   62.085   49.588   500.0
    20    11     1     0   62.085   49.588  1000.0
     1 PRESSURE
     1     1    20    11     1     0     0     0     0.0   62.085   49.588    100.0   1002.5
     2     1    20    11     1     0     0     0     0.0   62.085   49.588    500.0    953.9
     3     1    20    11     1     0     0     0     0.0   62.085   49.588   1000.0    895.6
     1     1    20    11     1     1     0     1     1.0   61.995   49.799    100.9   1003.3
     2     1    20    11     1     1     0     1     1.0   61.900   49.753    504.4    953.4
     3     1    20    11     1     1     0     1     1.0   61.895   49.697    976.7    897.9
     1     1    20    11     1     2     0     2     2.0   61.901   50.009    100.9   1002.5
     2     1    20    11     1     2     0     2     2.0   61.717   49.911    502.2    952.2
     3     1    20    11     1     2     0     2     2.0   61.709   49.800    943.9    900.9
     1     1    20    11     1     3     0     3     3.0   61.803   50.222    100.5   1000.9
     2     1    20    11     1     3     0     3     3.0   61.538   50.068    496.9    951.8
     3     1    20    11     1     3     0     3     3.0   61.527   49.907    910.2    904.3
     1     1    20    11     1     4     0     2     4.0   61.709   50.431    100.6    999.6
     2     1    20    11     1     4     0     2     4.0   61.371   50.216    493.5    951.1
     3     1    20    11     1     4     0     2     4.0   61.360   50.009    888.2    906.5
     1     1    20    11     1     5     0     1     5.0   61.634   50.627    101.2    998.7
     2     1    20    11     1     5     0     1     5.0   61.229   50.348    492.1    950.5
     3     1    20    11     1     5     0     1     5.0   61.216   50.087    878.7    906.2
     1     1    20    11     1     6     0     0     6.0   61.580   50.808    101.5    998.2
     2     1    20    11     1     6     0     0     6.0   61.111   50.463    491.9    950.2
     3     1    20    11     1     6     0     0     6.0   61.093   50.134    873.9    905.9
     1     1    20    11     1     7     0     1     7.0   61.539   50.987    101.4    997.7
     2     1    20    11     1     7     0     1     7.0   61.009   50.581    490.3    949.9
     3     1    20    11     1     7     0     1     7.0   60.991   50.173    866.0    905.8
     1     1    20    11     1     8     0     2     8.0   61.506   51.173    101.5    997.7
     2     1    20    11     1     8     0     2     8.0   60.920   50.717    486.9    950.1
     3     1    20    11     1     8     0     2     8.0   60.910   50.235    852.1    907.2
     1     1    20    11     1     9     0     3     9.0   61.481   51.357    101.9    997.7
     2     1    20    11     1     9     0     3     9.0   60.844   50.867    485.9    950.0
     3     1    20    11     1     9     0     3     9.0   60.850   50.325    838.3    908.8
     1     1    20    11     1    10     0     2    10.0   61.467   51.546    102.3    997.7
     2     1    20    11     1    10     0     2    10.0   60.786   51.028    485.0    949.2
     3     1    20    11     1    10     0     2    10.0   60.809   50.438    820.0    909.7
     1     1    20    11     1    11     0     1    11.0   61.465   51.750    101.9    997.7
     2     1    20    11     1    11     0     1    11.0   60.747   51.204    476.7    949.7
     3     1    20    11     1    11     0     1    11.0   60.787   50.569    788.8    913.1
     1     1    20    11     1    12     0     0    12.0   61.471   51.976    100.2    998.0
     2     1    20    11     1    12     0     0    12.0   60.723   51.402    457.0    951.9
     3     1    20    11     1    12     0     0    12.0   60.784   50.729    745.8    918.3
     1     1    20    11     1    13     0     1    13.0   61.482   52.216     98.7    997.3
     2     1    20    11     1    13     0     1    13.0   60.705   51.600    430.4    955.6
     3     1    20    11     1    13     0     1    13.0   60.797   50.903    701.2    924.5
     1     1    20    11     1    14     0     2    14.0   61.492   52.460     99.8    996.1
     2     1    20    11     1    14     0     2    14.0   60.690   51.776    404.4    958.9
     3     1    20    11     1    14     0     2    14.0   60.818   51.063    659.2    929.1
     1     1    20    11     1    15     0     3    15.0   61.497   52.709    104.5    994.4
     2     1    20    11     1    15     0     3    15.0   60.678   51.940    382.5    961.6
     3     1    20    11     1    15     0     3    15.0   60.846   51.209    618.7    934.2
     1     1    20    11     1    16     0     2    16.0   61.504   52.968    113.0    992.1
     2     1    20    11     1    16     0     2    16.0   60.678   52.122    372.5    963.2
     3     1    20    11     1    16     0     2    16.0   60.884   51.383    593.4    938.7
     1     1    20    11     1    17     0     1    17.0   61.521   53.234    121.3    990.4
     2     1    20    11     1    17     0     1    17.0   60.703   52.344    384.5    961.7
     3     1    20    11     1    17     0     1    17.0   60.934   51.628    604.5    938.7
     1     1    20    11     1    18     0     0    18.0   61.551   53.500    124.7    989.5
     2     1    20    11     1    18     0     0    18.0   60.753   52.583    428.5    956.0
     3     1    20    11     1    18     0     0    18.0   60.996   51.930    675.4    932.7
     1     1    20    11     1    19     0     1    19.0   61.588   53.784    120.0    989.2
     2     1    20    11     1    19     0     1    19.0   60.807   52.856    481.0    943.7
     3     1    20    11     1    19     0     1    19.0   61.059   52.270    768.1    912.4
     1     1    20    11     1    20     0     2    20.0   61.629   54.101    107.2    990.9
     2     1    20    11     1    20     0     2    20.0   60.847   53.193    500.0    940.8
     3     1    20    11     1    20     0     2    20.0   61.108   52.652    800.7    904.4
     1     1    20    11     1    21     0     3    21.0   61.682   54.439     97.9    994.5
     2     1    20    11     1    21     0     3    21.0   60.877   53.609    501.7    944.9
     3     1    20    11     1    21     0     3    21.0   61.149   53.101    763.3    907.2
     1     1    20    11     1    22     0     2    22.0   61.745   54.785     97.2    995.9
     2     1    20    11     1    22     0     2    22.0   60.897   54.068    520.8    946.3
     3     1    20    11     1    22     0     2    22.0   61.172   53.596    731.3    920.6
     1     1    20    11     1    23     0     1    23.0   61.807   55.127     99.3    995.7
     2     1    20    11     1    23     0     1    23.0   60.902   54.519    544.7    941.2
     3     1    20    11     1    23     0     1    23.0   61.171   54.092    743.8    919.0
     1     1    20    11     2     0     0     0    24.0   61.860   55.464     98.4    994.9
     2     1    20    11     2     0     0     0    24.0   60.890   54.959    552.1    940.5
     3     1    20    11     2     0     0     0    24.0   61.151   54.581    766.0    914.7
