     5     1
    GDAS    20    10     8     0     0
    GDAS    20    10    15     0     0
    GDAS    20    10    22     0     0
    GDAS    20    10    29     0     0
    GDAS    20    11     1     0     0
     3 FORWARD  OMEGA   
    20    10    15     0   62.085   49.588   100.0
    20    10    15     0   62.085   49.588   500.0
    20    10    15     0   62.085   49.588  1000.0
     1 PRESSURE
     1     1    20    10    15     0     0     0     0.0   62.085   49.588    100.0    998.5
     2     1    20    10    15     0     0     0     0.0   62.085   49.588    500.0    950.0
     3     1    20    10    15     0     0     0     0.0   62.085   49.588   1000.0    892.0
     1     1    20    10    15     1     0     1     1.0   62.123   49.514     95.9    997.9
     2     1    20    10    15     1     0     1     1.0   62.163   49.501    503.2    947.6
     3     1    20    10    15     1     0     1     1.0   62.123   49.559    997.6    890.8
     1     1    20    10    15     2     0     2     2.0   62.167   49.448     90.3    997.5
     2     1    20    10    15     2     0     2     2.0   62.251   49.452    502.0    946.0
     3     1    20    10    15     2     0     2     2.0   62.175   49.545    990.0    890.5
     1     1    20    10    15     3     0     3     3.0   62.218   49.388     83.5    997.2
     2     1    20    10    15     3     0     3     3.0   62.348   49.442    498.0    944.6
     3     1    20    10    15     3     0     3     3.0   62.240   49.547    977.8    890.5
     1     1    20    10    15     4     0     2     4.0   62.279   49.326     76.4    997.3
     2     1    20    10    15     4     0     2     4.0   62.462   49.448    492.3    943.7
     3     1    20    10    15     4     0     2     4.0   62.331   49.558    968.4    891.3
     1     1    20    10    15     5     0     1     5.0   62.356   49.259     69.8    996.6
     2     1    20    10    15     5     0     1     5.0   62.605   49.457    484.4    942.6
     3     1    20    10    15     5     0     1     5.0   62.457   49.582    968.0    889.6
     1     1    20    10    15     6     0     0     6.0   62.447   49.189     64.1    995.6
     2     1    20    10    15     6     0     0     6.0   62.776   49.478    471.2    941.8
     3     1    20    10    15     6     0     0     6.0   62.616   49.628    972.8    887.0
     1     1    20    10    15     7     0     1     7.0   62.547   49.114     58.5    993.4
     2     1    20    10    15     7     0     1     7.0   62.959   49.508    447.0    941.5
     3     1    20    10    15     7     0     1     7.0   62.796   49.707    965.5    884.0
     1     1    20    10    15     8     0     2     8.0   62.647   49.029     51.5    991.2
     2     1    20    10    15     8     0     2     8.0   63.139   49.525    413.8    945.0
     3     1    20    10    15     8     0     2     8.0   62.983   49.813    928.4    886.2
     1     1    20    10    15     9     0     3     9.0   62.746   48.930     43.4    989.6
     2     1    20    10    15     9     0     3     9.0   63.318   49.520    379.4    948.8
     3     1    20    10    15     9     0     3     9.0   63.180   49.934    871.8    892.7
     1     1    20    10    15    10     0     2    10.0   62.842   48.816     36.0    988.7
     2     1    20    10    15    10     0     2    10.0   63.504   49.494    349.9    951.2
     3     1    20    10    15    10     0     2    10.0   63.382   50.050    823.5    897.4
     1     1    20    10    15    11     0     1    11.0   62.937   48.688     30.4    987.7
     2     1    20    10    15    11     0     1    11.0   63.704   49.455    327.3    952.7
     3     1    20    10    15    11     0     1    11.0   63.587   50.153    794.0    898.0
     1     1    20    10    15    12     0     0    12.0   63.032   48.548     25.9    987.3
     2     1    20    10    15    12     0     0    12.0   63.920   49.405    309.1    954.1
     3     1    20    10    15    12     0     0    12.0   63.799   50.253    778.2    897.2
     1     1    20    10    15    13     0     1    13.0   63.125   48.399     21.7    987.2
     2     1    20    10    15    13     0     1    13.0   64.144   49.360    292.5    954.2
     3     1    20    10    15    13     0     1    13.0   64.009   50.359    773.0    894.9
     1     1    20    10    15    14     0     2    14.0   63.209   48.244     17.8    987.0
     2     1    20    10    15    14     0     2    14.0   64.364   49.338    276.9    953.6
     3     1    20    10    15    14     0     2    14.0   64.208   50.482    772.3    893.6
     1     1    20    10    15    15     0     3    15.0   63.280   48.084     14.5    986.7
     2     1    20    10    15    15     0     3    15.0   64.580   49.352    263.2    952.8
     3     1    20    10    15    15     0     3    15.0   64.394   50.633    771.8    893.6
     1     1    20    10    15    16     0     2    16.0   63.333   47.929     12.1    986.9
     2     1    20    10    15    16     0     2    16.0   64.781   49.410    253.4    952.2
     3     1    20    10    15    16     0     2    16.0   64.556   50.794    771.9    893.8
     1     1    20    10    15    17     0     1    17.0   63.365   47.784     10.6    986.5
     2     1    20    10    15    17     0     1    17.0   64.960   49.519    248.3    951.0
     3     1    20    10    15    17     0     1    17.0   64.687   50.939    767.5    894.5
     1     1    20    10    15    18     0     0    18.0   63.379   47.647      9.5    985.8
     2     1    20    10    15    18     0     0    18.0   65.117   49.670    246.3    951.0
     3     1    20    10    15    18     0     0    18.0   64.788   51.064    754.8    896.4
     1     1    20    10    15    19     0     1    19.0   63.373   47.526      8.6    985.1
     2     1    20    10    15    19     0     1    19.0   65.241   49.834    247.0    951.0
     3     1    20    10    15    19     0     1    19.0   64.857   51.162    749.4    899.0
     1     1    20    10    15    20     0     2    20.0   63.347   47.432      8.0    984.5
     2     1    20    10    15    20     0     2    20.0   65.322   49.987    251.4    950.1
     3     1    20    10    15    20     0     2    20.0   64.891   51.212    768.1    896.4
     1     1    20    10    15    21     0     3    21.0   63.300   47.367      7.8    983.8
     2     1    20    10    15    21     0     3    21.0   65.363   50.120    257.4    948.9
     3     1    20    10    15    21     0     3    21.0   64.888   51.201    812.8    890.2
     1     1    20    10    15    22     0     2    22.0   63.240   47.331      7.9    983.1
     2     1    20    10    15    22     0     2    22.0   65.377   50.230    260.3    948.0
     3     1    20    10    15    22     0     2    22.0   64.856   51.152    859.2    880.8
     1     1    20    10    15    23     0     1    23.0   63.175   47.327      8.2    982.4
     2     1    20    10    15    23     0     1    23.0   65.380   50.325    257.2    948.1
     3     1    20    10    15    23     0     1    23.0   64.799   51.094    875.9    877.0
     1     1    20    10    16     0     0     0    24.0   63.103   47.354      8.8    981.7
     2     1    20    10    16     0     0     0    24.0   65.368   50.406    248.9    948.7
     3     1    20    10    16     0     0     0    24.0   64.712   51.027    859.0    876.8
