     5     1
    GDAS    20    11    29     0     0
    GDAS    20    12     1     0     0
    GDAS    20    12     8     0     0
    GDAS    20    12    15     0     0
    GDAS    20    12    22     0     0
     3 FORWARD  OMEGA   
    20    12     2     0   62.085   49.588   100.0
    20    12     2     0   62.085   49.588   500.0
    20    12     2     0   62.085   49.588  1000.0
     1 PRESSURE
     1     1    20    12     2     0     0     0     0.0   62.085   49.588    100.0   1006.9
     2     1    20    12     2     0     0     0     0.0   62.085   49.588    500.0    957.2
     3     1    20    12     2     0     0     0     0.0   62.085   49.588   1000.0    897.8
     1     1    20    12     2     1     0     1     1.0   62.259   49.882     89.3   1006.8
     2     1    20    12     2     1     0     1     1.0   62.317   50.273    503.2    953.8
     3     1    20    12     2     1     0     1     1.0   62.203   50.441   1004.0    894.1
     1     1    20    12     2     2     0     2     2.0   62.428   50.175     80.3   1006.3
     2     1    20    12     2     2     0     2     2.0   62.535   50.969    523.7    947.1
     3     1    20    12     2     2     0     2     2.0   62.320   51.275   1012.3    889.4
     1     1    20    12     2     3     0     3     3.0   62.599   50.470     75.8   1004.9
     2     1    20    12     2     3     0     3     3.0   62.745   51.671    554.1    942.4
     3     1    20    12     2     3     0     3     3.0   62.440   52.107   1021.8    887.6
     1     1    20    12     2     4     0     2     4.0   62.778   50.771     76.3   1003.7
     2     1    20    12     2     4     0     2     4.0   62.945   52.421    561.4    937.3
     3     1    20    12     2     4     0     2     4.0   62.562   52.958    996.9    886.1
     1     1    20    12     2     5     0     1     5.0   62.973   51.085     80.9   1002.2
     2     1    20    12     2     5     0     1     5.0   63.145   53.246    500.3    943.5
     3     1    20    12     2     5     0     1     5.0   62.681   53.826    954.5    894.2
     1     1    20    12     2     6     0     0     6.0   63.177   51.412     82.1   1000.1
     2     1    20    12     2     6     0     0     6.0   63.362   54.069    454.3    954.6
     3     1    20    12     2     6     0     0     6.0   62.792   54.696    941.3    893.4
     1     1    20    12     2     7     0     1     7.0   63.375   51.757     87.7    997.4
     2     1    20    12     2     7     0     1     7.0   63.579   54.870    421.9    954.8
     3     1    20    12     2     7     0     1     7.0   62.886   55.553    949.2    895.1
     1     1    20    12     2     8     0     2     8.0   63.570   52.133    107.6    992.2
     2     1    20    12     2     8     0     2     8.0   63.800   55.628    388.8    962.0
     3     1    20    12     2     8     0     2     8.0   62.960   56.385   1017.9    888.4
     1     1    20    12     2     9     0     3     9.0   63.767   52.568    112.2    991.0
     2     1    20    12     2     9     0     3     9.0   64.016   56.337    375.5    966.5
     3     1    20    12     2     9     0     3     9.0   63.031   57.215   1080.4    877.2
     1     1    20    12     2    10     0     2    10.0   63.945   53.012     72.2    999.7
     2     1    20    12     2    10     0     2    10.0   64.241   56.982    378.6    971.2
     3     1    20    12     2    10     0     2    10.0   63.094   58.121   1081.9    863.2
     1     1    20    12     2    11     0     1    11.0   64.091   53.373     35.7   1006.1
     2     1    20    12     2    11     0     1    11.0   64.485   57.604    413.3    962.3
     3     1    20    12     2    11     0     1    11.0   63.126   59.200    955.8    865.0
     1     1    20    12     2    12     0     0    12.0   64.221   53.685     23.7   1009.6
     2     1    20    12     2    12     0     0    12.0   64.737   58.206    492.5    944.4
     3     1    20    12     2    12     0     0    12.0   63.089   60.334    794.2    916.1
     1     1    20    12     2    13     0     1    13.0   64.345   53.973     20.4   1012.1
     2     1    20    12     2    13     0     1    13.0   64.987   58.754    491.9    923.1
     3     1    20    12     2    13     0     1    13.0   62.999   61.354    704.0    932.4
     1     1    20    12     2    14     0     2    14.0   64.468   54.247     19.6   1011.7
     2     1    20    12     2    14     0     2    14.0   65.250   59.216    329.0    933.1
     3     1    20    12     2    14     0     2    14.0   62.898   62.281    640.1    943.6
     1     1    20    12     2    15     0     3    15.0   64.586   54.516     17.7   1011.3
     2     1    20    12     2    15     0     3    15.0   65.459   59.744    183.1    943.7
     3     1    20    12     2    15     0     3    15.0   62.804   63.166    602.9    951.9
     1     1    20    12     2    16     0     2    16.0   64.700   54.781     15.2   1010.5
     2     1    20    12     2    16     0     2    16.0   65.622   60.355    106.8    965.0
     3     1    20    12     2    16     0     2    16.0   62.711   64.012    599.1    953.2
     1     1    20    12     2    17     0     1    17.0   64.812   55.035     11.6   1010.1
     2     1    20    12     2    17     0     1    17.0   65.741   60.976     67.9    982.5
     3     1    20    12     2    17     0     1    17.0   62.628   64.821    626.2    948.7
     1     1    20    12     2    18     0     0    18.0   64.924   55.266      8.4   1011.7
     2     1    20    12     2    18     0     0    18.0   65.831   61.554     47.2    993.8
     3     1    20    12     2    18     0     0    18.0   62.562   65.609    638.3    942.2
     1     1    20    12     2    19     0     1    19.0   65.035   55.482      5.8   1012.8
     2     1    20    12     2    19     0     1    19.0   65.921   62.065     42.9    994.6
     3     1    20    12     2    19     0     1    19.0   62.510   66.379    626.2    944.4
     1     1    20    12     2    20     0     2    20.0   65.139   55.689      4.2   1013.8
     2     1    20    12     2    20     0     2    20.0   65.977   62.545     33.9    978.8
     3     1    20    12     2    20     0     2    20.0   62.459   67.099    639.4    945.4
     1     1    20    12     2    21     0     3    21.0   65.240   55.891      3.5   1014.7
     2     1    20    12     2    21     0     3    21.0   65.972   62.951     16.1    968.1
     3     1    20    12     2    21     0     3    21.0   62.420   67.805    652.6    938.3
     1     1    20    12     2    22     0     2    22.0   65.336   56.095      3.2   1015.4
     2     1    20    12     2    22     0     2    22.0   65.962   63.298      3.7    982.8
     3     1    20    12     2    22     0     2    22.0   62.386   68.517    649.4    937.4
     1     1    20    12     2    23     0     1    23.0   65.428   56.310      2.8   1016.0
     2     1    20    12     2    23     0     1    23.0   65.983   63.629      0.0    998.3
     3     1    20    12     2    23     0     1    23.0   62.344   69.219    628.1    940.6
     1     1    20    12     3     0     0     0    24.0   65.517   56.536      2.6   1016.6
     2     1    20    12     3     0     0     0    24.0   66.042   63.934      0.0   1012.8
     3     1    20    12     3     0     0     0    24.0   62.288   69.895    596.7    945.2
