     5     1
    GDAS    20    11    15     0     0
    GDAS    20    11    22     0     0
    GDAS    20    11    29     0     0
    GDAS    20    12     1     0     0
    GDAS    20    12     8     0     0
     3 FORWARD  OMEGA   
    20    11    28     0   62.085   49.588   100.0
    20    11    28     0   62.085   49.588   500.0
    20    11    28     0   62.085   49.588  1000.0
     1 PRESSURE
     1     1    20    11    28     0     0     0     0.0   62.085   49.588    100.0   1006.0
     2     1    20    11    28     0     0     0     0.0   62.085   49.588    500.0    956.9
     3     1    20    11    28     0     0     0     0.0   62.085   49.588   1000.0    897.3
     1     1    20    11    28     1     0     1     1.0   62.165   49.372     99.9   1005.6
     2     1    20    11    28     1     0     1     1.0   62.266   49.390    500.6    954.8
     3     1    20    11    28     1     0     1     1.0   62.258   49.396    988.1    897.5
     1     1    20    11    28     2     0     2     2.0   62.252   49.151     99.3   1004.9
     2     1    20    11    28     2     0     2     2.0   62.447   49.192    500.2    951.9
     3     1    20    11    28     2     0     2     2.0   62.426   49.216    982.1    895.5
     1     1    20    11    28     3     0     3     3.0   62.346   48.923     97.5   1003.7
     2     1    20    11    28     3     0     3     3.0   62.624   49.003    493.1    949.3
     3     1    20    11    28     3     0     3     3.0   62.584   49.054    973.2    893.6
     1     1    20    11    28     4     0     2     4.0   62.450   48.691     94.5   1002.9
     2     1    20    11    28     4     0     2     4.0   62.805   48.827    479.0    949.9
     3     1    20    11    28     4     0     2     4.0   62.739   48.904    958.3    893.9
     1     1    20    11    28     5     0     1     5.0   62.565   48.463     90.3   1003.0
     2     1    20    11    28     5     0     1     5.0   62.999   48.662    460.4    951.6
     3     1    20    11    28     5     0     1     5.0   62.895   48.761    939.3    895.7
     1     1    20    11    28     6     0     0     6.0   62.686   48.247     83.7   1004.4
     2     1    20    11    28     6     0     0     6.0   63.207   48.516    439.9    957.0
     3     1    20    11    28     6     0     0     6.0   63.053   48.625    918.2    898.8
     1     1    20    11    28     7     0     1     7.0   62.799   48.058     75.6   1007.1
     2     1    20    11    28     7     0     1     7.0   63.426   48.415    421.6    961.6
     3     1    20    11    28     7     0     1     7.0   63.214   48.519    901.5    903.1
     1     1    20    11    28     8     0     2     8.0   62.893   47.905     69.4   1008.8
     2     1    20    11    28     8     0     2     8.0   63.651   48.385    404.5    964.9
     3     1    20    11    28     8     0     2     8.0   63.380   48.463    889.8    905.4
     1     1    20    11    28     9     0     3     9.0   62.970   47.784     66.1   1009.7
     2     1    20    11    28     9     0     3     9.0   63.881   48.427    381.5    968.8
     3     1    20    11    28     9     0     3     9.0   63.549   48.461    872.6    907.8
     1     1    20    11    28    10     0     2    10.0   63.044   47.673     63.2   1010.0
     2     1    20    11    28    10     0     2    10.0   64.105   48.530    354.4    972.8
     3     1    20    11    28    10     0     2    10.0   63.719   48.510    844.3    911.8
     1     1    20    11    28    11     0     1    11.0   63.125   47.557     58.6   1010.8
     2     1    20    11    28    11     0     1    11.0   64.315   48.680    331.2    974.7
     3     1    20    11    28    11     0     1    11.0   63.887   48.609    809.0    917.2
     1     1    20    11    28    12     0     0    12.0   63.213   47.435     53.3   1011.9
     2     1    20    11    28    12     0     0    12.0   64.513   48.887    314.2    974.9
     3     1    20    11    28    12     0     0    12.0   64.051   48.761    775.1    922.2
     1     1    20    11    28    13     0     1    13.0   63.304   47.316     48.4   1013.5
     2     1    20    11    28    13     0     1    13.0   64.707   49.158    300.2    974.1
     3     1    20    11    28    13     0     1    13.0   64.213   48.965    748.2    924.5
     1     1    20    11    28    14     0     2    14.0   63.399   47.208     44.1   1015.0
     2     1    20    11    28    14     0     2    14.0   64.901   49.507    284.6    974.3
     3     1    20    11    28    14     0     2    14.0   64.374   49.224    726.9    924.6
     1     1    20    11    28    15     0     3    15.0   63.496   47.112     40.0   1016.6
     2     1    20    11    28    15     0     3    15.0   65.092   49.937    265.9    977.1
     3     1    20    11    28    15     0     3    15.0   64.531   49.539    705.2    925.0
     1     1    20    11    28    16     0     2    16.0   63.592   47.031     36.6   1018.2
     2     1    20    11    28    16     0     2    16.0   65.274   50.421    245.9    984.1
     3     1    20    11    28    16     0     2    16.0   64.681   49.925    678.6    927.1
     1     1    20    11    28    17     0     1    17.0   63.687   46.968     34.6   1019.2
     2     1    20    11    28    17     0     1    17.0   65.444   50.923    223.3    990.4
     3     1    20    11    28    17     0     1    17.0   64.818   50.384    653.5    933.8
     1     1    20    11    28    18     0     0    18.0   63.782   46.921     33.5   1020.0
     2     1    20    11    28    18     0     0    18.0   65.606   51.437    198.0    998.4
     3     1    20    11    28    18     0     0    18.0   64.940   50.890    647.3    940.3
     1     1    20    11    28    19     0     1    19.0   63.879   46.886     33.0   1020.6
     2     1    20    11    28    19     0     1    19.0   65.763   51.938    169.9   1005.0
     3     1    20    11    28    19     0     1    19.0   65.054   51.434    657.0    942.2
     1     1    20    11    28    20     0     2    20.0   63.978   46.857     32.9   1021.0
     2     1    20    11    28    20     0     2    20.0   65.921   52.391    138.5   1009.0
     3     1    20    11    28    20     0     2    20.0   65.171   52.029    668.7    945.0
     1     1    20    11    28    21     0     3    21.0   64.081   46.836     33.4   1020.7
     2     1    20    11    28    21     0     3    21.0   66.079   52.784    108.8   1013.9
     3     1    20    11    28    21     0     3    21.0   65.297   52.670    681.6    943.4
     1     1    20    11    28    22     0     2    22.0   64.189   46.830     33.7   1020.5
     2     1    20    11    28    22     0     2    22.0   66.235   53.135     89.7   1018.5
     3     1    20    11    28    22     0     2    22.0   65.424   53.356    691.0    941.8
     1     1    20    11    28    23     0     1    23.0   64.299   46.844     33.8   1020.6
     2     1    20    11    28    23     0     1    23.0   66.389   53.497     83.9   1019.1
     3     1    20    11    28    23     0     1    23.0   65.533   54.094    696.6    941.6
     1     1    20    11    29     0     0     0    24.0   64.411   46.877     34.4   1020.7
     2     1    20    11    29     0     0     0    24.0   66.551   53.925     91.8   1016.8
     3     1    20    11    29     0     0     0    24.0   65.622   54.894    689.9    940.1
