     5     1
    GDAS    20    10    15     0     0
    GDAS    20    10    22     0     0
    GDAS    20    10    29     0     0
    GDAS    20    11     1     0     0
    GDAS    20    11     8     0     0
     3 FORWARD  OMEGA   
    20    10    26     0   62.085   49.588   100.0
    20    10    26     0   62.085   49.588   500.0
    20    10    26     0   62.085   49.588  1000.0
     1 PRESSURE
     1     1    20    10    26     0     0     0     0.0   62.085   49.588    100.0    983.9
     2     1    20    10    26     0     0     0     0.0   62.085   49.588    500.0    936.4
     3     1    20    10    26     0     0     0     0.0   62.085   49.588   1000.0    878.7
     1     1    20    10    26     1     0     1     1.0   61.958   49.665    107.3    985.1
     2     1    20    10    26     1     0     1     1.0   61.872   49.594    498.5    938.0
     3     1    20    10    26     1     0     1     1.0   61.869   49.591    967.8    883.4
     1     1    20    10    26     2     0     2     2.0   61.824   49.757    116.9    984.3
     2     1    20    10    26     2     0     2     2.0   61.651   49.615    502.6    936.2
     3     1    20    10    26     2     0     2     2.0   61.640   49.592    938.0    886.1
     1     1    20    10    26     3     0     3     3.0   61.679   49.867    125.7    983.0
     2     1    20    10    26     3     0     3     3.0   61.416   49.640    499.5    934.5
     3     1    20    10    26     3     0     3     3.0   61.390   49.583    907.9    887.9
     1     1    20    10    26     4     0     2     4.0   61.529   49.988    128.7    982.3
     2     1    20    10    26     4     0     2     4.0   61.172   49.667    479.1    936.1
     3     1    20    10    26     4     0     2     4.0   61.123   49.564    875.3    890.6
     1     1    20    10    26     5     0     1     5.0   61.381   50.111    128.5    982.5
     2     1    20    10    26     5     0     1     5.0   60.927   49.699    450.6    940.2
     3     1    20    10    26     5     0     1     5.0   60.852   49.541    842.4    893.9
     1     1    20    10    26     6     0     0     6.0   61.233   50.224    132.9    982.0
     2     1    20    10    26     6     0     0     6.0   60.679   49.738    431.2    943.3
     3     1    20    10    26     6     0     0     6.0   60.579   49.519    810.4    897.6
     1     1    20    10    26     7     0     1     7.0   61.080   50.328    140.8    980.0
     2     1    20    10    26     7     0     1     7.0   60.430   49.801    423.4    942.7
     3     1    20    10    26     7     0     1     7.0   60.304   49.526    784.7    900.7
     1     1    20    10    26     8     0     2     8.0   60.923   50.424    147.8    978.7
     2     1    20    10    26     8     0     2     8.0   60.188   49.889    424.2    941.2
     3     1    20    10    26     8     0     2     8.0   60.037   49.566    768.9    901.8
     1     1    20    10    26     9     0     3     9.0   60.759   50.509    155.1    977.4
     2     1    20    10    26     9     0     3     9.0   59.959   49.975    434.3    938.9
     3     1    20    10    26     9     0     3     9.0   59.783   49.611    758.9    903.6
     1     1    20    10    26    10     0     2    10.0   60.591   50.595    163.0    976.4
     2     1    20    10    26    10     0     2    10.0   59.734   50.062    443.1    939.0
     3     1    20    10    26    10     0     2    10.0   59.535   49.667    745.5    906.6
     1     1    20    10    26    11     0     1    11.0   60.417   50.696    170.3    975.4
     2     1    20    10    26    11     0     1    11.0   59.502   50.161    441.8    942.5
     3     1    20    10    26    11     0     1    11.0   59.281   49.745    726.0    911.5
     1     1    20    10    26    12     0     0    12.0   60.231   50.820    175.8    974.6
     2     1    20    10    26    12     0     0    12.0   59.258   50.261    435.8    946.8
     3     1    20    10    26    12     0     0    12.0   59.016   49.820    707.3    916.9
     1     1    20    10    26    13     0     1    13.0   60.027   50.958    179.4    973.3
     2     1    20    10    26    13     0     1    13.0   59.000   50.354    423.7    950.2
     3     1    20    10    26    13     0     1    13.0   58.737   49.893    678.4    917.5
     1     1    20    10    26    14     0     2    14.0   59.807   51.091    184.2    974.6
     2     1    20    10    26    14     0     2    14.0   58.723   50.448    402.6    952.4
     3     1    20    10    26    14     0     2    14.0   58.443   49.981    622.1    922.2
     1     1    20    10    26    15     0     3    15.0   59.575   51.209    193.0    975.4
     2     1    20    10    26    15     0     3    15.0   58.425   50.546    373.9    955.7
     3     1    20    10    26    15     0     3    15.0   58.133   50.074    540.4    930.6
     1     1    20    10    26    16     0     2    16.0   59.335   51.300    202.5    975.4
     2     1    20    10    26    16     0     2    16.0   58.112   50.625    341.4    959.9
     3     1    20    10    26    16     0     2    16.0   57.815   50.147    464.4    944.2
     1     1    20    10    26    17     0     1    17.0   59.100   51.358    206.9    976.1
     2     1    20    10    26    17     0     1    17.0   57.800   50.671    313.0    966.0
     3     1    20    10    26    17     0     1    17.0   57.497   50.188    415.5    954.3
     1     1    20    10    26    18     0     0    18.0   58.869   51.391    203.4    977.5
     2     1    20    10    26    18     0     0    18.0   57.496   50.692    293.6    971.8
     3     1    20    10    26    18     0     0    18.0   57.179   50.193    394.6    960.3
     1     1    20    10    26    19     0     1    19.0   58.638   51.425    199.4    979.0
     2     1    20    10    26    19     0     1    19.0   57.205   50.708    281.5    975.5
     3     1    20    10    26    19     0     1    19.0   56.861   50.174    384.3    960.6
     1     1    20    10    26    20     0     2    20.0   58.400   51.482    202.5    978.3
     2     1    20    10    26    20     0     2    20.0   56.927   50.737    270.9    978.0
     3     1    20    10    26    20     0     2    20.0   56.548   50.153    364.8    962.1
     1     1    20    10    26    21     0     3    21.0   58.158   51.559    212.8    976.2
     2     1    20    10    26    21     0     3    21.0   56.659   50.777    259.6    978.4
     3     1    20    10    26    21     0     3    21.0   56.242   50.134    339.4    965.4
     1     1    20    10    26    22     0     2    22.0   57.907   51.638    222.7    974.6
     2     1    20    10    26    22     0     2    22.0   56.387   50.822    249.1    979.0
     3     1    20    10    26    22     0     2    22.0   55.943   50.115    312.9    969.0
     1     1    20    10    26    23     0     1    23.0   57.652   51.711    224.6    976.5
     2     1    20    10    26    23     0     1    23.0   56.106   50.864    236.8    979.4
     3     1    20    10    26    23     0     1    23.0   55.655   50.103    286.0    973.3
     1     1    20    10    27     0     0     0    24.0   57.399   51.777    221.3    979.7
     2     1    20    10    27     0     0     0    24.0   55.824   50.898    222.4    981.7
     3     1    20    10    27     0     0     0    24.0   55.384   50.102    263.4    977.5
