     5     1
    GDAS    20    11     1     0     0
    GDAS    20    11     8     0     0
    GDAS    20    11    15     0     0
    GDAS    20    11    22     0     0
    GDAS    20    11    29     0     0
     3 FORWARD  OMEGA   
    20    11     8     0   62.085   49.588   100.0
    20    11     8     0   62.085   49.588   500.0
    20    11     8     0   62.085   49.588  1000.0
     1 PRESSURE
     1     1    20    11     8     0     0     0     0.0   62.085   49.588    100.0    964.9
     2     1    20    11     8     0     0     0     0.0   62.085   49.588    500.0    917.6
     3     1    20    11     8     0     0     0     0.0   62.085   49.588   1000.0    861.6
     1     1    20    11     8     1     0     1     1.0   62.235   49.921     90.2    963.3
     2     1    20    11     8     1     0     1     1.0   62.321   50.280    516.1    912.9
     3     1    20    11     8     1     0     1     1.0   62.259   50.509   1083.2    848.6
     1     1    20    11     8     2     0     2     2.0   62.369   50.262     93.3    958.3
     2     1    20    11     8     2     0     2     2.0   62.534   50.941    587.2    898.1
     3     1    20    11     8     2     0     2     2.0   62.381   51.384   1193.5    831.9
     1     1    20    11     8     3     0     3     3.0   62.523   50.590    111.9    952.0
     2     1    20    11     8     3     0     3     3.0   62.810   51.451    688.6    884.6
     3     1    20    11     8     3     0     3     3.0   62.542   52.161   1374.0    811.1
     1     1    20    11     8     4     0     2     4.0   62.658   50.932    134.3    947.4
     2     1    20    11     8     4     0     2     4.0   63.053   51.838    824.6    867.8
     3     1    20    11     8     4     0     2     4.0   62.675   52.742   1556.2    787.5
     1     1    20    11     8     5     0     1     5.0   62.706   51.315    155.2    944.5
     2     1    20    11     8     5     0     1     5.0   63.186   52.143    963.7    849.2
     3     1    20    11     8     5     0     1     5.0   62.739   53.164   1724.3    770.3
     1     1    20    11     8     6     0     0     6.0   62.691   51.663    189.4    940.7
     2     1    20    11     8     6     0     0     6.0   63.227   52.367   1087.2    834.1
     3     1    20    11     8     6     0     0     6.0   62.765   53.494   1900.0    750.9
     1     1    20    11     8     7     0     1     7.0   62.644   51.939    237.5    934.3
     2     1    20    11     8     7     0     1     7.0   63.186   52.475   1184.2    822.9
     3     1    20    11     8     7     0     1     7.0   62.782   53.723   2033.3    736.1
     1     1    20    11     8     8     0     2     8.0   62.568   52.176    282.8    926.9
     2     1    20    11     8     8     0     2     8.0   63.071   52.438   1238.8    817.0
     3     1    20    11     8     8     0     2     8.0   62.787   53.820   2109.6    730.2
     1     1    20    11     8     9     0     3     9.0   62.446   52.466    310.6    922.7
     2     1    20    11     8     9     0     3     9.0   62.883   52.281   1252.3    817.6
     3     1    20    11     8     9     0     3     9.0   62.757   53.812   2144.1    727.0
     1     1    20    11     8    10     0     2    10.0   62.269   52.829    335.4    921.9
     2     1    20    11     8    10     0     2    10.0   62.609   52.184   1271.3    821.3
     3     1    20    11     8    10     0     2    10.0   62.665   53.777   2171.1    727.3
     1     1    20    11     8    11     0     1    11.0   62.029   53.255    387.0    917.4
     2     1    20    11     8    11     0     1    11.0   62.253   52.221   1337.6    815.9
     3     1    20    11     8    11     0     1    11.0   62.497   53.795   2219.0    722.5
     1     1    20    11     8    12     0     0    12.0   61.756   53.705    470.0    903.7
     2     1    20    11     8    12     0     0    12.0   61.832   52.329   1452.6    803.2
     3     1    20    11     8    12     0     0    12.0   62.262   53.854   2288.4    714.9
     1     1    20    11     8    13     0     1    13.0   61.468   54.147    543.0    894.6
     2     1    20    11     8    13     0     1    13.0   61.378   52.581   1561.4    786.7
     3     1    20    11     8    13     0     1    13.0   61.967   53.942   2354.9    705.1
     1     1    20    11     8    14     0     2    14.0   61.153   54.634    586.0    893.5
     2     1    20    11     8    14     0     2    14.0   60.899   52.969   1621.8    778.4
     3     1    20    11     8    14     0     2    14.0   61.617   54.063   2416.5    703.4
     1     1    20    11     8    15     0     3    15.0   60.830   55.196    609.2    890.0
     2     1    20    11     8    15     0     3    15.0   60.353   53.442   1732.9    777.8
     3     1    20    11     8    15     0     3    15.0   61.213   54.224   2515.7    699.1
     1     1    20    11     8    16     0     2    16.0   60.511   55.768    653.8    888.3
     2     1    20    11     8    16     0     2    16.0   59.776   54.016   1867.3    751.9
     3     1    20    11     8    16     0     2    16.0   60.779   54.461   2639.0    685.7
     1     1    20    11     8    17     0     1    17.0   60.178   56.293    752.7    878.2
     2     1    20    11     8    17     0     1    17.0   59.224   54.663   1969.0    749.9
     3     1    20    11     8    17     0     1    17.0   60.318   54.743   2770.6    676.1
     1     1    20    11     8    18     0     0    18.0   59.831   56.786    886.4    863.2
     2     1    20    11     8    18     0     0    18.0   58.703   55.331   2029.2    743.1
     3     1    20    11     8    18     0     0    18.0   59.823   55.034   2946.9    662.7
     1     1    20    11     8    19     0     1    19.0   59.480   57.278   1016.4    842.3
     2     1    20    11     8    19     0     1    19.0   58.207   56.024   2082.3    745.4
     3     1    20    11     8    19     0     1    19.0   59.330   55.407   3079.8    643.4
     1     1    20    11     8    20     0     2    20.0   59.131   57.816   1115.8    819.2
     2     1    20    11     8    20     0     2    20.0   57.759   56.782   2146.1    730.1
     3     1    20    11     8    20     0     2    20.0   58.858   55.857   3141.4    643.6
     1     1    20    11     8    21     0     3    21.0   58.784   58.450   1163.7    807.7
     2     1    20    11     8    21     0     3    21.0   57.386   57.629   2234.3    718.9
     3     1    20    11     8    21     0     3    21.0   58.390   56.363   3188.1    638.7
     1     1    20    11     8    22     0     2    22.0   58.416   59.177   1162.6    812.5
     2     1    20    11     8    22     0     2    22.0   57.057   58.525   2332.1    703.5
     3     1    20    11     8    22     0     2    22.0   57.955   56.946   3176.9    636.5
     1     1    20    11     8    23     0     1    23.0   58.061   59.932   1234.6    820.8
     2     1    20    11     8    23     0     1    23.0   56.719   59.499   2346.1    695.8
     3     1    20    11     8    23     0     1    23.0   57.539   57.616   3158.1    636.4
     1     1    20    11     9     0     0     0    24.0   57.720   60.720   1321.5    808.5
     2     1    20    11     9     0     0     0    24.0   56.370   60.533   2152.4    726.0
     3     1    20    11     9     0     0     0    24.0   57.131   58.383   3183.8    630.9
