     5     1
    GDAS    20    12     8     0     0
    GDAS    20    12    15     0     0
    GDAS    20    12    22     0     0
    GDAS    20    12    29     0     0
    GDAS    21     1     1     0     0
     3 FORWARD  OMEGA   
    20    12    18     0   62.085   49.588   100.0
    20    12    18     0   62.085   49.588   500.0
    20    12    18     0   62.085   49.588  1000.0
     1 PRESSURE
     1     1    20    12    18     0     0     0     0.0   62.085   49.588    100.0    992.1
     2     1    20    12    18     0     0     0     0.0   62.085   49.588    500.0    941.6
     3     1    20    12    18     0     0     0     0.0   62.085   49.588   1000.0    882.2
     1     1    20    12    18     1     0     1     1.0   61.906   49.404    116.9    990.3
     2     1    20    12    18     1     0     1     1.0   61.776   48.836    523.4    937.4
     3     1    20    12    18     1     0     1     1.0   61.753   48.776   1023.6    877.5
     1     1    20    12    18     2     0     2     2.0   61.710   49.247    131.7    987.1
     2     1    20    12    18     2     0     2     2.0   61.456   48.173    532.7    932.0
     3     1    20    12    18     2     0     2     2.0   61.413   48.078   1019.1    874.0
     1     1    20    12    18     3     0     3     3.0   61.497   49.100    142.5    984.2
     2     1    20    12    18     3     0     3     3.0   61.141   47.451    506.8    934.1
     3     1    20    12    18     3     0     3     3.0   61.080   47.353    982.7    879.5
     1     1    20    12    18     4     0     2     4.0   61.271   48.957    148.1    982.4
     2     1    20    12    18     4     0     2     4.0   60.848   46.716    467.4    942.1
     3     1    20    12    18     4     0     2     4.0   60.771   46.614    951.3    884.2
     1     1    20    12    18     5     0     1     5.0   61.039   48.834    147.1    981.6
     2     1    20    12    18     5     0     1     5.0   60.562   46.124    433.2    948.4
     3     1    20    12    18     5     0     1     5.0   60.475   45.952    911.1    891.1
     1     1    20    12    18     6     0     0     6.0   60.811   48.753    143.1    983.4
     2     1    20    12    18     6     0     0     6.0   60.307   45.540    419.1    952.6
     3     1    20    12    18     6     0     0     6.0   60.223   45.272    890.1    896.1
     1     1    20    12    18     7     0     1     7.0   60.591   48.695    142.8    984.5
     2     1    20    12    18     7     0     1     7.0   60.096   44.930    420.6    951.8
     3     1    20    12    18     7     0     1     7.0   60.015   44.583    880.0    895.6
     1     1    20    12    18     8     0     2     8.0   60.373   48.647    149.2    984.3
     2     1    20    12    18     8     0     2     8.0   59.912   44.363    413.1    951.9
     3     1    20    12    18     8     0     2     8.0   59.832   43.951    858.2    899.0
     1     1    20    12    18     9     0     3     9.0   60.158   48.630    162.4    983.4
     2     1    20    12    18     9     0     3     9.0   59.764   43.840    389.0    956.9
     3     1    20    12    18     9     0     3     9.0   59.689   43.373    828.9    903.7
     1     1    20    12    18    10     0     2    10.0   59.937   48.631    179.5    981.9
     2     1    20    12    18    10     0     2    10.0   59.650   43.352    360.7    962.3
     3     1    20    12    18    10     0     2    10.0   59.590   42.828    792.5    907.8
     1     1    20    12    18    11     0     1    11.0   59.701   48.615    192.6    980.9
     2     1    20    12    18    11     0     1    11.0   59.558   42.901    335.2    965.5
     3     1    20    12    18    11     0     1    11.0   59.531   42.316    750.8    912.2
     1     1    20    12    18    12     0     0    12.0   59.450   48.592    197.9    981.1
     2     1    20    12    18    12     0     0    12.0   59.496   42.478    310.7    967.7
     3     1    20    12    18    12     0     0    12.0   59.527   41.839    716.2    917.7
     1     1    20    12    18    13     0     1    13.0   59.186   48.553    194.9    981.7
     2     1    20    12    18    13     0     1    13.0   59.475   42.062    284.8    969.3
     3     1    20    12    18    13     0     1    13.0   59.582   41.389    690.5    921.9
     1     1    20    12    18    14     0     2    14.0   58.916   48.481    182.4    983.8
     2     1    20    12    18    14     0     2    14.0   59.498   41.642    258.4    974.2
     3     1    20    12    18    14     0     2    14.0   59.696   40.952    667.2    926.7
     1     1    20    12    18    15     0     3    15.0   58.650   48.385    164.5    988.0
     2     1    20    12    18    15     0     3    15.0   59.569   41.219    235.8    979.1
     3     1    20    12    18    15     0     3    15.0   59.872   40.531    648.0    929.4
     1     1    20    12    18    16     0     2    16.0   58.403   48.276    146.4    992.7
     2     1    20    12    18    16     0     2    16.0   59.691   40.805    220.2    982.9
     3     1    20    12    18    16     0     2    16.0   60.118   40.142    637.3    931.3
     1     1    20    12    18    17     0     1    17.0   58.179   48.159    129.4    997.3
     2     1    20    12    18    17     0     1    17.0   59.868   40.414    211.2    984.2
     3     1    20    12    18    17     0     1    17.0   60.423   39.795    631.8    931.5
     1     1    20    12    18    18     0     0    18.0   57.974   48.037    112.7   1001.6
     2     1    20    12    18    18     0     0    18.0   60.101   40.046    206.9    985.0
     3     1    20    12    18    18     0     0    18.0   60.786   39.495    627.8    932.2
     1     1    20    12    18    19     0     1    19.0   57.783   47.901     97.6   1002.8
     2     1    20    12    18    19     0     1    19.0   60.379   39.711    198.8    984.5
     3     1    20    12    18    19     0     1    19.0   61.212   39.259    616.0    932.9
     1     1    20    12    18    20     0     2    20.0   57.598   47.739     84.0   1003.8
     2     1    20    12    18    20     0     2    20.0   60.676   39.417    184.9    986.1
     3     1    20    12    18    20     0     2    20.0   61.691   39.095    587.2    939.3
     1     1    20    12    18    21     0     3    21.0   57.427   47.561     69.8   1005.8
     2     1    20    12    18    21     0     3    21.0   60.987   39.155    173.9    987.0
     3     1    20    12    18    21     0     3    21.0   62.211   39.011    537.2    945.0
     1     1    20    12    18    22     0     2    22.0   57.274   47.386     57.9   1008.3
     2     1    20    12    18    22     0     2    22.0   61.302   38.922    167.8    988.8
     3     1    20    12    18    22     0     2    22.0   62.747   39.015    447.5    949.4
     1     1    20    12    18    23     0     1    23.0   57.138   47.221     49.2   1010.2
     2     1    20    12    18    23     0     1    23.0   61.612   38.714    156.9    989.2
     3     1    20    12    18    23     0     1    23.0   63.259   39.065    337.4    965.2
     1     1    20    12    19     0     0     0    24.0   57.017   47.063     41.9   1011.7
     2     1    20    12    19     0     0     0    24.0   61.909   38.522    131.7    992.1
     3     1    20    12    19     0     0     0    24.0   63.728   39.132    260.7    977.9
