     5     1
    GDAS    20     9    29     0     0
    GDAS    20    10     1     0     0
    GDAS    20    10     8     0     0
    GDAS    20    10    15     0     0
    GDAS    20    10    22     0     0
     3 FORWARD  OMEGA   
    20    10     2     0   62.085   49.588   100.0
    20    10     2     0   62.085   49.588   500.0
    20    10     2     0   62.085   49.588  1000.0
     1 PRESSURE
     1     1    20    10     2     0     0     0     0.0   62.085   49.588    100.0   1001.6
     2     1    20    10     2     0     0     0     0.0   62.085   49.588    500.0    955.8
     3     1    20    10     2     0     0     0     0.0   62.085   49.588   1000.0    900.1
     1     1    20    10     2     1     0     1     1.0   62.117   49.877     97.7   1002.0
     2     1    20    10     2     1     0     1     1.0   62.036   50.098    494.5    956.1
     3     1    20    10     2     1     0     1     1.0   62.030   50.362    989.9    898.9
     1     1    20    10     2     2     0     2     2.0   62.150   50.189     97.3   1000.6
     2     1    20    10     2     2     0     2     2.0   62.004   50.640    485.8    953.0
     3     1    20    10     2     2     0     2     2.0   61.966   51.137    970.1    896.9
     1     1    20    10     2     3     0     3     3.0   62.183   50.539     97.4    998.2
     2     1    20    10     2     3     0     3     3.0   61.984   51.227    479.8    950.8
     3     1    20    10     2     3     0     3     3.0   61.882   51.915    962.4    897.4
     1     1    20    10     2     4     0     2     4.0   62.208   50.922     98.4    995.8
     2     1    20    10     2     4     0     2     4.0   61.960   51.864    481.5    950.4
     3     1    20    10     2     4     0     2     4.0   61.787   52.693    958.7    896.8
     1     1    20    10     2     5     0     1     5.0   62.219   51.309     99.3    995.2
     2     1    20    10     2     5     0     1     5.0   61.921   52.534    488.2    949.6
     3     1    20    10     2     5     0     1     5.0   61.681   53.467    964.6    893.7
     1     1    20    10     2     6     0     0     6.0   62.219   51.683     96.0    995.7
     2     1    20    10     2     6     0     0     6.0   61.859   53.237    513.0    944.4
     3     1    20    10     2     6     0     0     6.0   61.558   54.236    972.4    893.4
     1     1    20    10     2     7     0     1     7.0   62.210   52.048     88.0    996.4
     2     1    20    10     2     7     0     1     7.0   61.779   53.955    517.1    939.6
     3     1    20    10     2     7     0     1     7.0   61.431   54.992   1011.8    891.7
     1     1    20    10     2     8     0     2     8.0   62.193   52.411     84.6    996.2
     2     1    20    10     2     8     0     2     8.0   61.705   54.608    512.2    944.0
     3     1    20    10     2     8     0     2     8.0   61.307   55.734   1059.6    881.6
     1     1    20    10     2     9     0     3     9.0   62.167   52.772     92.6    994.8
     2     1    20    10     2     9     0     3     9.0   61.641   55.193    516.0    944.4
     3     1    20    10     2     9     0     3     9.0   61.194   56.465   1101.2    875.1
     1     1    20    10     2    10     0     2    10.0   62.121   53.141    105.8    991.5
     2     1    20    10     2    10     0     2    10.0   61.584   55.773    524.3    942.3
     3     1    20    10     2    10     0     2    10.0   61.095   57.219   1163.6    868.0
     1     1    20    10     2    11     0     1    11.0   62.046   53.525    111.0    988.2
     2     1    20    10     2    11     0     1    11.0   61.538   56.394    552.4    938.9
     3     1    20    10     2    11     0     1    11.0   61.002   58.050   1239.2    850.7
     1     1    20    10     2    12     0     0    12.0   61.947   53.920    105.4    987.3
     2     1    20    10     2    12     0     0    12.0   61.502   57.062    624.6    929.7
     3     1    20    10     2    12     0     0    12.0   60.890   59.034   1240.2    823.9
     1     1    20    10     2    13     0     1    13.0   61.846   54.318     96.6    990.5
     2     1    20    10     2    13     0     1    13.0   61.437   57.798    716.9    911.3
     3     1    20    10     2    13     0     1    13.0   60.737   60.080   1166.7    861.3
     1     1    20    10     2    14     0     2    14.0   61.743   54.717     91.1    993.5
     2     1    20    10     2    14     0     2    14.0   61.312   58.628    807.0    882.8
     3     1    20    10     2    14     0     2    14.0   60.553   61.008   1140.3    878.9
     1     1    20    10     2    15     0     3    15.0   61.624   55.118     91.2    994.3
     2     1    20    10     2    15     0     3    15.0   61.131   59.578    883.0    874.9
     3     1    20    10     2    15     0     3    15.0   60.344   61.871   1164.1    878.0
     1     1    20    10     2    16     0     2    16.0   61.496   55.501     95.1    992.3
     2     1    20    10     2    16     0     2    16.0   60.896   60.522    877.2    896.3
     3     1    20    10     2    16     0     2    16.0   60.130   62.665   1186.2    875.4
     1     1    20    10     2    17     0     1    17.0   61.359   55.850     98.1    989.9
     2     1    20    10     2    17     0     1    17.0   60.643   61.288    890.8    903.7
     3     1    20    10     2    17     0     1    17.0   59.922   63.394   1220.1    871.5
     1     1    20    10     2    18     0     0    18.0   61.211   56.155     96.1    988.6
     2     1    20    10     2    18     0     0    18.0   60.363   61.931    905.7    904.9
     3     1    20    10     2    18     0     0    18.0   59.714   64.098   1272.6    865.5
     1     1    20    10     2    19     0     1    19.0   61.056   56.427     99.6    987.6
     2     1    20    10     2    19     0     1    19.0   60.084   62.535    925.2    903.1
     3     1    20    10     2    19     0     1    19.0   59.533   64.797   1289.6    859.8
     1     1    20    10     2    20     0     2    20.0   60.892   56.715    119.6    984.9
     2     1    20    10     2    20     0     2    20.0   59.830   63.128    942.7    898.3
     3     1    20    10     2    20     0     2    20.0   59.390   65.480   1273.8    865.9
     1     1    20    10     2    21     0     3    21.0   60.711   57.046    160.1    980.2
     2     1    20    10     2    21     0     3    21.0   59.612   63.688    946.7    897.2
     3     1    20    10     2    21     0     3    21.0   59.267   66.154   1256.9    868.3
     1     1    20    10     2    22     0     2    22.0   60.495   57.403    217.7    970.2
     2     1    20    10     2    22     0     2    22.0   59.403   64.231    953.0    899.5
     3     1    20    10     2    22     0     2    22.0   59.161   66.852   1248.6    874.5
     1     1    20    10     2    23     0     1    23.0   60.241   57.757    308.8    955.1
     2     1    20    10     2    23     0     1    23.0   59.179   64.804    975.2    896.0
     3     1    20    10     2    23     0     1    23.0   59.085   67.579   1255.7    874.1
     1     1    20    10     3     0     0     0    24.0   59.947   58.132    453.1    928.6
     2     1    20    10     3     0     0     0    24.0   58.968   65.428   1007.2    891.6
     3     1    20    10     3     0     0     0    24.0   59.027   68.288   1280.6    871.3
