     5     1
    GDAS    20    12     1     0     0
    GDAS    20    12     8     0     0
    GDAS    20    12    15     0     0
    GDAS    20    12    22     0     0
    GDAS    20    12    29     0     0
     3 FORWARD  OMEGA   
    20    12    10     0   62.085   49.588   100.0
    20    12    10     0   62.085   49.588   500.0
    20    12    10     0   62.085   49.588  1000.0
     1 PRESSURE
     1     1    20    12    10     0     0     0     0.0   62.085   49.588    100.0   1012.0
     2     1    20    12    10     0     0     0     0.0   62.085   49.588    500.0    963.4
     3     1    20    12    10     0     0     0     0.0   62.085   49.588   1000.0    905.5
     1     1    20    12    10     1     0     1     1.0   62.057   50.011     99.1   1012.3
     2     1    20    12    10     1     0     1     1.0   61.869   50.310    500.1    961.0
     3     1    20    12    10     1     0     1     1.0   61.821   50.312    997.5    903.6
     1     1    20    12    10     2     0     2     2.0   62.029   50.435     98.7   1009.7
     2     1    20    12    10     2     0     2     2.0   61.633   50.969    500.3    956.4
     3     1    20    12    10     2     0     2     2.0   61.536   50.960   1003.8    898.3
     1     1    20    12    10     3     0     3     3.0   61.998   50.870     98.5   1006.9
     2     1    20    12    10     3     0     3     3.0   61.377   51.547    502.6    956.0
     3     1    20    12    10     3     0     3     3.0   61.222   51.516   1009.9    897.6
     1     1    20    12    10     4     0     2     4.0   61.975   51.322     98.4   1006.6
     2     1    20    12    10     4     0     2     4.0   61.118   52.052    503.1    955.7
     3     1    20    12    10     4     0     2     4.0   60.900   51.985   1008.4    896.9
     1     1    20    12    10     5     0     1     5.0   61.975   51.800     95.6   1007.3
     2     1    20    12    10     5     0     1     5.0   60.861   52.498    493.6    953.4
     3     1    20    12    10     5     0     1     5.0   60.583   52.374    996.7    896.5
     1     1    20    12    10     6     0     0     6.0   61.998   52.293     90.0   1008.7
     2     1    20    12    10     6     0     0     6.0   60.602   52.883    476.0    956.2
     3     1    20    12    10     6     0     0     6.0   60.264   52.669    980.2    899.5
     1     1    20    12    10     7     0     1     7.0   62.038   52.771     88.2   1008.2
     2     1    20    12    10     7     0     1     7.0   60.359   53.230    460.2    959.9
     3     1    20    12    10     7     0     1     7.0   59.955   52.886    961.6    904.1
     1     1    20    12    10     8     0     2     8.0   62.081   53.261     87.1   1004.1
     2     1    20    12    10     8     0     2     8.0   60.136   53.551    449.7    960.4
     3     1    20    12    10     8     0     2     8.0   59.671   53.055    942.6    905.2
     1     1    20    12    10     9     0     3     9.0   62.127   53.788     73.3   1001.0
     2     1    20    12    10     9     0     3     9.0   59.919   53.829    443.9    958.8
     3     1    20    12    10     9     0     3     9.0   59.412   53.172    926.1    905.2
     1     1    20    12    10    10     0     2    10.0   62.178   54.274     54.5   1005.2
     2     1    20    12    10    10     0     2    10.0   59.717   54.075    439.5    958.6
     3     1    20    12    10    10     0     2    10.0   59.181   53.241    908.2    905.4
     1     1    20    12    10    11     0     1    11.0   62.231   54.686     46.6   1009.1
     2     1    20    12    10    11     0     1    11.0   59.542   54.304    434.7    961.4
     3     1    20    12    10    11     0     1    11.0   58.982   53.278    881.2    907.5
     1     1    20    12    10    12     0     0    12.0   62.288   55.075     53.4   1008.9
     2     1    20    12    10    12     0     0    12.0   59.394   54.507    431.2    963.9
     3     1    20    12    10    12     0     0    12.0   58.816   53.292    847.4    912.9
     1     1    20    12    10    13     0     1    13.0   62.350   55.498     65.4   1005.9
     2     1    20    12    10    13     0     1    13.0   59.258   54.700    428.0    965.5
     3     1    20    12    10    13     0     1    13.0   58.672   53.306    817.5    917.5
     1     1    20    12    10    14     0     2    14.0   62.410   55.938     67.2   1005.8
     2     1    20    12    10    14     0     2    14.0   59.125   54.900    423.8    967.5
     3     1    20    12    10    14     0     2    14.0   58.544   53.328    797.3    920.2
     1     1    20    12    10    15     0     3    15.0   62.474   56.337     67.1   1006.4
     2     1    20    12    10    15     0     3    15.0   58.995   55.102    419.5    968.8
     3     1    20    12    10    15     0     3    15.0   58.433   53.352    785.9    921.8
     1     1    20    12    10    16     0     2    16.0   62.552   56.691     76.0   1006.3
     2     1    20    12    10    16     0     2    16.0   58.870   55.299    417.1    969.7
     3     1    20    12    10    16     0     2    16.0   58.337   53.372    780.7    922.8
     1     1    20    12    10    17     0     1    17.0   62.641   57.039    101.8   1003.0
     2     1    20    12    10    17     0     1    17.0   58.751   55.491    418.7    969.8
     3     1    20    12    10    17     0     1    17.0   58.253   53.382    779.4    923.5
     1     1    20    12    10    18     0     0    18.0   62.736   57.450    149.8    990.3
     2     1    20    12    10    18     0     0    18.0   58.637   55.676    424.9    969.3
     3     1    20    12    10    18     0     0    18.0   58.184   53.386    781.1    923.9
     1     1    20    12    10    19     0     1    19.0   62.844   57.969    217.3    973.8
     2     1    20    12    10    19     0     1    19.0   58.524   55.857    433.8    967.7
     3     1    20    12    10    19     0     1    19.0   58.131   53.389    785.0    923.5
     1     1    20    12    10    20     0     2    20.0   62.904   58.619    287.0    945.8
     2     1    20    12    10    20     0     2    20.0   58.407   56.034    442.8    966.2
     3     1    20    12    10    20     0     2    20.0   58.097   53.399    791.2    922.8
     1     1    20    12    10    21     0     3    21.0   62.887   59.448    297.4    944.4
     2     1    20    12    10    21     0     3    21.0   58.289   56.214    449.1    964.0
     3     1    20    12    10    21     0     3    21.0   58.080   53.422    800.1    921.6
     1     1    20    12    10    22     0     2    22.0   62.881   60.291    108.0   1002.6
     2     1    20    12    10    22     0     2    22.0   58.169   56.392    450.6    962.9
     3     1    20    12    10    22     0     2    22.0   58.082   53.463    805.9    920.4
     1     1    20    12    10    23     0     1    23.0   62.870   60.875     32.7   1013.2
     2     1    20    12    10    23     0     1    23.0   58.047   56.555    449.0    961.7
     3     1    20    12    10    23     0     1    23.0   58.103   53.526    803.6    920.2
     1     1    20    12    11     0     0     0    24.0   62.851   61.365     12.2   1016.7
     2     1    20    12    11     0     0     0    24.0   57.920   56.700    446.7    960.5
     3     1    20    12    11     0     0     0    24.0   58.142   53.615    795.6    920.3
