     5     1
    GDAS    20     9    29     0     0
    GDAS    20    10     1     0     0
    GDAS    20    10     8     0     0
    GDAS    20    10    15     0     0
    GDAS    20    10    22     0     0
     3 FORWARD  OMEGA   
    20    10     4     0   62.085   49.588   100.0
    20    10     4     0   62.085   49.588   500.0
    20    10     4     0   62.085   49.588  1000.0
     1 PRESSURE
     1     1    20    10     4     0     0     0     0.0   62.085   49.588    100.0   1013.0
     2     1    20    10     4     0     0     0     0.0   62.085   49.588    500.0    965.4
     3     1    20    10     4     0     0     0     0.0   62.085   49.588   1000.0    906.9
     1     1    20    10     4     1     0     1     1.0   62.082   49.520    103.5   1012.3
     2     1    20    10     4     1     0     1     1.0   62.102   49.530    505.8    964.1
     3     1    20    10     4     1     0     1     1.0   62.049   49.559    986.5    908.5
     1     1    20    10     4     2     0     2     2.0   62.090   49.472    104.4   1012.0
     2     1    20    10     4     2     0     2     2.0   62.122   49.506    507.0    963.8
     3     1    20    10     4     2     0     2     2.0   62.018   49.543    968.8    910.9
     1     1    20    10     4     3     0     3     3.0   62.107   49.443    102.8   1011.9
     2     1    20    10     4     3     0     3     3.0   62.143   49.514    504.2    963.8
     3     1    20    10     4     3     0     3     3.0   61.990   49.543    947.4    913.7
     1     1    20    10     4     4     0     2     4.0   62.129   49.432    100.7   1012.4
     2     1    20    10     4     4     0     2     4.0   62.163   49.542    498.5    964.7
     3     1    20    10     4     4     0     2     4.0   61.966   49.546    925.1    916.7
     1     1    20    10     4     5     0     1     5.0   62.151   49.432     99.4   1012.6
     2     1    20    10     4     5     0     1     5.0   62.179   49.576    491.1    965.7
     3     1    20    10     4     5     0     1     5.0   61.946   49.537    904.6    919.0
     1     1    20    10     4     6     0     0     6.0   62.172   49.443     99.0   1012.7
     2     1    20    10     4     6     0     0     6.0   62.193   49.614    482.4    967.0
     3     1    20    10     4     6     0     0     6.0   61.930   49.516    885.5    921.2
     1     1    20    10     4     7     0     1     7.0   62.194   49.474     98.5   1012.2
     2     1    20    10     4     7     0     1     7.0   62.206   49.672    471.9    967.9
     3     1    20    10     4     7     0     1     7.0   61.927   49.511    864.7    923.0
     1     1    20    10     4     8     0     2     8.0   62.218   49.531     96.8   1012.0
     2     1    20    10     4     8     0     2     8.0   62.220   49.763    458.3    969.2
     3     1    20    10     4     8     0     2     8.0   61.939   49.552    839.0    925.7
     1     1    20    10     4     9     0     3     9.0   62.243   49.615     93.8   1011.9
     2     1    20    10     4     9     0     3     9.0   62.231   49.889    440.7    971.2
     3     1    20    10     4     9     0     3     9.0   61.961   49.641    806.4    929.1
     1     1    20    10     4    10     0     2    10.0   62.268   49.717     89.9   1012.5
     2     1    20    10     4    10     0     2    10.0   62.240   50.045    422.7    973.9
     3     1    20    10     4    10     0     2    10.0   61.986   49.778    768.8    934.1
     1     1    20    10     4    11     0     1    11.0   62.294   49.825     85.9   1013.1
     2     1    20    10     4    11     0     1    11.0   62.254   50.224    408.4    974.6
     3     1    20    10     4    11     0     1    11.0   62.008   49.958    733.3    938.8
     1     1    20    10     4    12     0     0    12.0   62.322   49.941     82.3   1013.6
     2     1    20    10     4    12     0     0    12.0   62.274   50.424    397.3    974.7
     3     1    20    10     4    12     0     0    12.0   62.024   50.176    704.2    941.1
     1     1    20    10     4    13     0     1    13.0   62.357   50.059     79.1   1012.9
     2     1    20    10     4    13     0     1    13.0   62.299   50.647    388.1    973.8
     3     1    20    10     4    13     0     1    13.0   62.035   50.426    681.3    941.2
     1     1    20    10     4    14     0     2    14.0   62.402   50.179     76.6   1012.0
     2     1    20    10     4    14     0     2    14.0   62.326   50.897    378.9    972.8
     3     1    20    10     4    14     0     2    14.0   62.040   50.700    662.4    940.8
     1     1    20    10     4    15     0     3    15.0   62.458   50.303     74.5   1011.1
     2     1    20    10     4    15     0     3    15.0   62.352   51.173    368.7    972.7
     3     1    20    10     4    15     0     3    15.0   62.036   50.999    645.2    940.0
     1     1    20    10     4    16     0     2    16.0   62.521   50.452     72.5   1011.1
     2     1    20    10     4    16     0     2    16.0   62.375   51.493    361.2    973.8
     3     1    20    10     4    16     0     2    16.0   62.024   51.331    634.5    942.1
     1     1    20    10     4    17     0     1    17.0   62.586   50.642     70.6   1011.0
     2     1    20    10     4    17     0     1    17.0   62.396   51.876    356.0    973.9
     3     1    20    10     4    17     0     1    17.0   62.008   51.702    630.1    942.0
     1     1    20    10     4    18     0     0    18.0   62.652   50.878     70.4   1010.8
     2     1    20    10     4    18     0     0    18.0   62.414   52.320    351.8    973.5
     3     1    20    10     4    18     0     0    18.0   61.981   52.111    624.1    942.3
     1     1    20    10     4    19     0     1    19.0   62.716   51.158     72.7   1009.8
     2     1    20    10     4    19     0     1    19.0   62.414   52.818    355.2    971.3
     3     1    20    10     4    19     0     1    19.0   61.939   52.555    621.2    942.6
     1     1    20    10     4    20     0     2    20.0   62.774   51.472     76.1   1008.3
     2     1    20    10     4    20     0     2    20.0   62.378   53.363    360.7    968.0
     3     1    20    10     4    20     0     2    20.0   61.873   53.032    631.1    940.3
     1     1    20    10     4    21     0     3    21.0   62.825   51.819     78.2   1006.8
     2     1    20    10     4    21     0     3    21.0   62.309   53.946    347.9    966.2
     3     1    20    10     4    21     0     3    21.0   61.780   53.533    639.9    934.1
     1     1    20    10     4    22     0     2    22.0   62.870   52.181     79.7   1004.6
     2     1    20    10     4    22     0     2    22.0   62.223   54.530    334.9    972.0
     3     1    20    10     4    22     0     2    22.0   61.666   54.048    636.8    933.9
     1     1    20    10     4    23     0     1    23.0   62.911   52.558     84.2   1000.8
     2     1    20    10     4    23     0     1    23.0   62.127   55.103    348.9    972.8
     3     1    20    10     4    23     0     1    23.0   61.541   54.561    639.6    938.2
     1     1    20    10     5     0     0     0    24.0   62.952   52.974     93.0    995.8
     2     1    20    10     5     0     0     0    24.0   62.018   55.692    372.4    969.3
     3     1    20    10     5     0     0     0    24.0   61.410   55.067    658.2    936.9
