     5     1
    GDAS    20    11     1     0     0
    GDAS    20    11     8     0     0
    GDAS    20    11    15     0     0
    GDAS    20    11    22     0     0
    GDAS    20    11    29     0     0
     3 FORWARD  OMEGA   
    20    11    13     0   62.085   49.588   100.0
    20    11    13     0   62.085   49.588   500.0
    20    11    13     0   62.085   49.588  1000.0
     1 PRESSURE
     1     1    20    11    13     0     0     0     0.0   62.085   49.588    100.0    996.2
     2     1    20    11    13     0     0     0     0.0   62.085   49.588    500.0    946.9
     3     1    20    11    13     0     0     0     0.0   62.085   49.588   1000.0    888.1
     1     1    20    11    13     1     0     1     1.0   61.998   49.646    100.7    997.0
     2     1    20    11    13     1     0     1     1.0   61.914   49.566    497.8    946.8
     3     1    20    11    13     1     0     1     1.0   61.814   49.611    981.0    889.6
     1     1    20    11    13     2     0     2     2.0   61.920   49.679    101.4    996.2
     2     1    20    11    13     2     0     2     2.0   61.757   49.544    487.6    946.8
     3     1    20    11    13     2     0     2     2.0   61.547   49.635    957.9    890.4
     1     1    20    11    13     3     0     3     3.0   61.853   49.688    101.6    995.6
     2     1    20    11    13     3     0     3     3.0   61.615   49.520    471.7    947.7
     3     1    20    11    13     3     0     3     3.0   61.286   49.660    930.6    891.5
     1     1    20    11    13     4     0     2     4.0   61.794   49.674    101.4    995.6
     2     1    20    11    13     4     0     2     4.0   61.486   49.489    453.6    949.8
     3     1    20    11    13     4     0     2     4.0   61.032   49.677    900.1    893.7
     1     1    20    11    13     5     0     1     5.0   61.743   49.639    100.7    995.7
     2     1    20    11    13     5     0     1     5.0   61.367   49.446    435.2    951.6
     3     1    20    11    13     5     0     1     5.0   60.782   49.676    868.9    896.1
     1     1    20    11    13     6     0     0     6.0   61.699   49.583     99.3    996.0
     2     1    20    11    13     6     0     0     6.0   61.261   49.393    415.7    953.8
     3     1    20    11    13     6     0     0     6.0   60.539   49.660    835.8    899.1
     1     1    20    11    13     7     0     1     7.0   61.664   49.516     97.8    996.4
     2     1    20    11    13     7     0     1     7.0   61.170   49.334    397.1    956.2
     3     1    20    11    13     7     0     1     7.0   60.306   49.634    805.3    902.4
     1     1    20    11    13     8     0     2     8.0   61.637   49.445     96.5    996.8
     2     1    20    11    13     8     0     2     8.0   61.093   49.272    381.9    958.0
     3     1    20    11    13     8     0     2     8.0   60.085   49.608    781.0    904.6
     1     1    20    11    13     9     0     3     9.0   61.617   49.371     95.4    997.1
     2     1    20    11    13     9     0     3     9.0   61.032   49.208    370.6    959.2
     3     1    20    11    13     9     0     3     9.0   59.878   49.582    763.8    907.4
     1     1    20    11    13    10     0     2    10.0   61.600   49.284     94.3    997.5
     2     1    20    11    13    10     0     2    10.0   60.980   49.139    361.3    960.0
     3     1    20    11    13    10     0     2    10.0   59.679   49.567    755.2    909.6
     1     1    20    11    13    11     0     1    11.0   61.582   49.175     93.0    998.0
     2     1    20    11    13    11     0     1    11.0   60.931   49.059    351.7    961.3
     3     1    20    11    13    11     0     1    11.0   59.483   49.573    754.3    910.5
     1     1    20    11    13    12     0     0    12.0   61.564   49.045     91.4    998.5
     2     1    20    11    13    12     0     0    12.0   60.884   48.970    342.1    962.7
     3     1    20    11    13    12     0     0    12.0   59.285   49.600    756.8    910.8
     1     1    20    11    13    13     0     1    13.0   61.553   48.897     89.9    998.3
     2     1    20    11    13    13     0     1    13.0   60.843   48.870    334.7    963.7
     3     1    20    11    13    13     0     1    13.0   59.083   49.627    756.0    911.1
     1     1    20    11    13    14     0     2    14.0   61.552   48.738     88.6    997.7
     2     1    20    11    13    14     0     2    14.0   60.811   48.756    330.5    964.0
     3     1    20    11    13    14     0     2    14.0   58.875   49.636    748.3    911.9
     1     1    20    11    13    15     0     3    15.0   61.562   48.566     87.4    997.2
     2     1    20    11    13    15     0     3    15.0   60.788   48.622    328.0    964.1
     3     1    20    11    13    15     0     3    15.0   58.660   49.623    735.7    912.4
     1     1    20    11    13    16     0     2    16.0   61.586   48.379     85.7    997.4
     2     1    20    11    13    16     0     2    16.0   60.778   48.460    325.0    965.1
     3     1    20    11    13    16     0     2    16.0   58.438   49.578    720.9    914.2
     1     1    20    11    13    17     0     1    17.0   61.624   48.175     83.9    997.7
     2     1    20    11    13    17     0     1    17.0   60.785   48.261    319.9    966.5
     3     1    20    11    13    17     0     1    17.0   58.210   49.500    706.5    916.2
     1     1    20    11    13    18     0     0    18.0   61.677   47.953     82.8    998.0
     2     1    20    11    13    18     0     0    18.0   60.809   48.027    312.4    968.2
     3     1    20    11    13    18     0     0    18.0   57.973   49.395    692.1    918.5
     1     1    20    11    13    19     0     1    19.0   61.744   47.734     83.6    998.0
     2     1    20    11    13    19     0     1    19.0   60.853   47.804    304.9    969.5
     3     1    20    11    13    19     0     1    19.0   57.742   49.275    679.3    921.9
     1     1    20    11    13    20     0     2    20.0   61.827   47.540     87.0    997.5
     2     1    20    11    13    20     0     2    20.0   60.925   47.625    293.4    970.4
     3     1    20    11    13    20     0     2    20.0   57.528   49.145    668.9    924.1
     1     1    20    11    13    21     0     3    21.0   61.924   47.365     93.1    996.7
     2     1    20    11    13    21     0     3    21.0   61.042   47.466    270.1    973.0
     3     1    20    11    13    21     0     3    21.0   57.324   49.001    659.6    926.0
     1     1    20    11    13    22     0     2    22.0   62.032   47.217    103.1    995.5
     2     1    20    11    13    22     0     2    22.0   61.187   47.333    245.7    977.9
     3     1    20    11    13    22     0     2    22.0   57.122   48.855    648.9    927.4
     1     1    20    11    13    23     0     1    23.0   62.147   47.114    116.7    993.5
     2     1    20    11    13    23     0     1    23.0   61.334   47.256    233.1    979.9
     3     1    20    11    13    23     0     1    23.0   56.922   48.719    633.8    929.6
     1     1    20    11    14     0     0     0    24.0   62.274   47.076    131.5    991.6
     2     1    20    11    14     0     0     0    24.0   61.477   47.245    233.1    980.0
     3     1    20    11    14     0     0     0    24.0   56.729   48.593    618.3    932.9
