     5     1
    GDAS    20    10     1     0     0
    GDAS    20    10     8     0     0
    GDAS    20    10    15     0     0
    GDAS    20    10    22     0     0
    GDAS    20    10    29     0     0
     3 FORWARD  OMEGA   
    20    10    11     0   62.085   49.588   100.0
    20    10    11     0   62.085   49.588   500.0
    20    10    11     0   62.085   49.588  1000.0
     1 PRESSURE
     1     1    20    10    11     0     0     0     0.0   62.085   49.588    100.0    996.4
     2     1    20    10    11     0     0     0     0.0   62.085   49.588    500.0    949.7
     3     1    20    10    11     0     0     0     0.0   62.085   49.588   1000.0    894.0
     1     1    20    10    11     1     0     1     1.0   62.169   49.953     85.0    998.0
     2     1    20    10    11     1     0     1     1.0   62.107   50.296    471.3    951.8
     3     1    20    10    11     1     0     1     1.0   62.028   50.338    962.6    896.5
     1     1    20    10    11     2     0     2     2.0   62.232   50.317     77.4    997.2
     2     1    20    10    11     2     0     2     2.0   62.116   51.032    482.1    948.8
     3     1    20    10    11     2     0     2     2.0   61.978   51.085    953.6    893.7
     1     1    20    10    11     3     0     3     3.0   62.286   50.700     82.9    994.5
     2     1    20    10    11     3     0     3     3.0   62.119   51.783    516.0    940.4
     3     1    20    10    11     3     0     3     3.0   61.923   51.795    978.8    890.4
     1     1    20    10    11     4     0     2     4.0   62.341   51.128     97.8    990.3
     2     1    20    10    11     4     0     2     4.0   62.126   52.524    523.2    938.0
     3     1    20    10    11     4     0     2     4.0   61.860   52.507    979.4    886.4
     1     1    20    10    11     5     0     1     5.0   62.395   51.607    103.7    988.3
     2     1    20    10    11     5     0     1     5.0   62.124   53.279    515.5    939.3
     3     1    20    10    11     5     0     1     5.0   61.810   53.241    933.2    891.7
     1     1    20    10    11     6     0     0     6.0   62.435   52.112     95.2    990.1
     2     1    20    10    11     6     0     0     6.0   62.121   54.075    500.5    937.6
     3     1    20    10    11     6     0     0     6.0   61.779   53.996    873.2    897.5
     1     1    20    10    11     7     0     1     7.0   62.467   52.617     93.8    989.1
     2     1    20    10    11     7     0     1     7.0   62.126   54.867    528.5    939.3
     3     1    20    10    11     7     0     1     7.0   61.742   54.762    863.4    903.1
     1     1    20    10    11     8     0     2     8.0   62.501   53.130    106.5    985.2
     2     1    20    10    11     8     0     2     8.0   62.134   55.637    568.9    934.2
     3     1    20    10    11     8     0     2     8.0   61.702   55.531    887.9    898.8
     1     1    20    10    11     9     0     3     9.0   62.526   53.657    107.4    984.5
     2     1    20    10    11     9     0     3     9.0   62.155   56.421    586.5    933.6
     3     1    20    10    11     9     0     3     9.0   61.674   56.335    882.0    898.9
     1     1    20    10    11    10     0     2    10.0   62.543   54.159     90.8    987.8
     2     1    20    10    11    10     0     2    10.0   62.156   57.272    631.4    926.6
     3     1    20    10    11    10     0     2    10.0   61.638   57.158    896.1    896.6
     1     1    20    10    11    11     0     1    11.0   62.566   54.618     83.9    989.4
     2     1    20    10    11    11     0     1    11.0   62.133   58.167    724.1    907.5
     3     1    20    10    11    11     0     1    11.0   61.583   57.999    969.5    883.2
     1     1    20    10    11    12     0     0    12.0   62.590   55.066     94.1    988.2
     2     1    20    10    11    12     0     0    12.0   62.092   59.191    915.5    869.5
     3     1    20    10    11    12     0     0    12.0   61.510   58.940   1109.4    843.7
     1     1    20    10    11    13     0     1    13.0   62.606   55.530    101.9    987.6
     2     1    20    10    11    13     0     1    13.0   62.002   60.333    773.6    902.2
     3     1    20    10    11    13     0     1    13.0   61.384   59.971   1102.6    857.9
     1     1    20    10    11    14     0     2    14.0   62.622   55.973     86.3    991.0
     2     1    20    10    11    14     0     2    14.0   61.874   61.357    649.5    935.9
     3     1    20    10    11    14     0     2    14.0   61.213   60.953   1020.9    888.6
     1     1    20    10    11    15     0     3    15.0   62.651   56.346     61.2    994.2
     2     1    20    10    11    15     0     3    15.0   61.698   62.334    692.2    924.4
     3     1    20    10    11    15     0     3    15.0   61.014   61.844   1036.2    889.4
     1     1    20    10    11    16     0     2    16.0   62.682   56.683     42.5    996.3
     2     1    20    10    11    16     0     2    16.0   61.478   63.271    669.5    926.9
     3     1    20    10    11    16     0     2    16.0   60.795   62.655   1048.6    888.8
     1     1    20    10    11    17     0     1    17.0   62.703   57.008     33.1    997.4
     2     1    20    10    11    17     0     1    17.0   61.233   64.145    628.1    935.6
     3     1    20    10    11    17     0     1    17.0   60.557   63.389   1040.8    890.1
     1     1    20    10    11    18     0     0    18.0   62.714   57.353     35.9    992.1
     2     1    20    10    11    18     0     0    18.0   60.969   64.999    581.7    939.8
     3     1    20    10    11    18     0     0    18.0   60.325   64.052   1030.3    891.7
     1     1    20    10    11    19     0     1    19.0   62.717   57.739     53.5    984.6
     2     1    20    10    11    19     0     1    19.0   60.714   65.799    534.9    947.7
     3     1    20    10    11    19     0     1    19.0   60.101   64.686   1024.6    891.9
     1     1    20    10    11    20     0     2    20.0   62.707   58.182     91.3    973.2
     2     1    20    10    11    20     0     2    20.0   60.481   66.552    505.8    955.7
     3     1    20    10    11    20     0     2    20.0   59.875   65.337   1015.7    895.5
     1     1    20    10    11    21     0     3    21.0   62.665   58.723    174.6    952.0
     2     1    20    10    11    21     0     3    21.0   60.253   67.285    470.5    961.9
     3     1    20    10    11    21     0     3    21.0   59.647   66.007   1004.1    899.6
     1     1    20    10    11    22     0     2    22.0   62.585   59.398    263.3    941.4
     2     1    20    10    11    22     0     2    22.0   60.031   67.996    439.5    966.1
     3     1    20    10    11    22     0     2    22.0   59.421   66.672    986.6    903.5
     1     1    20    10    11    23     0     1    23.0   62.494   60.110    185.1    958.7
     2     1    20    10    11    23     0     1    23.0   59.832   68.702    431.4    969.2
     3     1    20    10    11    23     0     1    23.0   59.189   67.315    968.3    907.5
     1     1    20    10    12     0     0     0    24.0   62.467   60.578     90.4   1000.5
     2     1    20    10    12     0     0     0    24.0   59.631   69.396    456.4    961.4
     3     1    20    10    12     0     0     0    24.0   58.942   67.945    957.8    910.0
