     5     1
    GDAS    20    11    15     0     0
    GDAS    20    11    22     0     0
    GDAS    20    11    29     0     0
    GDAS    20    12     1     0     0
    GDAS    20    12     8     0     0
     3 FORWARD  OMEGA   
    20    11    23     0   62.085   49.588   100.0
    20    11    23     0   62.085   49.588   500.0
    20    11    23     0   62.085   49.588  1000.0
     1 PRESSURE
     1     1    20    11    23     0     0     0     0.0   62.085   49.588    100.0    986.4
     2     1    20    11    23     0     0     0     0.0   62.085   49.588    500.0    937.5
     3     1    20    11    23     0     0     0     0.0   62.085   49.588   1000.0    879.1
     1     1    20    11    23     1     0     1     1.0   62.358   49.854     82.5    986.5
     2     1    20    11    23     1     0     1     1.0   62.524   50.152    496.2    934.0
     3     1    20    11    23     1     0     1     1.0   62.469   50.453   1033.5    870.5
     1     1    20    11    23     2     0     2     2.0   62.611   50.092     69.1    985.6
     2     1    20    11    23     2     0     2     2.0   62.949   50.703    498.5    929.8
     3     1    20    11    23     2     0     2     2.0   62.831   51.312   1059.5    864.9
     1     1    20    11    23     3     0     3     3.0   62.851   50.311     62.4    983.9
     2     1    20    11    23     3     0     3     3.0   63.360   51.246    513.7    924.7
     3     1    20    11    23     3     0     3     3.0   63.184   52.175   1076.5    860.7
     1     1    20    11    23     4     0     2     4.0   63.085   50.521     60.4    983.1
     2     1    20    11    23     4     0     2     4.0   63.765   51.809    554.2    916.8
     3     1    20    11    23     4     0     2     4.0   63.536   53.069   1054.8    861.4
     1     1    20    11    23     5     0     1     5.0   63.323   50.737     63.0    981.3
     2     1    20    11    23     5     0     1     5.0   64.172   52.433    601.3    913.0
     3     1    20    11    23     5     0     1     5.0   63.883   53.958   1042.0    867.9
     1     1    20    11    23     6     0     0     6.0   63.574   50.978     69.3    978.5
     2     1    20    11    23     6     0     0     6.0   64.573   53.078    590.3    921.6
     3     1    20    11    23     6     0     0     6.0   64.197   54.858   1064.0    863.9
     1     1    20    11    23     7     0     1     7.0   63.838   51.246     83.1    973.8
     2     1    20    11    23     7     0     1     7.0   64.969   53.697    575.2    926.3
     3     1    20    11    23     7     0     1     7.0   64.493   55.778   1079.7    865.4
     1     1    20    11    23     8     0     2     8.0   64.114   51.537    117.8    968.0
     2     1    20    11    23     8     0     2     8.0   65.369   54.322    571.7    924.6
     3     1    20    11    23     8     0     2     8.0   64.793   56.692   1111.2    865.8
     1     1    20    11    23     9     0     3     9.0   64.395   51.837    149.5    967.6
     2     1    20    11    23     9     0     3     9.0   65.768   54.994    570.9    924.3
     3     1    20    11    23     9     0     3     9.0   65.093   57.586   1172.4    859.8
     1     1    20    11    23    10     0     2    10.0   64.676   52.153    155.3    971.5
     2     1    20    11    23    10     0     2    10.0   66.171   55.699    557.4    927.0
     3     1    20    11    23    10     0     2    10.0   65.376   58.513   1223.2    837.9
     1     1    20    11    23    11     0     1    11.0   64.945   52.471    128.5    978.7
     2     1    20    11    23    11     0     1    11.0   66.571   56.462    539.7    929.9
     3     1    20    11    23    11     0     1    11.0   65.628   59.533   1108.6    838.9
     1     1    20    11    23    12     0     0    12.0   65.187   52.760     97.6    983.6
     2     1    20    11    23    12     0     0    12.0   66.961   57.338    531.1    929.6
     3     1    20    11    23    12     0     0    12.0   65.838   60.655   1031.8    862.4
     1     1    20    11    23    13     0     1    13.0   65.407   53.005     75.6    986.5
     2     1    20    11    23    13     0     1    13.0   67.334   58.337    503.3    932.9
     3     1    20    11    23    13     0     1    13.0   66.023   61.703   1114.8    854.2
     1     1    20    11    23    14     0     2    14.0   65.612   53.207     61.4    987.8
     2     1    20    11    23    14     0     2    14.0   67.672   59.430    466.4    935.6
     3     1    20    11    23    14     0     2    14.0   66.173   62.625   1168.1    831.7
     1     1    20    11    23    15     0     3    15.0   65.803   53.379     52.3    988.7
     2     1    20    11    23    15     0     3    15.0   67.983   60.518    518.9    926.5
     3     1    20    11    23    15     0     3    15.0   66.281   63.372   1161.4    840.7
     1     1    20    11    23    16     0     2    16.0   65.985   53.530     45.5    989.1
     2     1    20    11    23    16     0     2    16.0   68.254   61.601    542.9    921.5
     3     1    20    11    23    16     0     2    16.0   66.364   63.932   1188.7    854.3
     1     1    20    11    23    17     0     1    17.0   66.174   53.676     41.0    990.0
     2     1    20    11    23    17     0     1    17.0   68.518   62.686    544.5    919.5
     3     1    20    11    23    17     0     1    17.0   66.439   64.445   1218.7    850.3
     1     1    20    11    23    18     0     0    18.0   66.381   53.832     41.4    990.0
     2     1    20    11    23    18     0     0    18.0   68.806   63.797    505.7    928.0
     3     1    20    11    23    18     0     0    18.0   66.498   64.975   1226.0    845.4
     1     1    20    11    23    19     0     1    19.0   66.607   54.002     47.8    988.6
     2     1    20    11    23    19     0     1    19.0   69.148   64.961    441.0    942.3
     3     1    20    11    23    19     0     1    19.0   66.550   65.537   1199.9    843.9
     1     1    20    11    23    20     0     2    20.0   66.856   54.186     58.9    987.3
     2     1    20    11    23    20     0     2    20.0   69.496   66.070    375.7    960.8
     3     1    20    11    23    20     0     2    20.0   66.609   66.155   1134.7    849.6
     1     1    20    11    23    21     0     3    21.0   67.123   54.382     70.4    987.4
     2     1    20    11    23    21     0     3    21.0   69.808   67.092    377.6    960.8
     3     1    20    11    23    21     0     3    21.0   66.687   66.845   1086.4    866.3
     1     1    20    11    23    22     0     2    22.0   67.390   54.590     70.7    990.3
     2     1    20    11    23    22     0     2    22.0   70.101   68.087    406.7    956.2
     3     1    20    11    23    22     0     2    22.0   66.793   67.599   1075.2    876.3
     1     1    20    11    23    23     0     1    23.0   67.645   54.795     56.5    994.0
     2     1    20    11    23    23     0     1    23.0   70.381   69.076    426.1    954.0
     3     1    20    11    23    23     0     1    23.0   66.921   68.390   1071.7    883.0
     1     1    20    11    24     0     0     0    24.0   67.884   54.974     32.6    998.4
     2     1    20    11    24     0     0     0    24.0   70.658   70.061    436.1    952.7
     3     1    20    11    24     0     0     0    24.0   67.061   69.201   1092.5    880.5
