     5     1
    GDAS    20    12     8     0     0
    GDAS    20    12    15     0     0
    GDAS    20    12    22     0     0
    GDAS    20    12    29     0     0
    GDAS    21     1     1     0     0
     3 FORWARD  OMEGA   
    20    12    16     0   62.085   49.588   100.0
    20    12    16     0   62.085   49.588   500.0
    20    12    16     0   62.085   49.588  1000.0
     1 PRESSURE
     1     1    20    12    16     0     0     0     0.0   62.085   49.588    100.0    993.0
     2     1    20    12    16     0     0     0     0.0   62.085   49.588    500.0    943.1
     3     1    20    12    16     0     0     0     0.0   62.085   49.588   1000.0    884.7
     1     1    20    12    16     1     0     1     1.0   62.164   49.822     95.1    992.9
     2     1    20    12    16     1     0     1     1.0   62.121   50.189    525.4    938.8
     3     1    20    12    16     1     0     1     1.0   62.129   50.316   1021.7    879.8
     1     1    20    12    16     2     0     2     2.0   62.241   50.063     92.6    992.1
     2     1    20    12    16     2     0     2     2.0   62.138   50.801    554.3    930.7
     3     1    20    12    16     2     0     2     2.0   62.161   51.047   1044.4    872.5
     1     1    20    12    16     3     0     3     3.0   62.320   50.318     93.4    990.2
     2     1    20    12    16     3     0     3     3.0   62.140   51.418    577.5    925.5
     3     1    20    12    16     3     0     3     3.0   62.180   51.797   1065.9    869.2
     1     1    20    12    16     4     0     2     4.0   62.400   50.596     97.9    987.8
     2     1    20    12    16     4     0     2     4.0   62.149   52.035    588.2    924.3
     3     1    20    12    16     4     0     2     4.0   62.202   52.550   1081.8    866.6
     1     1    20    12    16     5     0     1     5.0   62.482   50.903    107.2    985.1
     2     1    20    12    16     5     0     1     5.0   62.175   52.646    597.5    923.4
     3     1    20    12    16     5     0     1     5.0   62.232   53.273   1092.4    862.9
     1     1    20    12    16     6     0     0     6.0   62.565   51.241    119.9    982.0
     2     1    20    12    16     6     0     0     6.0   62.209   53.243    610.5    919.3
     3     1    20    12    16     6     0     0     6.0   62.270   53.984   1097.3    859.5
     1     1    20    12    16     7     0     1     7.0   62.649   51.598    130.0    979.8
     2     1    20    12    16     7     0     1     7.0   62.240   53.858    619.0    915.1
     3     1    20    12    16     7     0     1     7.0   62.318   54.696   1109.3    861.0
     1     1    20    12    16     8     0     2     8.0   62.728   51.965    134.7    978.5
     2     1    20    12    16     8     0     2     8.0   62.271   54.501    634.4    916.0
     3     1    20    12    16     8     0     2     8.0   62.376   55.415   1136.3    859.4
     1     1    20    12    16     9     0     3     9.0   62.800   52.343    136.7    976.0
     2     1    20    12    16     9     0     3     9.0   62.305   55.151    673.5    913.0
     3     1    20    12    16     9     0     3     9.0   62.445   56.159   1175.2    855.8
     1     1    20    12    16    10     0     2    10.0   62.870   52.747    138.7    972.7
     2     1    20    12    16    10     0     2    10.0   62.344   55.821    724.2    906.5
     3     1    20    12    16    10     0     2    10.0   62.514   56.932   1223.3    850.2
     1     1    20    12    16    11     0     1    11.0   62.942   53.181    139.1    971.2
     2     1    20    12    16    11     0     1    11.0   62.386   56.523    776.4    900.9
     3     1    20    12    16    11     0     1    11.0   62.577   57.767   1278.5    835.6
     1     1    20    12    16    12     0     0    12.0   63.014   53.618    129.8    975.2
     2     1    20    12    16    12     0     0    12.0   62.428   57.255    836.3    891.3
     3     1    20    12    16    12     0     0    12.0   62.616   58.763   1229.7    816.7
     1     1    20    12    16    13     0     1    13.0   63.085   54.028    111.8    979.7
     2     1    20    12    16    13     0     1    13.0   62.471   58.047    906.6    873.3
     3     1    20    12    16    13     0     1    13.0   62.600   59.882   1120.6    854.8
     1     1    20    12    16    14     0     2    14.0   63.162   54.417     97.6    979.1
     2     1    20    12    16    14     0     2    14.0   62.502   59.012    875.0    852.7
     3     1    20    12    16    14     0     2    14.0   62.519   60.886   1153.5    861.0
     1     1    20    12    16    15     0     3    15.0   63.248   54.819     94.2    977.0
     2     1    20    12    16    15     0     3    15.0   62.486   60.169    721.4    896.2
     3     1    20    12    16    15     0     3    15.0   62.423   61.824   1169.5    860.3
     1     1    20    12    16    16     0     2    16.0   63.334   55.234     96.5    976.5
     2     1    20    12    16    16     0     2    16.0   62.426   61.309    608.8    927.7
     3     1    20    12    16    16     0     2    16.0   62.346   62.736   1176.2    858.6
     1     1    20    12    16    17     0     1    17.0   63.412   55.629     88.6    979.7
     2     1    20    12    16    17     0     1    17.0   62.341   62.305    608.7    925.0
     3     1    20    12    16    17     0     1    17.0   62.298   63.592   1180.5    859.6
     1     1    20    12    16    18     0     0    18.0   63.481   55.987     71.8    983.9
     2     1    20    12    16    18     0     0    18.0   62.270   63.236    586.9    926.0
     3     1    20    12    16    18     0     0    18.0   62.278   64.412   1176.9    861.5
     1     1    20    12    16    19     0     1    19.0   63.549   56.304     57.2    986.2
     2     1    20    12    16    19     0     1    19.0   62.224   64.149    578.4    930.6
     3     1    20    12    16    19     0     1    19.0   62.279   65.268   1168.4    861.4
     1     1    20    12    16    20     0     2    20.0   63.622   56.594     49.9    987.9
     2     1    20    12    16    20     0     2    20.0   62.194   65.057    571.1    930.1
     3     1    20    12    16    20     0     2    20.0   62.308   66.131   1170.9    859.5
     1     1    20    12    16    21     0     3    21.0   63.702   56.866     48.7    989.2
     2     1    20    12    16    21     0     3    21.0   62.182   65.960    537.5    931.0
     3     1    20    12    16    21     0     3    21.0   62.348   67.021   1180.2    862.9
     1     1    20    12    16    22     0     2    22.0   63.784   57.140     54.0    987.6
     2     1    20    12    16    22     0     2    22.0   62.184   66.822    511.1    942.9
     3     1    20    12    16    22     0     2    22.0   62.407   67.938   1186.8    856.2
     1     1    20    12    16    23     0     1    23.0   63.869   57.464     70.9    981.6
     2     1    20    12    16    23     0     1    23.0   62.199   67.642    518.5    936.0
     3     1    20    12    16    23     0     1    23.0   62.483   68.881   1190.6    854.8
     1     1    20    12    17     0     0     0    24.0   63.965   57.883    110.1    970.4
     2     1    20    12    17     0     0     0    24.0   62.226   68.478    508.0    934.4
     3     1    20    12    17     0     0     0    24.0   62.538   69.853   1180.9    855.9
