     5     1
    GDAS    20    10     1     0     0
    GDAS    20    10     8     0     0
    GDAS    20    10    15     0     0
    GDAS    20    10    22     0     0
    GDAS    20    10    29     0     0
     3 FORWARD  OMEGA   
    20    10     9     0   62.085   49.588   100.0
    20    10     9     0   62.085   49.588   500.0
    20    10     9     0   62.085   49.588  1000.0
     1 PRESSURE
     1     1    20    10     9     0     0     0     0.0   62.085   49.588    100.0    998.0
     2     1    20    10     9     0     0     0     0.0   62.085   49.588    500.0    951.2
     3     1    20    10     9     0     0     0     0.0   62.085   49.588   1000.0    895.4
     1     1    20    10     9     1     0     1     1.0   62.160   49.832     99.2    997.2
     2     1    20    10     9     1     0     1     1.0   62.096   50.070    498.3    950.7
     3     1    20    10     9     1     0     1     1.0   62.058   50.123   1005.0    893.1
     1     1    20    10     9     2     0     2     2.0   62.238   50.043     98.7    996.1
     2     1    20    10     9     2     0     2     2.0   62.112   50.509    502.2    947.4
     3     1    20    10     9     2     0     2     2.0   62.046   50.644   1003.1    890.7
     1     1    20    10     9     3     0     3     3.0   62.317   50.225     97.8    994.2
     2     1    20    10     9     3     0     3     3.0   62.128   50.904    508.8    942.6
     3     1    20    10     9     3     0     3     3.0   62.038   51.159   1000.7    887.5
     1     1    20    10     9     4     0     2     4.0   62.400   50.398     98.0    993.3
     2     1    20    10     9     4     0     2     4.0   62.159   51.300    515.3    942.0
     3     1    20    10     9     4     0     2     4.0   62.042   51.688    998.4    888.7
     1     1    20    10     9     5     0     1     5.0   62.490   50.576    101.3    992.1
     2     1    20    10     9     5     0     1     5.0   62.214   51.734    520.0    941.3
     3     1    20    10     9     5     0     1     5.0   62.064   52.244   1002.7    888.7
     1     1    20    10     9     6     0     0     6.0   62.586   50.751    109.5    990.5
     2     1    20    10     9     6     0     0     6.0   62.286   52.185    524.3    941.2
     3     1    20    10     9     6     0     0     6.0   62.100   52.797   1031.1    887.0
     1     1    20    10     9     7     0     1     7.0   62.691   50.922    119.8    987.7
     2     1    20    10     9     7     0     1     7.0   62.359   52.648    534.5    938.7
     3     1    20    10     9     7     0     1     7.0   62.132   53.358   1066.2    877.5
     1     1    20    10     9     8     0     2     8.0   62.808   51.081    126.5    986.1
     2     1    20    10     9     8     0     2     8.0   62.420   53.134    544.7    935.1
     3     1    20    10     9     8     0     2     8.0   62.139   53.938   1084.1    873.0
     1     1    20    10     9     9     0     3     9.0   62.938   51.214    127.6    985.4
     2     1    20    10     9     9     0     3     9.0   62.476   53.635    549.5    934.1
     3     1    20    10     9     9     0     3     9.0   62.130   54.527   1099.9    874.5
     1     1    20    10     9    10     0     2    10.0   63.079   51.333    126.5    985.2
     2     1    20    10     9    10     0     2    10.0   62.539   54.123    543.2    934.2
     3     1    20    10     9    10     0     2    10.0   62.128   55.110   1120.6    874.9
     1     1    20    10     9    11     0     1    11.0   63.232   51.455    128.4    983.8
     2     1    20    10     9    11     0     1    11.0   62.627   54.572    525.7    936.8
     3     1    20    10     9    11     0     1    11.0   62.146   55.675   1156.5    873.3
     1     1    20    10     9    12     0     0    12.0   63.397   51.567    137.1    981.5
     2     1    20    10     9    12     0     0    12.0   62.746   54.980    515.5    937.6
     3     1    20    10     9    12     0     0    12.0   62.182   56.222   1210.9    866.9
     1     1    20    10     9    13     0     1    13.0   63.567   51.686    158.5    977.5
     2     1    20    10     9    13     0     1    13.0   62.884   55.373    516.8    937.1
     3     1    20    10     9    13     0     1    13.0   62.235   56.772   1261.2    859.8
     1     1    20    10     9    14     0     2    14.0   63.739   51.846    198.4    971.2
     2     1    20    10     9    14     0     2    14.0   63.030   55.801    522.6    938.3
     3     1    20    10     9    14     0     2    14.0   62.307   57.330   1316.9    853.1
     1     1    20    10     9    15     0     3    15.0   63.916   52.063    255.1    961.9
     2     1    20    10     9    15     0     3    15.0   63.197   56.251    539.1    938.2
     3     1    20    10     9    15     0     3    15.0   62.387   57.866   1423.0    837.9
     1     1    20    10     9    16     0     2    16.0   64.079   52.361    306.9    956.7
     2     1    20    10     9    16     0     2    16.0   63.371   56.653    582.8    935.9
     3     1    20    10     9    16     0     2    16.0   62.442   58.478   1516.9    808.9
     1     1    20    10     9    17     0     1    17.0   64.217   52.732    329.1    957.2
     2     1    20    10     9    17     0     1    17.0   63.540   57.011    669.6    928.8
     3     1    20    10     9    17     0     1    17.0   62.461   59.241   1500.5    805.4
     1     1    20    10     9    18     0     0    18.0   64.341   53.125    315.9    962.9
     2     1    20    10     9    18     0     0    18.0   63.706   57.366    788.3    908.1
     3     1    20    10     9    18     0     0    18.0   62.487   59.990   1561.8    824.0
     1     1    20    10     9    19     0     1    19.0   64.458   53.491    301.0    965.1
     2     1    20    10     9    19     0     1    19.0   63.851   57.725    880.3    892.8
     3     1    20    10     9    19     0     1    19.0   62.518   60.670   1725.5    812.8
     1     1    20    10     9    20     0     2    20.0   64.565   53.831    293.3    966.5
     2     1    20    10     9    20     0     2    20.0   63.979   58.073    935.1    881.9
     3     1    20    10     9    20     0     2    20.0   62.520   61.361   1845.8    801.3
     1     1    20    10     9    21     0     3    21.0   64.659   54.154    291.9    965.9
     2     1    20    10     9    21     0     3    21.0   64.101   58.408   1002.0    873.5
     3     1    20    10     9    21     0     3    21.0   62.506   62.050   1894.9    794.9
     1     1    20    10     9    22     0     2    22.0   64.742   54.474    297.8    964.1
     2     1    20    10     9    22     0     2    22.0   64.217   58.768   1121.2    855.5
     3     1    20    10     9    22     0     2    22.0   62.488   62.671   1939.8    798.8
     1     1    20    10     9    23     0     1    23.0   64.817   54.810    307.4    960.7
     2     1    20    10     9    23     0     1    23.0   64.315   59.193   1288.3    827.8
     3     1    20    10     9    23     0     1    23.0   62.466   63.227   2047.3    787.5
     1     1    20    10    10     0     0     0    24.0   64.889   55.167    313.2    959.8
     2     1    20    10    10     0     0     0    24.0   64.383   59.672   1439.7    794.7
     3     1    20    10    10     0     0     0    24.0   62.441   63.753   2210.0    773.3
