     5     1
    GDAS    20    10    15     0     0
    GDAS    20    10    22     0     0
    GDAS    20    10    29     0     0
    GDAS    20    11     1     0     0
    GDAS    20    11     8     0     0
     3 FORWARD  OMEGA   
    20    10    23     0   62.085   49.588   100.0
    20    10    23     0   62.085   49.588   500.0
    20    10    23     0   62.085   49.588  1000.0
     1 PRESSURE
     1     1    20    10    23     0     0     0     0.0   62.085   49.588    100.0    991.7
     2     1    20    10    23     0     0     0     0.0   62.085   49.588    500.0    942.2
     3     1    20    10    23     0     0     0     0.0   62.085   49.588   1000.0    883.8
     1     1    20    10    23     1     0     1     1.0   62.212   49.587     92.9    990.4
     2     1    20    10    23     1     0     1     1.0   62.302   49.748    478.5    941.7
     3     1    20    10    23     1     0     1     1.0   62.249   49.760    973.2    884.6
     1     1    20    10    23     2     0     2     2.0   62.353   49.578     82.9    989.7
     2     1    20    10    23     2     0     2     2.0   62.544   49.930    451.4    943.3
     3     1    20    10    23     2     0     2     2.0   62.436   49.937    940.0    887.2
     1     1    20    10    23     3     0     3     3.0   62.505   49.559     71.2    989.1
     2     1    20    10    23     3     0     3     3.0   62.813   50.150    426.5    944.5
     3     1    20    10    23     3     0     3     3.0   62.648   50.127    908.2    889.2
     1     1    20    10    23     4     0     2     4.0   62.668   49.521     59.3    987.3
     2     1    20    10    23     4     0     2     4.0   63.101   50.377    409.3    944.2
     3     1    20    10    23     4     0     2     4.0   62.883   50.315    885.3    889.6
     1     1    20    10    23     5     0     1     5.0   62.843   49.452     47.9    985.2
     2     1    20    10    23     5     0     1     5.0   63.400   50.578    401.2    942.7
     3     1    20    10    23     5     0     1     5.0   63.142   50.485    867.5    889.0
     1     1    20    10    23     6     0     0     6.0   63.032   49.353     37.6    983.0
     2     1    20    10    23     6     0     0     6.0   63.710   50.777    406.7    939.5
     3     1    20    10    23     6     0     0     6.0   63.424   50.644    851.3    888.3
     1     1    20    10    23     7     0     1     7.0   63.225   49.224     28.8    983.8
     2     1    20    10    23     7     0     1     7.0   64.018   50.973    422.5    934.1
     3     1    20    10    23     7     0     1     7.0   63.729   50.812    837.1    887.2
     1     1    20    10    23     8     0     2     8.0   63.415   49.066     21.4    984.8
     2     1    20    10    23     8     0     2     8.0   64.324   51.134    424.3    933.6
     3     1    20    10    23     8     0     2     8.0   64.058   50.989    822.6    886.5
     1     1    20    10    23     9     0     3     9.0   63.599   48.882     15.8    985.7
     2     1    20    10    23     9     0     3     9.0   64.631   51.238    401.2    940.2
     3     1    20    10    23     9     0     3     9.0   64.410   51.174    797.3    891.0
     1     1    20    10    23    10     0     2    10.0   63.779   48.680     12.3    985.3
     2     1    20    10    23    10     0     2    10.0   64.943   51.293    359.9    947.8
     3     1    20    10    23    10     0     2    10.0   64.775   51.395    751.6    900.0
     1     1    20    10    23    11     0     1    11.0   63.960   48.461     10.8    984.5
     2     1    20    10    23    11     0     1    11.0   65.256   51.304    311.4    954.6
     3     1    20    10    23    11     0     1    11.0   65.149   51.652    688.7    911.6
     1     1    20    10    23    12     0     0    12.0   64.146   48.220     11.4    983.7
     2     1    20    10    23    12     0     0    12.0   65.571   51.267    274.9    958.8
     3     1    20    10    23    12     0     0    12.0   65.527   51.927    624.1    922.6
     1     1    20    10    23    13     0     1    13.0   64.339   47.959     13.7    982.2
     2     1    20    10    23    13     0     1    13.0   65.886   51.175    262.9    959.2
     3     1    20    10    23    13     0     1    13.0   65.897   52.188    566.0    928.4
     1     1    20    10    23    14     0     2    14.0   64.540   47.675     15.2    981.6
     2     1    20    10    23    14     0     2    14.0   66.203   51.015    271.3    958.3
     3     1    20    10    23    14     0     2    14.0   66.250   52.353    518.8    936.3
     1     1    20    10    23    15     0     3    15.0   64.744   47.372     13.1    981.5
     2     1    20    10    23    15     0     3    15.0   66.531   50.784    280.8    959.3
     3     1    20    10    23    15     0     3    15.0   66.593   52.418    493.0    942.9
     1     1    20    10    23    16     0     2    16.0   64.944   47.066      7.8    982.6
     2     1    20    10    23    16     0     2    16.0   66.875   50.500    278.7    961.4
     3     1    20    10    23    16     0     2    16.0   66.940   52.425    490.2    946.0
     1     1    20    10    23    17     0     1    17.0   65.137   46.776      1.8    984.6
     2     1    20    10    23    17     0     1    17.0   67.236   50.160    264.1    962.2
     3     1    20    10    23    17     0     1    17.0   67.292   52.361    492.1    942.3
     1     1    20    10    23    18     0     0    18.0   65.321   46.506      0.0    985.8
     2     1    20    10    23    18     0     0    18.0   67.599   49.726    237.5    966.3
     3     1    20    10    23    18     0     0    18.0   67.643   52.202    483.4    939.5
     1     1    20    10    23    19     0     1    19.0   65.491   46.245      0.0    986.4
     2     1    20    10    23    19     0     1    19.0   67.940   49.185    219.0    975.2
     3     1    20    10    23    19     0     1    19.0   67.987   51.958    456.3    936.4
     1     1    20    10    23    20     0     2    20.0   65.642   45.985      0.0    986.8
     2     1    20    10    23    20     0     2    20.0   68.252   48.564    221.6    973.1
     3     1    20    10    23    20     0     2    20.0   68.318   51.616    418.8    945.5
     1     1    20    10    23    21     0     3    21.0   65.776   45.727      0.8    986.5
     2     1    20    10    23    21     0     3    21.0   68.537   47.857    216.4    972.7
     3     1    20    10    23    21     0     3    21.0   68.629   51.139    381.2    953.5
     1     1    20    10    23    22     0     2    22.0   65.899   45.470      1.9    986.3
     2     1    20    10    23    22     0     2    22.0   68.812   47.012    206.9    975.2
     3     1    20    10    23    22     0     2    22.0   68.909   50.516    362.7    960.5
     1     1    20    10    23    23     0     1    23.0   66.017   45.213      3.4    986.2
     2     1    20    10    23    23     0     1    23.0   69.083   46.001    208.5    973.6
     3     1    20    10    23    23     0     1    23.0   69.157   49.748    387.1    953.1
     1     1    20    10    24     0     0     0    24.0   66.136   44.945      5.6    986.7
     2     1    20    10    24     0     0     0    24.0   69.353   44.860    213.6    972.3
     3     1    20    10    24     0     0     0    24.0   69.393   48.795    376.5    950.4
