     5     1
    GDAS    20    10    29     0     0
    GDAS    20    11     1     0     0
    GDAS    20    11     8     0     0
    GDAS    20    11    15     0     0
    GDAS    20    11    22     0     0
     3 FORWARD  OMEGA   
    20    11     2     0   62.085   49.588   100.0
    20    11     2     0   62.085   49.588   500.0
    20    11     2     0   62.085   49.588  1000.0
     1 PRESSURE
     1     1    20    11     2     0     0     0     0.0   62.085   49.588    100.0   1002.1
     2     1    20    11     2     0     0     0     0.0   62.085   49.588    500.0    953.4
     3     1    20    11     2     0     0     0     0.0   62.085   49.588   1000.0    895.1
     1     1    20    11     2     1     0     1     1.0   62.121   49.834     88.7   1003.2
     2     1    20    11     2     1     0     1     1.0   62.046   50.057    485.2    955.2
     3     1    20    11     2     1     0     1     1.0   62.038   50.104    977.0    897.1
     1     1    20    11     2     2     0     2     2.0   62.158   50.076     77.2   1004.1
     2     1    20    11     2     2     0     2     2.0   61.999   50.523    465.4    953.6
     3     1    20    11     2     2     0     2     2.0   61.971   50.620    941.8    897.3
     1     1    20    11     2     3     0     3     3.0   62.196   50.322     67.4   1003.4
     2     1    20    11     2     3     0     3     3.0   61.939   50.980    433.7    953.5
     3     1    20    11     2     3     0     3     3.0   61.883   51.122    897.3    899.7
     1     1    20    11     2     4     0     2     4.0   62.232   50.580     60.6   1003.1
     2     1    20    11     2     4     0     2     4.0   61.882   51.445    401.8    959.7
     3     1    20    11     2     4     0     2     4.0   61.781   51.598    858.6    905.6
     1     1    20    11     2     5     0     1     5.0   62.264   50.853     57.1   1002.8
     2     1    20    11     2     5     0     1     5.0   61.836   51.938    376.6    962.7
     3     1    20    11     2     5     0     1     5.0   61.674   52.046    835.9    908.5
     1     1    20    11     2     6     0     0     6.0   62.291   51.140     55.2   1002.9
     2     1    20    11     2     6     0     0     6.0   61.797   52.440    363.3    964.8
     3     1    20    11     2     6     0     0     6.0   61.561   52.470    824.9    908.2
     1     1    20    11     2     7     0     1     7.0   62.318   51.434     51.5   1003.0
     2     1    20    11     2     7     0     1     7.0   61.759   52.937    369.3    962.9
     3     1    20    11     2     7     0     1     7.0   61.445   52.876    818.8    906.7
     1     1    20    11     2     8     0     2     8.0   62.345   51.724     44.8   1003.7
     2     1    20    11     2     8     0     2     8.0   61.715   53.443    372.7    958.4
     3     1    20    11     2     8     0     2     8.0   61.332   53.270    816.0    906.5
     1     1    20    11     2     9     0     3     9.0   62.371   52.002     36.2   1004.8
     2     1    20    11     2     9     0     3     9.0   61.672   53.947    355.9    959.0
     3     1    20    11     2     9     0     3     9.0   61.218   53.653    815.8    907.8
     1     1    20    11     2    10     0     2    10.0   62.400   52.263     30.8   1005.3
     2     1    20    11     2    10     0     2    10.0   61.637   54.425    332.1    965.5
     3     1    20    11     2    10     0     2    10.0   61.106   54.024    803.4    910.4
     1     1    20    11     2    11     0     1    11.0   62.439   52.519     30.7   1004.1
     2     1    20    11     2    11     0     1    11.0   61.606   54.875    316.9    970.6
     3     1    20    11     2    11     0     1    11.0   60.998   54.387    769.6    916.0
     1     1    20    11     2    12     0     0    12.0   62.490   52.779     33.1   1002.8
     2     1    20    11     2    12     0     0    12.0   61.570   55.325    309.5    970.6
     3     1    20    11     2    12     0     0    12.0   60.888   54.743    722.0    922.0
     1     1    20    11     2    13     0     1    13.0   62.544   53.044     36.2   1001.1
     2     1    20    11     2    13     0     1    13.0   61.523   55.777    304.2    969.3
     3     1    20    11     2    13     0     1    13.0   60.779   55.078    684.5    929.0
     1     1    20    11     2    14     0     2    14.0   62.590   53.311     36.8   1000.4
     2     1    20    11     2    14     0     2    14.0   61.463   56.200    308.9    968.2
     3     1    20    11     2    14     0     2    14.0   60.676   55.374    676.3    928.3
     1     1    20    11     2    15     0     3    15.0   62.623   53.567     33.3   1000.9
     2     1    20    11     2    15     0     3    15.0   61.387   56.566    333.8    965.2
     3     1    20    11     2    15     0     3    15.0   60.581   55.623    692.6    925.1
     1     1    20    11     2    16     0     2    16.0   62.653   53.809     25.9   1001.9
     2     1    20    11     2    16     0     2    16.0   61.307   56.896    375.9    959.7
     3     1    20    11     2    16     0     2    16.0   60.489   55.845    712.0    920.5
     1     1    20    11     2    17     0     1    17.0   62.691   54.027     16.8   1003.7
     2     1    20    11     2    17     0     1    17.0   61.242   57.222    422.7    951.2
     3     1    20    11     2    17     0     1    17.0   60.401   56.064    715.7    920.6
     1     1    20    11     2    18     0     0    18.0   62.739   54.223     10.0   1004.8
     2     1    20    11     2    18     0     0    18.0   61.193   57.545    467.5    943.1
     3     1    20    11     2    18     0     0    18.0   60.318   56.287    707.4    923.0
     1     1    20    11     2    19     0     1    19.0   62.800   54.404      6.2   1004.3
     2     1    20    11     2    19     0     1    19.0   61.147   57.862    512.9    934.9
     3     1    20    11     2    19     0     1    19.0   60.239   56.517    698.4    925.5
     1     1    20    11     2    20     0     2    20.0   62.875   54.574      3.4   1003.7
     2     1    20    11     2    20     0     2    20.0   61.090   58.182    554.0    922.5
     3     1    20    11     2    20     0     2    20.0   60.163   56.748    689.7    926.3
     1     1    20    11     2    21     0     3    21.0   62.959   54.730      1.1   1003.2
     2     1    20    11     2    21     0     3    21.0   61.016   58.516    560.6    908.5
     3     1    20    11     2    21     0     3    21.0   60.089   56.975    667.7    928.6
     1     1    20    11     2    22     0     2    22.0   63.050   54.883      0.0   1002.7
     2     1    20    11     2    22     0     2    22.0   60.935   58.859    518.1    903.0
     3     1    20    11     2    22     0     2    22.0   60.022   57.193    634.7    930.6
     1     1    20    11     2    23     0     1    23.0   63.144   55.044      0.0   1002.6
     2     1    20    11     2    23     0     1    23.0   60.864   59.203    455.7    914.4
     3     1    20    11     2    23     0     1    23.0   59.967   57.406    600.3    929.9
     1     1    20    11     3     0     0     0    24.0   63.241   55.209      0.0   1003.6
     2     1    20    11     3     0     0     0    24.0   60.821   59.535    387.3    933.4
     3     1    20    11     3     0     0     0    24.0   59.924   57.621    561.8    929.4
