     5     1
    GDAS    20    12    15     0     0
    GDAS    20    12    22     0     0
    GDAS    20    12    29     0     0
    GDAS    21     1     1     0     0
    GDAS    21     1     8     0     0
     3 FORWARD  OMEGA   
    20    12    25     0   62.085   49.588   100.0
    20    12    25     0   62.085   49.588   500.0
    20    12    25     0   62.085   49.588  1000.0
     1 PRESSURE
     1     1    20    12    25     0     0     0     0.0   62.085   49.588    100.0    994.5
     2     1    20    12    25     0     0     0     0.0   62.085   49.588    500.0    942.9
     3     1    20    12    25     0     0     0     0.0   62.085   49.588   1000.0    883.5
     1     1    20    12    25     1     0     1     1.0   62.051   49.305    112.8    993.0
     2     1    20    12    25     1     0     1     1.0   62.163   49.524    512.5    940.0
     3     1    20    12    25     1     0     1     1.0   62.131   49.661    996.7    883.0
     1     1    20    12    25     2     0     2     2.0   62.024   49.016    130.3    990.8
     2     1    20    12    25     2     0     2     2.0   62.236   49.440    519.8    938.2
     3     1    20    12    25     2     0     2     2.0   62.178   49.722    986.4    883.8
     1     1    20    12    25     3     0     3     3.0   62.009   48.708    147.7    985.4
     2     1    20    12    25     3     0     3     3.0   62.304   49.337    524.3    936.6
     3     1    20    12    25     3     0     3     3.0   62.226   49.769    970.0    885.4
     1     1    20    12    25     4     0     2     4.0   62.007   48.372    158.3    981.3
     2     1    20    12    25     4     0     2     4.0   62.370   49.214    527.5    935.4
     3     1    20    12    25     4     0     2     4.0   62.274   49.795    954.7    888.0
     1     1    20    12    25     5     0     1     5.0   62.018   48.007    161.5    978.1
     2     1    20    12    25     5     0     1     5.0   62.437   49.074    529.6    933.9
     3     1    20    12    25     5     0     1     5.0   62.321   49.800    946.5    888.7
     1     1    20    12    25     6     0     0     6.0   62.044   47.615    161.6    978.4
     2     1    20    12    25     6     0     0     6.0   62.506   48.918    530.4    932.8
     3     1    20    12    25     6     0     0     6.0   62.364   49.786    944.0    888.8
     1     1    20    12    25     7     0     1     7.0   62.082   47.205    161.6    978.1
     2     1    20    12    25     7     0     1     7.0   62.583   48.740    531.6    931.9
     3     1    20    12    25     7     0     1     7.0   62.409   49.753    942.2    888.0
     1     1    20    12    25     8     0     2     8.0   62.123   46.781    160.7    979.5
     2     1    20    12    25     8     0     2     8.0   62.674   48.537    533.5    931.1
     3     1    20    12    25     8     0     2     8.0   62.463   49.702    936.8    888.0
     1     1    20    12    25     9     0     3     9.0   62.164   46.347    155.7    982.6
     2     1    20    12    25     9     0     3     9.0   62.777   48.310    534.6    931.1
     3     1    20    12    25     9     0     3     9.0   62.529   49.633    927.1    888.3
     1     1    20    12    25    10     0     2    10.0   62.207   45.912    145.8    986.8
     2     1    20    12    25    10     0     2    10.0   62.887   48.073    536.1    932.2
     3     1    20    12    25    10     0     2    10.0   62.598   49.560    914.9    889.1
     1     1    20    12    25    11     0     1    11.0   62.253   45.487    139.2    991.1
     2     1    20    12    25    11     0     1    11.0   62.997   47.844    539.1    932.3
     3     1    20    12    25    11     0     1    11.0   62.662   49.499    903.8    889.7
     1     1    20    12    25    12     0     0    12.0   62.302   45.061    142.9    992.8
     2     1    20    12    25    12     0     0    12.0   63.108   47.615    541.8    932.3
     3     1    20    12    25    12     0     0    12.0   62.719   49.451    895.5    890.0
     1     1    20    12    25    13     0     1    13.0   62.354   44.605    148.1    987.3
     2     1    20    12    25    13     0     1    13.0   63.227   47.345    543.6    932.6
     3     1    20    12    25    13     0     1    13.0   62.778   49.396    890.5    889.3
     1     1    20    12    25    14     0     2    14.0   62.403   44.108    146.0    982.8
     2     1    20    12    25    14     0     2    14.0   63.361   47.005    545.1    933.8
     3     1    20    12    25    14     0     2    14.0   62.849   49.315    888.6    887.7
     1     1    20    12    25    15     0     3    15.0   62.444   43.586    139.7    983.5
     2     1    20    12    25    15     0     3    15.0   63.506   46.600    546.9    932.7
     3     1    20    12    25    15     0     3    15.0   62.930   49.206    888.1    885.6
     1     1    20    12    25    16     0     2    16.0   62.473   43.050    128.8    985.9
     2     1    20    12    25    16     0     2    16.0   63.660   46.149    547.2    930.6
     3     1    20    12    25    16     0     2    16.0   63.019   49.057    890.7    883.6
     1     1    20    12    25    17     0     1    17.0   62.488   42.527    125.0    988.1
     2     1    20    12    25    17     0     1    17.0   63.815   45.664    546.9    932.1
     3     1    20    12    25    17     0     1    17.0   63.115   48.853    899.9    883.7
     1     1    20    12    25    18     0     0    18.0   62.489   42.006    149.1    985.3
     2     1    20    12    25    18     0     0    18.0   63.970   45.148    554.7    936.2
     3     1    20    12    25    18     0     0    18.0   63.218   48.589    915.9    884.0
     1     1    20    12    25    19     0     1    19.0   62.474   41.426    180.6    974.7
     2     1    20    12    25    19     0     1    19.0   64.127   44.591    565.5    934.7
     3     1    20    12    25    19     0     1    19.0   63.334   48.281    928.8    882.9
     1     1    20    12    25    20     0     2    20.0   62.437   40.789    179.7    970.5
     2     1    20    12    25    20     0     2    20.0   64.281   43.960    568.4    936.6
     3     1    20    12    25    20     0     2    20.0   63.472   47.941    930.8    884.1
     1     1    20    12    25    21     0     3    21.0   62.379   40.161    175.2    972.2
     2     1    20    12    25    21     0     3    21.0   64.422   43.264    566.9    934.4
     3     1    20    12    25    21     0     3    21.0   63.629   47.574    927.6    886.1
     1     1    20    12    25    22     0     2    22.0   62.300   39.543    191.9    970.1
     2     1    20    12    25    22     0     2    22.0   64.541   42.494    558.8    935.7
     3     1    20    12    25    22     0     2    22.0   63.793   47.166    927.6    889.1
     1     1    20    12    25    23     0     1    23.0   62.197   38.934    221.2    966.6
     2     1    20    12    25    23     0     1    23.0   64.629   41.636    538.9    937.9
     3     1    20    12    25    23     0     1    23.0   63.949   46.697    930.1    887.9
     1     1    20    12    26     0     0     0    24.0   62.076   38.326    243.0    959.0
     2     1    20    12    26     0     0     0    24.0   64.705   40.720    509.7    941.2
     3     1    20    12    26     0     0     0    24.0   64.086   46.159    927.2    884.3
