     5     1
    GDAS    20    10    29     0     0
    GDAS    20    11     1     0     0
    GDAS    20    11     8     0     0
    GDAS    20    11    15     0     0
    GDAS    20    11    22     0     0
     3 FORWARD  OMEGA   
    20    11     5     0   62.085   49.588   100.0
    20    11     5     0   62.085   49.588   500.0
    20    11     5     0   62.085   49.588  1000.0
     1 PRESSURE
     1     1    20    11     5     0     0     0     0.0   62.085   49.588    100.0    992.4
     2     1    20    11     5     0     0     0     0.0   62.085   49.588    500.0    944.4
     3     1    20    11     5     0     0     0     0.0   62.085   49.588   1000.0    887.7
     1     1    20    11     5     1     0     1     1.0   62.208   49.800     92.9    991.1
     2     1    20    11     5     1     0     1     1.0   62.217   50.209    481.6    945.1
     3     1    20    11     5     1     0     1     1.0   62.201   50.220   1001.7    888.1
     1     1    20    11     5     2     0     2     2.0   62.347   49.978     82.4    990.3
     2     1    20    11     5     2     0     2     2.0   62.378   50.808    480.6    939.9
     3     1    20    11     5     2     0     2     2.0   62.346   50.853   1023.7    876.9
     1     1    20    11     5     3     0     3     3.0   62.496   50.122     69.3    989.5
     2     1    20    11     5     3     0     3     3.0   62.567   51.387    485.6    936.8
     3     1    20    11     5     3     0     3     3.0   62.527   51.474   1042.8    874.6
     1     1    20    11     5     4     0     2     4.0   62.657   50.255     59.0    987.6
     2     1    20    11     5     4     0     2     4.0   62.794   51.930    501.7    934.6
     3     1    20    11     5     4     0     2     4.0   62.739   52.091   1095.4    869.5
     1     1    20    11     5     5     0     1     5.0   62.837   50.394     55.0    985.3
     2     1    20    11     5     5     0     1     5.0   63.065   52.451    513.9    925.2
     3     1    20    11     5     5     0     1     5.0   62.984   52.740   1124.6    851.3
     1     1    20    11     5     6     0     0     6.0   63.038   50.532     56.6    982.7
     2     1    20    11     5     6     0     0     6.0   63.383   52.974    463.7    924.8
     3     1    20    11     5     6     0     0     6.0   63.272   53.420   1051.0    861.2
     1     1    20    11     5     7     0     1     7.0   63.254   50.694     63.3    978.8
     2     1    20    11     5     7     0     1     7.0   63.713   53.436    392.3    943.5
     3     1    20    11     5     7     0     1     7.0   63.579   54.119    980.0    880.7
     1     1    20    11     5     8     0     2     8.0   63.478   50.913     75.4    974.3
     2     1    20    11     5     8     0     2     8.0   64.041   53.811    364.2    946.8
     3     1    20    11     5     8     0     2     8.0   63.885   54.777    984.7    876.9
     1     1    20    11     5     9     0     3     9.0   63.713   51.191     96.7    967.9
     2     1    20    11     5     9     0     3     9.0   64.387   54.070    365.2    945.7
     3     1    20    11     5     9     0     3     9.0   64.196   55.347    998.3    869.4
     1     1    20    11     5    10     0     2    10.0   63.959   51.534    134.6    960.7
     2     1    20    11     5    10     0     2    10.0   64.748   54.276    366.3    944.0
     3     1    20    11     5    10     0     2    10.0   64.516   55.866   1002.6    873.8
     1     1    20    11     5    11     0     1    11.0   64.225   51.952    196.8    955.4
     2     1    20    11     5    11     0     1    11.0   65.114   54.487    349.3    944.1
     3     1    20    11     5    11     0     1    11.0   64.861   56.333   1035.9    873.7
     1     1    20    11     5    12     0     0    12.0   64.513   52.420    241.0    949.1
     2     1    20    11     5    12     0     0    12.0   65.485   54.650    334.6    947.4
     3     1    20    11     5    12     0     0    12.0   65.232   56.714   1095.9    864.0
     1     1    20    11     5    13     0     1    13.0   64.791   52.845    229.0    954.9
     2     1    20    11     5    13     0     1    13.0   65.850   54.771    344.0    946.2
     3     1    20    11     5    13     0     1    13.0   65.604   57.118   1132.7    856.3
     1     1    20    11     5    14     0     2    14.0   65.044   53.222    200.7    962.3
     2     1    20    11     5    14     0     2    14.0   66.199   54.878    359.1    942.3
     3     1    20    11     5    14     0     2    14.0   65.981   57.535   1144.8    856.2
     1     1    20    11     5    15     0     3    15.0   65.276   53.586    186.4    962.9
     2     1    20    11     5    15     0     3    15.0   66.544   54.950    364.3    940.5
     3     1    20    11     5    15     0     3    15.0   66.363   57.858   1170.5    854.0
     1     1    20    11     5    16     0     2    16.0   65.500   53.925    188.1    961.9
     2     1    20    11     5    16     0     2    16.0   66.881   54.967    377.6    940.0
     3     1    20    11     5    16     0     2    16.0   66.707   58.112   1230.4    847.0
     1     1    20    11     5    17     0     1    17.0   65.719   54.247    194.6    959.2
     2     1    20    11     5    17     0     1    17.0   67.203   54.940    397.2    936.6
     3     1    20    11     5    17     0     1    17.0   67.020   58.290   1326.8    835.4
     1     1    20    11     5    18     0     0    18.0   65.920   54.592    204.1    958.1
     2     1    20    11     5    18     0     0    18.0   67.501   54.859    392.7    937.9
     3     1    20    11     5    18     0     0    18.0   67.322   58.337   1462.3    820.3
     1     1    20    11     5    19     0     1    19.0   66.106   54.957    220.8    955.6
     2     1    20    11     5    19     0     1    19.0   67.777   54.735    362.0    945.0
     3     1    20    11     5    19     0     1    19.0   67.602   58.301   1586.5    800.3
     1     1    20    11     5    20     0     2    20.0   66.283   55.314    237.7    952.4
     2     1    20    11     5    20     0     2    20.0   68.034   54.581    321.2    952.1
     3     1    20    11     5    20     0     2    20.0   67.860   58.197   1636.0    794.4
     1     1    20    11     5    21     0     3    21.0   66.446   55.659    251.3    950.6
     2     1    20    11     5    21     0     3    21.0   68.276   54.383    290.6    956.8
     3     1    20    11     5    21     0     3    21.0   68.115   57.977   1615.6    798.6
     1     1    20    11     5    22     0     2    22.0   66.592   56.008    268.5    949.1
     2     1    20    11     5    22     0     2    22.0   68.506   54.141    279.4    957.6
     3     1    20    11     5    22     0     2    22.0   68.357   57.718   1572.3    809.0
     1     1    20    11     5    23     0     1    23.0   66.723   56.372    292.9    945.9
     2     1    20    11     5    23     0     1    23.0   68.718   53.849    274.7    957.0
     3     1    20    11     5    23     0     1    23.0   68.574   57.469   1538.7    813.8
     1     1    20    11     6     0     0     0    24.0   66.834   56.756    312.4    942.6
     2     1    20    11     6     0     0     0    24.0   68.908   53.500    264.7    957.9
     3     1    20    11     6     0     0     0    24.0   68.771   57.174   1508.5    818.4
