     5     1
    GDAS    20    11    29     0     0
    GDAS    20    12     1     0     0
    GDAS    20    12     8     0     0
    GDAS    20    12    15     0     0
    GDAS    20    12    22     0     0
     3 FORWARD  OMEGA   
    20    12     4     0   62.085   49.588   100.0
    20    12     4     0   62.085   49.588   500.0
    20    12     4     0   62.085   49.588  1000.0
     1 PRESSURE
     1     1    20    12     4     0     0     0     0.0   62.085   49.588    100.0   1011.2
     2     1    20    12     4     0     0     0     0.0   62.085   49.588    500.0    961.1
     3     1    20    12     4     0     0     0     0.0   62.085   49.588   1000.0    902.1
     1     1    20    12     4     1     0     1     1.0   62.210   49.771     94.7   1010.3
     2     1    20    12     4     1     0     1     1.0   62.204   50.157    507.2    958.3
     3     1    20    12     4     1     0     1     1.0   62.160   50.251    996.7    900.2
     1     1    20    12     4     2     0     2     2.0   62.335   49.965     89.8   1009.7
     2     1    20    12     4     2     0     2     2.0   62.315   50.766    510.2    952.9
     3     1    20    12     4     2     0     2     2.0   62.227   50.945    983.0    896.3
     1     1    20    12     4     3     0     3     3.0   62.466   50.164     85.4   1008.5
     2     1    20    12     4     3     0     3     3.0   62.417   51.420    503.4    952.0
     3     1    20    12     4     3     0     3     3.0   62.281   51.652    962.7    899.4
     1     1    20    12     4     4     0     2     4.0   62.603   50.379     82.5   1008.1
     2     1    20    12     4     4     0     2     4.0   62.509   52.118    487.1    954.0
     3     1    20    12     4     4     0     2     4.0   62.313   52.372    942.3    901.1
     1     1    20    12     4     5     0     1     5.0   62.747   50.621     82.1   1007.8
     2     1    20    12     4     5     0     1     5.0   62.588   52.856    459.3    954.0
     3     1    20    12     4     5     0     1     5.0   62.325   53.110    916.3    902.4
     1     1    20    12     4     6     0     0     6.0   62.896   50.890     84.1   1007.5
     2     1    20    12     4     6     0     0     6.0   62.649   53.630    422.2    960.0
     3     1    20    12     4     6     0     0     6.0   62.314   53.856    896.4    904.4
     1     1    20    12     4     7     0     1     7.0   63.046   51.173     87.1   1005.9
     2     1    20    12     4     7     0     1     7.0   62.689   54.417    386.3    965.5
     3     1    20    12     4     7     0     1     7.0   62.278   54.599    888.6    905.5
     1     1    20    12     4     8     0     2     8.0   63.193   51.468     90.1   1003.4
     2     1    20    12     4     8     0     2     8.0   62.709   55.195    377.9    965.3
     3     1    20    12     4     8     0     2     8.0   62.228   55.334    883.8    908.9
     1     1    20    12     4     9     0     3     9.0   63.336   51.781     95.4   1000.8
     2     1    20    12     4     9     0     3     9.0   62.717   55.941    383.6    968.8
     3     1    20    12     4     9     0     3     9.0   62.147   56.040    909.5    907.3
     1     1    20    12     4    10     0     2    10.0   63.478   52.132    105.6    997.8
     2     1    20    12     4    10     0     2    10.0   62.729   56.628    407.7    966.4
     3     1    20    12     4    10     0     2    10.0   62.028   56.712    957.1    901.9
     1     1    20    12     4    11     0     1    11.0   63.624   52.551    105.7    996.2
     2     1    20    12     4    11     0     1    11.0   62.749   57.281    449.9    957.5
     3     1    20    12     4    11     0     1    11.0   61.896   57.358   1010.3    892.3
     1     1    20    12     4    12     0     0    12.0   63.771   52.993     75.2   1000.8
     2     1    20    12     4    12     0     0    12.0   62.759   57.965    498.0    941.6
     3     1    20    12     4    12     0     0    12.0   61.741   57.984   1061.2    880.6
     1     1    20    12     4    13     0     1    13.0   63.898   53.346     46.0   1009.9
     2     1    20    12     4    13     0     1    13.0   62.718   58.793    472.4    916.8
     3     1    20    12     4    13     0     1    13.0   61.543   58.648   1009.2    858.1
     1     1    20    12     4    14     0     2    14.0   64.012   53.672     33.4   1010.8
     2     1    20    12     4    14     0     2    14.0   62.678   59.707    354.5    953.5
     3     1    20    12     4    14     0     2    14.0   61.312   59.384    844.8    886.6
     1     1    20    12     4    15     0     3    15.0   64.119   53.987     34.5   1011.2
     2     1    20    12     4    15     0     3    15.0   62.689   60.490    158.9    999.0
     3     1    20    12     4    15     0     3    15.0   61.102   59.993    753.6    908.9
     1     1    20    12     4    16     0     2    16.0   64.228   54.316     40.2   1009.7
     2     1    20    12     4    16     0     2    16.0   62.724   61.020     74.6   1014.5
     3     1    20    12     4    16     0     2    16.0   60.944   60.406    645.5    929.6
     1     1    20    12     4    17     0     1    17.0   64.341   54.661     41.1   1008.4
     2     1    20    12     4    17     0     1    17.0   62.759   61.450     45.8   1019.1
     3     1    20    12     4    17     0     1    17.0   60.822   60.754    551.8    949.4
     1     1    20    12     4    18     0     0    18.0   64.452   55.017     37.0   1007.6
     2     1    20    12     4    18     0     0    18.0   62.796   61.862     35.8   1020.0
     3     1    20    12     4    18     0     0    18.0   60.695   61.124    501.1    961.2
     1     1    20    12     4    19     0     1    19.0   64.558   55.346     31.3   1010.5
     2     1    20    12     4    19     0     1    19.0   62.835   62.281     35.0   1020.2
     3     1    20    12     4    19     0     1    19.0   60.567   61.504    486.6    964.4
     1     1    20    12     4    20     0     2    20.0   64.661   55.622     26.8   1013.0
     2     1    20    12     4    20     0     2    20.0   62.882   62.712     35.4   1021.5
     3     1    20    12     4    20     0     2    20.0   60.445   61.866    486.2    964.7
     1     1    20    12     4    21     0     3    21.0   64.765   55.850     24.2   1015.3
     2     1    20    12     4    21     0     3    21.0   62.937   63.150     35.0   1023.4
     3     1    20    12     4    21     0     3    21.0   60.329   62.203    479.3    964.7
     1     1    20    12     4    22     0     2    22.0   64.870   56.049     22.8   1017.2
     2     1    20    12     4    22     0     2    22.0   62.986   63.602     35.1   1023.9
     3     1    20    12     4    22     0     2    22.0   60.218   62.525    463.4    967.8
     1     1    20    12     4    23     0     1    23.0   64.977   56.234     21.6   1018.0
     2     1    20    12     4    23     0     1    23.0   63.017   64.068     35.8   1024.3
     3     1    20    12     4    23     0     1    23.0   60.112   62.841    446.4    970.5
     1     1    20    12     5     0     0     0    24.0   65.090   56.411     20.3   1018.5
     2     1    20    12     5     0     0     0    24.0   63.041   64.495     38.5   1024.5
     3     1    20    12     5     0     0     0    24.0   60.012   63.152    432.5    972.9
