     5     1
    GDAS    20    10    29     0     0
    GDAS    20    11     1     0     0
    GDAS    20    11     8     0     0
    GDAS    20    11    15     0     0
    GDAS    20    11    22     0     0
     3 FORWARD  OMEGA   
    20    11     6     0   62.085   49.588   100.0
    20    11     6     0   62.085   49.588   500.0
    20    11     6     0   62.085   49.588  1000.0
     1 PRESSURE
     1     1    20    11     6     0     0     0     0.0   62.085   49.588    100.0    971.2
     2     1    20    11     6     0     0     0     0.0   62.085   49.588    500.0    924.3
     3     1    20    11     6     0     0     0     0.0   62.085   49.588   1000.0    868.3
     1     1    20    11     6     1     0     1     1.0   62.326   49.830     85.6    969.8
     2     1    20    11     6     1     0     1     1.0   62.460   50.153    493.9    920.7
     3     1    20    11     6     1     0     1     1.0   62.437   50.337    995.3    865.0
     1     1    20    11     6     2     0     2     2.0   62.546   50.026     73.3    968.6
     2     1    20    11     6     2     0     2     2.0   62.834   50.642    493.6    917.3
     3     1    20    11     6     2     0     2     2.0   62.797   50.994   1024.3    859.1
     1     1    20    11     6     3     0     3     3.0   62.753   50.186     64.2    966.5
     2     1    20    11     6     3     0     3     3.0   63.215   51.053    508.9    912.5
     3     1    20    11     6     3     0     3     3.0   63.175   51.549   1059.9    850.2
     1     1    20    11     6     4     0     2     4.0   62.948   50.317     59.4    965.8
     2     1    20    11     6     4     0     2     4.0   63.592   51.414    539.6    905.6
     3     1    20    11     6     4     0     2     4.0   63.552   52.042   1093.1    845.5
     1     1    20    11     6     5     0     1     5.0   63.130   50.424     58.8    965.0
     2     1    20    11     6     5     0     1     5.0   63.956   51.751    582.6    898.3
     3     1    20    11     6     5     0     1     5.0   63.912   52.517   1129.4    840.7
     1     1    20    11     6     6     0     0     6.0   63.303   50.514     61.2    963.7
     2     1    20    11     6     6     0     0     6.0   64.316   52.053    621.2    896.4
     3     1    20    11     6     6     0     0     6.0   64.266   52.958   1152.9    842.4
     1     1    20    11     6     7     0     1     7.0   63.469   50.602     66.1    962.1
     2     1    20    11     6     7     0     1     7.0   64.658   52.313    629.7    900.0
     3     1    20    11     6     7     0     1     7.0   64.603   53.349   1155.4    844.7
     1     1    20    11     6     8     0     2     8.0   63.627   50.697     74.1    960.1
     2     1    20    11     6     8     0     2     8.0   64.977   52.523    610.8    907.2
     3     1    20    11     6     8     0     2     8.0   64.921   53.685   1145.6    848.7
     1     1    20    11     6     9     0     3     9.0   63.780   50.800     87.3    956.9
     2     1    20    11     6     9     0     3     9.0   65.274   52.678    590.7    911.4
     3     1    20    11     6     9     0     3     9.0   65.229   53.952   1132.8    850.9
     1     1    20    11     6    10     0     2    10.0   63.919   50.931    103.6    953.1
     2     1    20    11     6    10     0     2    10.0   65.541   52.796    581.9    912.0
     3     1    20    11     6    10     0     2    10.0   65.521   54.155   1130.7    851.8
     1     1    20    11     6    11     0     1    11.0   64.033   51.105    116.0    951.0
     2     1    20    11     6    11     0     1    11.0   65.776   52.894    572.6    912.5
     3     1    20    11     6    11     0     1    11.0   65.793   54.308   1137.7    850.0
     1     1    20    11     6    12     0     0    12.0   64.116   51.306    124.1    951.1
     2     1    20    11     6    12     0     0    12.0   65.989   52.969    548.6    914.4
     3     1    20    11     6    12     0     0    12.0   66.051   54.419   1140.6    850.1
     1     1    20    11     6    13     0     1    13.0   64.177   51.529    132.0    951.6
     2     1    20    11     6    13     0     1    13.0   66.184   53.013    518.2    921.4
     3     1    20    11     6    13     0     1    13.0   66.290   54.502   1142.7    850.5
     1     1    20    11     6    14     0     2    14.0   64.223   51.778    146.5    951.4
     2     1    20    11     6    14     0     2    14.0   66.362   53.028    497.5    925.7
     3     1    20    11     6    14     0     2    14.0   66.504   54.573   1150.3    849.6
     1     1    20    11     6    15     0     3    15.0   64.255   52.063    174.8    949.9
     2     1    20    11     6    15     0     3    15.0   66.525   53.028    489.9    928.3
     3     1    20    11     6    15     0     3    15.0   66.698   54.633   1164.0    848.1
     1     1    20    11     6    16     0     2    16.0   64.275   52.378    196.5    947.1
     2     1    20    11     6    16     0     2    16.0   66.674   53.034    495.6    928.8
     3     1    20    11     6    16     0     2    16.0   66.877   54.685   1176.0    845.8
     1     1    20    11     6    17     0     1    17.0   64.283   52.701    193.2    950.1
     2     1    20    11     6    17     0     1    17.0   66.809   53.057    510.3    927.7
     3     1    20    11     6    17     0     1    17.0   67.043   54.725   1176.2    845.8
     1     1    20    11     6    18     0     0    18.0   64.278   53.030    175.7    954.2
     2     1    20    11     6    18     0     0    18.0   66.935   53.090    527.9    926.1
     3     1    20    11     6    18     0     0    18.0   67.198   54.753   1164.9    848.5
     1     1    20    11     6    19     0     1    19.0   64.274   53.340    161.9    956.9
     2     1    20    11     6    19     0     1    19.0   67.051   53.123    543.7    924.2
     3     1    20    11     6    19     0     1    19.0   67.344   54.779   1156.8    851.9
     1     1    20    11     6    20     0     2    20.0   64.279   53.624    160.3    957.0
     2     1    20    11     6    20     0     2    20.0   67.157   53.152    555.4    922.6
     3     1    20    11     6    20     0     2    20.0   67.487   54.812   1164.6    852.1
     1     1    20    11     6    21     0     3    21.0   64.283   53.906    170.3    956.0
     2     1    20    11     6    21     0     3    21.0   67.253   53.182    561.7    921.5
     3     1    20    11     6    21     0     3    21.0   67.626   54.850   1189.5    850.6
     1     1    20    11     6    22     0     2    22.0   64.286   54.209    188.5    953.3
     2     1    20    11     6    22     0     2    22.0   67.343   53.213    572.8    921.6
     3     1    20    11     6    22     0     2    22.0   67.762   54.892   1218.9    847.4
     1     1    20    11     6    23     0     1    23.0   64.292   54.542    207.7    950.2
     2     1    20    11     6    23     0     1    23.0   67.431   53.239    598.7    918.7
     3     1    20    11     6    23     0     1    23.0   67.895   54.943   1238.3    846.7
     1     1    20    11     7     0     0     0    24.0   64.305   54.902    227.6    947.1
     2     1    20    11     7     0     0     0    24.0   67.516   53.265    636.8    914.7
     3     1    20    11     7     0     0     0    24.0   68.029   55.001   1247.3    846.7
