     5     1
    GDAS    20    10     8     0     0
    GDAS    20    10    15     0     0
    GDAS    20    10    22     0     0
    GDAS    20    10    29     0     0
    GDAS    20    11     1     0     0
     3 FORWARD  OMEGA   
    20    10    21     0   62.085   49.588   100.0
    20    10    21     0   62.085   49.588   500.0
    20    10    21     0   62.085   49.588  1000.0
     1 PRESSURE
     1     1    20    10    21     0     0     0     0.0   62.085   49.588    100.0    977.2
     2     1    20    10    21     0     0     0     0.0   62.085   49.588    500.0    929.4
     3     1    20    10    21     0     0     0     0.0   62.085   49.588   1000.0    872.3
     1     1    20    10    21     1     0     1     1.0   62.072   49.701    118.3    975.5
     2     1    20    10    21     1     0     1     1.0   62.059   49.751    585.4    920.7
     3     1    20    10    21     1     0     1     1.0   62.091   49.733   1062.5    864.3
     1     1    20    10    21     2     0     2     2.0   62.036   49.813    151.1    972.6
     2     1    20    10    21     2     0     2     2.0   62.022   49.880    689.6    909.5
     3     1    20    10    21     2     0     2     2.0   62.084   49.860   1116.2    858.8
     1     1    20    10    21     3     0     3     3.0   61.966   49.915    217.3    966.9
     2     1    20    10    21     3     0     3     3.0   61.976   49.964    810.8    894.6
     3     1    20    10    21     3     0     3     3.0   62.066   49.951   1166.2    853.5
     1     1    20    10    21     4     0     2     4.0   61.869   50.035    310.5    951.9
     2     1    20    10    21     4     0     2     4.0   61.916   50.042    904.6    880.0
     3     1    20    10    21     4     0     2     4.0   62.028   50.025   1198.6    849.0
     1     1    20    10    21     5     0     1     5.0   61.757   50.195    386.3    940.2
     2     1    20    10    21     5     0     1     5.0   61.833   50.150    951.5    874.9
     3     1    20    10    21     5     0     1     5.0   61.958   50.110   1205.1    848.5
     1     1    20    10    21     6     0     0     6.0   61.629   50.390    428.5    933.3
     2     1    20    10    21     6     0     0     6.0   61.720   50.285    969.9    872.7
     3     1    20    10    21     6     0     0     6.0   61.853   50.216   1195.1    849.2
     1     1    20    10    21     7     0     1     7.0   61.499   50.625    448.8    931.1
     2     1    20    10    21     7     0     1     7.0   61.586   50.445    982.9    872.0
     3     1    20    10    21     7     0     1     7.0   61.725   50.351   1189.0    850.4
     1     1    20    10    21     8     0     2     8.0   61.377   50.897    459.7    929.0
     2     1    20    10    21     8     0     2     8.0   61.444   50.623   1003.2    868.6
     3     1    20    10    21     8     0     2     8.0   61.587   50.510   1198.6    848.3
     1     1    20    10    21     9     0     3     9.0   61.262   51.191    460.4    928.8
     2     1    20    10    21     9     0     3     9.0   61.294   50.801   1028.5    865.1
     3     1    20    10    21     9     0     3     9.0   61.440   50.669   1222.6    845.0
     1     1    20    10    21    10     0     2    10.0   61.148   51.506    458.5    930.4
     2     1    20    10    21    10     0     2    10.0   61.141   50.985   1049.4    861.8
     3     1    20    10    21    10     0     2    10.0   61.285   50.839   1249.4    840.7
     1     1    20    10    21    11     0     1    11.0   61.028   51.840    474.4    930.2
     2     1    20    10    21    11     0     1    11.0   60.979   51.186   1062.9    861.4
     3     1    20    10    21    11     0     1    11.0   61.125   51.032   1264.2    839.2
     1     1    20    10    21    12     0     0    12.0   60.890   52.182    527.2    923.2
     2     1    20    10    21    12     0     0    12.0   60.791   51.411   1082.4    859.0
     3     1    20    10    21    12     0     0    12.0   60.948   51.236   1272.5    839.1
     1     1    20    10    21    13     0     1    13.0   60.709   52.547    589.7    910.5
     2     1    20    10    21    13     0     1    13.0   60.579   51.688   1104.3    854.0
     3     1    20    10    21    13     0     1    13.0   60.749   51.480   1278.3    836.9
     1     1    20    10    21    14     0     2    14.0   60.502   52.943    628.7    906.5
     2     1    20    10    21    14     0     2    14.0   60.351   51.995   1125.3    850.8
     3     1    20    10    21    14     0     2    14.0   60.534   51.773   1281.0    835.2
     1     1    20    10    21    15     0     3    15.0   60.286   53.341    649.3    904.5
     2     1    20    10    21    15     0     3    15.0   60.106   52.263   1159.1    847.7
     3     1    20    10    21    15     0     3    15.0   60.300   52.050   1291.4    833.7
     1     1    20    10    21    16     0     2    16.0   60.063   53.738    654.4    902.4
     2     1    20    10    21    16     0     2    16.0   59.856   52.516   1186.5    843.2
     3     1    20    10    21    16     0     2    16.0   60.054   52.301   1301.8    830.9
     1     1    20    10    21    17     0     1    17.0   59.821   54.143    667.1    902.5
     2     1    20    10    21    17     0     1    17.0   59.607   52.821   1195.8    844.3
     3     1    20    10    21    17     0     1    17.0   59.810   52.590   1297.0    833.1
     1     1    20    10    21    18     0     0    18.0   59.555   54.539    696.8    900.5
     2     1    20    10    21    18     0     0    18.0   59.339   53.132   1217.1    842.7
     3     1    20    10    21    18     0     0    18.0   59.555   52.909   1302.9    835.4
     1     1    20    10    21    19     0     1    19.0   59.281   54.921    727.3    899.3
     2     1    20    10    21    19     0     1    19.0   59.060   53.419   1241.6    835.5
     3     1    20    10    21    19     0     1    19.0   59.285   53.219   1323.5    829.2
     1     1    20    10    21    20     0     2    20.0   59.012   55.280    752.5    896.7
     2     1    20    10    21    20     0     2    20.0   58.792   53.718   1237.7    835.8
     3     1    20    10    21    20     0     2    20.0   59.020   53.532   1327.3    825.6
     1     1    20    10    21    21     0     3    21.0   58.745   55.613    775.7    894.5
     2     1    20    10    21    21     0     3    21.0   58.523   54.012   1209.9    839.5
     3     1    20    10    21    21     0     3    21.0   58.762   53.844   1304.3    829.1
     1     1    20    10    21    22     0     2    22.0   58.486   55.951    807.3    891.9
     2     1    20    10    21    22     0     2    22.0   58.250   54.311   1183.5    846.2
     3     1    20    10    21    22     0     2    22.0   58.496   54.160   1275.7    835.1
     1     1    20    10    21    23     0     1    23.0   58.237   56.303    846.2    885.3
     2     1    20    10    21    23     0     1    23.0   57.990   54.639   1166.1    850.1
     3     1    20    10    21    23     0     1    23.0   58.231   54.499   1258.3    839.5
     1     1    20    10    22     0     0     0    24.0   57.983   56.660    864.8    878.4
     2     1    20    10    22     0     0     0    24.0   57.735   54.980   1149.7    852.8
     3     1    20    10    22     0     0     0    24.0   57.976   54.854   1241.0    843.2
