     5     1
    GDAS    20    11    29     0     0
    GDAS    20    12     1     0     0
    GDAS    20    12     8     0     0
    GDAS    20    12    15     0     0
    GDAS    20    12    22     0     0
     3 FORWARD  OMEGA   
    20    12     5     0   62.085   49.588   100.0
    20    12     5     0   62.085   49.588   500.0
    20    12     5     0   62.085   49.588  1000.0
     1 PRESSURE
     1     1    20    12     5     0     0     0     0.0   62.085   49.588    100.0   1009.2
     2     1    20    12     5     0     0     0     0.0   62.085   49.588    500.0    960.0
     3     1    20    12     5     0     0     0     0.0   62.085   49.588   1000.0    901.1
     1     1    20    12     5     1     0     1     1.0   62.238   49.807     97.5   1007.9
     2     1    20    12     5     1     0     1     1.0   62.318   50.369    502.2    955.8
     3     1    20    12     5     1     0     1     1.0   62.359   50.397   1013.5    895.0
     1     1    20    12     5     2     0     2     2.0   62.389   50.015     94.8   1007.2
     2     1    20    12     5     2     0     2     2.0   62.534   51.119    505.1    951.3
     3     1    20    12     5     2     0     2     2.0   62.613   51.197    998.6    893.5
     1     1    20    12     5     3     0     3     3.0   62.535   50.216     91.8   1005.8
     2     1    20    12     5     3     0     3     3.0   62.730   51.883    497.8    951.8
     3     1    20    12     5     3     0     3     3.0   62.852   52.022    986.4    895.0
     1     1    20    12     5     4     0     2     4.0   62.679   50.420     89.4   1005.3
     2     1    20    12     5     4     0     2     4.0   62.915   52.677    473.7    949.5
     3     1    20    12     5     4     0     2     4.0   63.068   52.875    964.8    890.6
     1     1    20    12     5     5     0     1     5.0   62.826   50.641     88.6   1004.8
     2     1    20    12     5     5     0     1     5.0   63.107   53.533    424.3    958.6
     3     1    20    12     5     5     0     1     5.0   63.243   53.759    942.6    899.4
     1     1    20    12     5     6     0     0     6.0   62.979   50.883     88.9   1004.7
     2     1    20    12     5     6     0     0     6.0   63.295   54.409    401.5    961.9
     3     1    20    12     5     6     0     0     6.0   63.395   54.655    942.5    896.8
     1     1    20    12     5     7     0     1     7.0   63.134   51.144     89.5   1003.0
     2     1    20    12     5     7     0     1     7.0   63.473   55.245    381.2    963.9
     3     1    20    12     5     7     0     1     7.0   63.535   55.525    947.0    898.7
     1     1    20    12     5     8     0     2     8.0   63.286   51.417     91.1   1000.8
     2     1    20    12     5     8     0     2     8.0   63.653   56.017    398.1    964.9
     3     1    20    12     5     8     0     2     8.0   63.669   56.376   1006.9    893.2
     1     1    20    12     5     9     0     3     9.0   63.434   51.700     97.3    998.0
     2     1    20    12     5     9     0     3     9.0   63.842   56.744    448.4    961.8
     3     1    20    12     5     9     0     3     9.0   63.794   57.256   1061.6    886.5
     1     1    20    12     5    10     0     2    10.0   63.587   51.992    111.5    994.2
     2     1    20    12     5    10     0     2    10.0   64.034   57.459    492.5    951.9
     3     1    20    12     5    10     0     2    10.0   63.890   58.164   1084.6    870.9
     1     1    20    12     5    11     0     1    11.0   63.748   52.316    122.9    991.7
     2     1    20    12     5    11     0     1    11.0   64.195   58.228    543.2    936.5
     3     1    20    12     5    11     0     1    11.0   63.916   59.191   1054.7    859.7
     1     1    20    12     5    12     0     0    12.0   63.906   52.671    113.0    994.4
     2     1    20    12     5    12     0     0    12.0   64.302   59.040    644.5    907.2
     3     1    20    12     5    12     0     0    12.0   63.833   60.422    790.6    902.7
     1     1    20    12     5    13     0     1    13.0   64.050   53.013     79.0   1001.8
     2     1    20    12     5    13     0     1    13.0   64.295   60.060    438.0    898.6
     3     1    20    12     5    13     0     1    13.0   63.694   61.510    585.4    948.5
     1     1    20    12     5    14     0     2    14.0   64.185   53.288     48.7   1005.9
     2     1    20    12     5    14     0     2    14.0   64.270   60.810    162.2    976.1
     3     1    20    12     5    14     0     2    14.0   63.610   62.488    524.4    953.3
     1     1    20    12     5    15     0     3    15.0   64.322   53.518     34.6   1008.4
     2     1    20    12     5    15     0     3    15.0   64.308   61.290     84.2    992.4
     3     1    20    12     5    15     0     3    15.0   63.537   63.453    524.0    955.3
     1     1    20    12     5    16     0     2    16.0   64.462   53.719     28.6   1010.9
     2     1    20    12     5    16     0     2    16.0   64.365   61.647     68.0    997.1
     3     1    20    12     5    16     0     2    16.0   63.455   64.400    564.2    955.1
     1     1    20    12     5    17     0     1    17.0   64.608   53.895     26.8   1012.7
     2     1    20    12     5    17     0     1    17.0   64.427   61.951     77.3   1000.9
     3     1    20    12     5    17     0     1    17.0   63.367   65.256    611.4    950.8
     1     1    20    12     5    18     0     0    18.0   64.763   54.057     27.1   1013.5
     2     1    20    12     5    18     0     0    18.0   64.489   62.256     99.8    996.3
     3     1    20    12     5    18     0     0    18.0   63.280   66.015    640.5    941.1
     1     1    20    12     5    19     0     1    19.0   64.928   54.226     26.3   1011.7
     2     1    20    12     5    19     0     1    19.0   64.545   62.608    121.7    991.2
     3     1    20    12     5    19     0     1    19.0   63.205   66.727    643.5    938.0
     1     1    20    12     5    20     0     2    20.0   65.102   54.409     23.5   1009.5
     2     1    20    12     5    20     0     2    20.0   64.595   62.985    135.0    988.0
     3     1    20    12     5    20     0     2    20.0   63.140   67.441    637.2    938.1
     1     1    20    12     5    21     0     3    21.0   65.279   54.594     19.8   1008.2
     2     1    20    12     5    21     0     3    21.0   64.639   63.354    139.4    990.2
     3     1    20    12     5    21     0     3    21.0   63.077   68.167    632.2    938.2
     1     1    20    12     5    22     0     2    22.0   65.453   54.793     15.9   1008.5
     2     1    20    12     5    22     0     2    22.0   64.689   63.712    141.6    993.2
     3     1    20    12     5    22     0     2    22.0   63.021   68.930    629.0    938.7
     1     1    20    12     5    23     0     1    23.0   65.619   55.019     12.0   1009.2
     2     1    20    12     5    23     0     1    23.0   64.754   64.080    145.0    995.7
     3     1    20    12     5    23     0     1    23.0   62.978   69.736    642.3    937.5
     1     1    20    12     6     0     0     0    24.0   65.779   55.254      9.1   1009.3
     2     1    20    12     6     0     0     0    24.0   64.844   64.462    146.8    999.2
     3     1    20    12     6     0     0     0    24.0   62.943   70.572    689.9    931.1
