     5     1
    GDAS    20    11    22     0     0
    GDAS    20    11    29     0     0
    GDAS    20    12     1     0     0
    GDAS    20    12     8     0     0
    GDAS    20    12    15     0     0
     3 FORWARD  OMEGA   
    20    11    29     0   62.085   49.588   100.0
    20    11    29     0   62.085   49.588   500.0
    20    11    29     0   62.085   49.588  1000.0
     1 PRESSURE
     1     1    20    11    29     0     0     0     0.0   62.085   49.588    100.0   1017.6
     2     1    20    11    29     0     0     0     0.0   62.085   49.588    500.0    967.3
     3     1    20    11    29     0     0     0     0.0   62.085   49.588   1000.0    907.5
     1     1    20    11    29     1     0     1     1.0   62.185   49.506    105.3   1015.2
     2     1    20    11    29     1     0     1     1.0   62.256   49.554    510.7    963.5
     3     1    20    11    29     1     0     1     1.0   62.234   49.571    995.7    905.8
     1     1    20    11    29     2     0     2     2.0   62.303   49.425    107.8   1013.0
     2     1    20    11    29     2     0     2     2.0   62.441   49.555    511.4    961.1
     3     1    20    11    29     2     0     2     2.0   62.393   49.584    981.4    905.8
     1     1    20    11    29     3     0     3     3.0   62.437   49.347    106.0   1011.1
     2     1    20    11    29     3     0     3     3.0   62.634   49.591    498.2    960.5
     3     1    20    11    29     3     0     3     3.0   62.558   49.632    955.9    907.4
     1     1    20    11    29     4     0     2     4.0   62.588   49.283    100.1   1010.4
     2     1    20    11    29     4     0     2     4.0   62.842   49.670    477.2    962.5
     3     1    20    11    29     4     0     2     4.0   62.733   49.722    930.6    910.8
     1     1    20    11    29     5     0     1     5.0   62.757   49.243     91.2   1009.9
     2     1    20    11    29     5     0     1     5.0   63.067   49.807    459.1    964.4
     3     1    20    11    29     5     0     1     5.0   62.920   49.860    915.5    911.7
     1     1    20    11    29     6     0     0     6.0   62.940   49.228     79.8   1009.7
     2     1    20    11    29     6     0     0     6.0   63.306   50.020    453.7    965.3
     3     1    20    11    29     6     0     0     6.0   63.117   50.053    911.7    911.9
     1     1    20    11    29     7     0     1     7.0   63.122   49.230     67.9   1011.0
     2     1    20    11    29     7     0     1     7.0   63.553   50.342    457.1    961.4
     3     1    20    11    29     7     0     1     7.0   63.322   50.334    910.4    909.2
     1     1    20    11    29     8     0     2     8.0   63.290   49.242     57.5   1012.4
     2     1    20    11    29     8     0     2     8.0   63.803   50.786    465.3    959.0
     3     1    20    11    29     8     0     2     8.0   63.533   50.723    903.0    908.5
     1     1    20    11    29     9     0     3     9.0   63.446   49.263     49.1   1013.2
     2     1    20    11    29     9     0     3     9.0   64.052   51.351    479.3    955.3
     3     1    20    11    29     9     0     3     9.0   63.746   51.218    893.1    908.0
     1     1    20    11    29    10     0     2    10.0   63.598   49.290     42.7   1014.1
     2     1    20    11    29    10     0     2    10.0   64.294   52.037    477.9    957.9
     3     1    20    11    29    10     0     2    10.0   63.957   51.814    868.9    908.1
     1     1    20    11    29    11     0     1    11.0   63.751   49.320     38.3   1014.6
     2     1    20    11    29    11     0     1    11.0   64.523   52.827    452.6    968.0
     3     1    20    11    29    11     0     1    11.0   64.158   52.500    841.3    918.5
     1     1    20    11    29    12     0     0    12.0   63.902   49.352     35.6   1014.8
     2     1    20    11    29    12     0     0    12.0   64.739   53.681    426.0    976.0
     3     1    20    11    29    12     0     0    12.0   64.339   53.258    829.6    923.9
     1     1    20    11    29    13     0     1    13.0   64.054   49.388     33.8   1014.2
     2     1    20    11    29    13     0     1    13.0   64.950   54.596    411.8    973.0
     3     1    20    11    29    13     0     1    13.0   64.500   54.075    827.6    924.5
     1     1    20    11    29    14     0     2    14.0   64.217   49.443     31.6   1012.9
     2     1    20    11    29    14     0     2    14.0   65.174   55.581    370.5    981.5
     3     1    20    11    29    14     0     2    14.0   64.645   54.938    810.6    922.2
     1     1    20    11    29    15     0     3    15.0   64.389   49.524     28.6   1011.5
     2     1    20    11    29    15     0     3    15.0   65.433   56.434    356.0    984.5
     3     1    20    11    29    15     0     3    15.0   64.786   55.834    794.6    929.8
     1     1    20    11    29    16     0     2    16.0   64.564   49.638     26.1   1010.1
     2     1    20    11    29    16     0     2    16.0   65.721   57.330    373.0    982.5
     3     1    20    11    29    16     0     2    16.0   64.928   56.759    823.1    928.6
     1     1    20    11    29    17     0     1    17.0   64.740   49.801     25.4   1008.4
     2     1    20    11    29    17     0     1    17.0   66.049   58.406    433.4    967.4
     3     1    20    11    29    17     0     1    17.0   65.072   57.718    868.6    922.7
     1     1    20    11    29    18     0     0    18.0   64.914   50.022     25.6   1006.7
     2     1    20    11    29    18     0     0    18.0   66.364   59.778    382.4    978.8
     3     1    20    11    29    18     0     0    18.0   65.215   58.736    891.8    897.3
     1     1    20    11    29    19     0     1    19.0   65.085   50.278     24.3   1009.0
     2     1    20    11    29    19     0     1    19.0   66.634   61.339    378.5    974.1
     3     1    20    11    29    19     0     1    19.0   65.279   59.889    798.9    857.5
     1     1    20    11    29    20     0     2    20.0   65.245   50.522     21.2   1012.2
     2     1    20    11    29    20     0     2    20.0   66.785   62.942    432.8    954.2
     3     1    20    11    29    20     0     2    20.0   65.248   60.986    615.4    898.8
     1     1    20    11    29    21     0     3    21.0   65.396   50.758     17.3   1014.9
     2     1    20    11    29    21     0     3    21.0   66.848   64.529    537.6    941.4
     3     1    20    11    29    21     0     3    21.0   65.274   61.787    482.5    943.4
     1     1    20    11    29    22     0     2    22.0   65.541   50.987     13.4   1017.1
     2     1    20    11    29    22     0     2    22.0   66.714   66.168    460.5    940.4
     3     1    20    11    29    22     0     2    22.0   65.353   62.545    364.8    961.4
     1     1    20    11    29    23     0     1    23.0   65.684   51.213     10.4   1019.3
     2     1    20    11    29    23     0     1    23.0   66.637   67.450    300.6    987.3
     3     1    20    11    29    23     0     1    23.0   65.388   63.435    211.6    987.8
     1     1    20    11    30     0     0     0    24.0   65.830   51.444      8.0   1020.8
     2     1    20    11    30     0     0     0    24.0   66.706   68.565    250.4    999.5
     3     1    20    11    30     0     0     0    24.0   65.448   64.159    150.7   1009.8
