     5     1
    GDAS    20    10    15     0     0
    GDAS    20    10    22     0     0
    GDAS    20    10    29     0     0
    GDAS    20    11     1     0     0
    GDAS    20    11     8     0     0
     3 FORWARD  OMEGA   
    20    10    22     0   62.085   49.588   100.0
    20    10    22     0   62.085   49.588   500.0
    20    10    22     0   62.085   49.588  1000.0
     1 PRESSURE
     1     1    20    10    22     0     0     0     0.0   62.085   49.588    100.0    984.6
     2     1    20    10    22     0     0     0     0.0   62.085   49.588    500.0    937.3
     3     1    20    10    22     0     0     0     0.0   62.085   49.588   1000.0    879.1
     1     1    20    10    22     1     0     1     1.0   61.927   49.827    112.6    984.4
     2     1    20    10    22     1     0     1     1.0   61.731   49.780    544.0    931.6
     3     1    20    10    22     1     0     1     1.0   61.701   49.788   1038.9    873.6
     1     1    20    10    22     2     0     2     2.0   61.753   50.074    124.2    981.9
     2     1    20    10    22     2     0     2     2.0   61.376   49.982    598.6    923.7
     3     1    20    10    22     2     0     2     2.0   61.317   50.008   1078.3    866.4
     1     1    20    10    22     3     0     3     3.0   61.565   50.323    133.2    979.1
     2     1    20    10    22     3     0     3     3.0   61.019   50.200    663.8    912.7
     3     1    20    10    22     3     0     3     3.0   60.929   50.262   1108.1    859.4
     1     1    20    10    22     4     0     2     4.0   61.370   50.557    139.4    976.7
     2     1    20    10    22     4     0     2     4.0   60.676   50.448    700.1    902.4
     3     1    20    10    22     4     0     2     4.0   60.547   50.542   1111.3    855.9
     1     1    20    10    22     5     0     1     5.0   61.177   50.767    141.3    975.7
     2     1    20    10    22     5     0     1     5.0   60.360   50.724    700.8    902.8
     3     1    20    10    22     5     0     1     5.0   60.182   50.834   1096.7    856.7
     1     1    20    10    22     6     0     0     6.0   60.989   50.957    139.4    975.6
     2     1    20    10    22     6     0     0     6.0   60.060   51.029    701.5    902.7
     3     1    20    10    22     6     0     0     6.0   59.841   51.138   1085.5    858.9
     1     1    20    10    22     7     0     1     7.0   60.806   51.144    137.6    975.2
     2     1    20    10    22     7     0     1     7.0   59.774   51.354    702.0    901.9
     3     1    20    10    22     7     0     1     7.0   59.517   51.452   1076.3    860.4
     1     1    20    10    22     8     0     2     8.0   60.624   51.347    138.4    974.0
     2     1    20    10    22     8     0     2     8.0   59.502   51.686    692.3    904.0
     3     1    20    10    22     8     0     2     8.0   59.208   51.781   1065.4    862.0
     1     1    20    10    22     9     0     3     9.0   60.442   51.569    139.6    972.8
     2     1    20    10    22     9     0     3     9.0   59.247   52.026    680.4    905.2
     3     1    20    10    22     9     0     3     9.0   58.922   52.134   1053.6    861.9
     1     1    20    10    22    10     0     2    10.0   60.257   51.797    138.4    972.0
     2     1    20    10    22    10     0     2    10.0   58.995   52.367    671.2    906.7
     3     1    20    10    22    10     0     2    10.0   58.645   52.499   1033.6    865.2
     1     1    20    10    22    11     0     1    11.0   60.065   52.010    133.6    971.9
     2     1    20    10    22    11     0     1    11.0   58.733   52.702    654.3    909.2
     3     1    20    10    22    11     0     1    11.0   58.363   52.869   1002.7    872.4
     1     1    20    10    22    12     0     0    12.0   59.871   52.194    128.4    974.1
     2     1    20    10    22    12     0     0    12.0   58.461   53.028    621.0    916.5
     3     1    20    10    22    12     0     0    12.0   58.078   53.249    965.1    878.4
     1     1    20    10    22    13     0     1    13.0   59.683   52.351    126.0    975.1
     2     1    20    10    22    13     0     1    13.0   58.177   53.332    587.8    922.3
     3     1    20    10    22    13     0     1    13.0   57.784   53.622    935.0    882.3
     1     1    20    10    22    14     0     2    14.0   59.500   52.492    127.7    975.1
     2     1    20    10    22    14     0     2    14.0   57.880   53.608    562.2    923.8
     3     1    20    10    22    14     0     2    14.0   57.478   53.975    926.6    883.7
     1     1    20    10    22    15     0     3    15.0   59.320   52.612    135.9    974.0
     2     1    20    10    22    15     0     3    15.0   57.574   53.860    540.1    927.5
     3     1    20    10    22    15     0     3    15.0   57.164   54.309    941.4    883.2
     1     1    20    10    22    16     0     2    16.0   59.146   52.716    147.8    971.8
     2     1    20    10    22    16     0     2    16.0   57.283   54.070    532.8    930.9
     3     1    20    10    22    16     0     2    16.0   56.859   54.627    969.3    878.1
     1     1    20    10    22    17     0     1    17.0   58.991   52.802    156.4    970.1
     2     1    20    10    22    17     0     1    17.0   57.021   54.220    539.1    930.5
     3     1    20    10    22    17     0     1    17.0   56.581   54.929    988.0    874.5
     1     1    20    10    22    18     0     0    18.0   58.854   52.868    158.8    971.0
     2     1    20    10    22    18     0     0    18.0   56.781   54.325    546.3    930.2
     3     1    20    10    22    18     0     0    18.0   56.323   55.211    983.2    875.8
     1     1    20    10    22    19     0     1    19.0   58.737   52.924    156.6    972.4
     2     1    20    10    22    19     0     1    19.0   56.565   54.423    551.1    931.1
     3     1    20    10    22    19     0     1    19.0   56.087   55.487    974.9    881.8
     1     1    20    10    22    20     0     2    20.0   58.637   52.977    152.2    973.8
     2     1    20    10    22    20     0     2    20.0   56.377   54.532    554.5    931.4
     3     1    20    10    22    20     0     2    20.0   55.866   55.775    983.0    881.4
     1     1    20    10    22    21     0     3    21.0   58.555   53.026    145.9    975.1
     2     1    20    10    22    21     0     3    21.0   56.221   54.637    555.6    931.9
     3     1    20    10    22    21     0     3    21.0   55.657   56.063    993.5    878.6
     1     1    20    10    22    22     0     2    22.0   58.489   53.062    139.4    976.6
     2     1    20    10    22    22     0     2    22.0   56.088   54.745    556.0    932.5
     3     1    20    10    22    22     0     2    22.0   55.461   56.355   1001.6    876.7
     1     1    20    10    22    23     0     1    23.0   58.441   53.077    134.4    977.6
     2     1    20    10    22    23     0     1    23.0   55.965   54.870    556.9    932.2
     3     1    20    10    22    23     0     1    23.0   55.270   56.676   1015.6    875.4
     1     1    20    10    23     0     0     0    24.0   58.411   53.069    131.3    978.4
     2     1    20    10    23     0     0     0    24.0   55.845   55.019    558.8    931.4
     3     1    20    10    23     0     0     0    24.0   55.072   57.044   1047.4    873.5
