     5     1
    GDAS    20    12     1     0     0
    GDAS    20    12     8     0     0
    GDAS    20    12    15     0     0
    GDAS    20    12    22     0     0
    GDAS    20    12    29     0     0
     3 FORWARD  OMEGA   
    20    12     9     0   62.085   49.588   100.0
    20    12     9     0   62.085   49.588   500.0
    20    12     9     0   62.085   49.588  1000.0
     1 PRESSURE
     1     1    20    12     9     0     0     0     0.0   62.085   49.588    100.0   1007.4
     2     1    20    12     9     0     0     0     0.0   62.085   49.588    500.0    958.7
     3     1    20    12     9     0     0     0     0.0   62.085   49.588   1000.0    900.4
     1     1    20    12     9     1     0     1     1.0   62.055   50.007     91.5   1008.9
     2     1    20    12     9     1     0     1     1.0   61.785   50.415    488.1    956.8
     3     1    20    12     9     1     0     1     1.0   61.666   50.590   1020.1    893.1
     1     1    20    12     9     2     0     2     2.0   62.021   50.423     84.4   1007.8
     2     1    20    12     9     2     0     2     2.0   61.459   51.210    484.8    953.4
     3     1    20    12     9     2     0     2     2.0   61.211   51.502   1013.0    892.4
     1     1    20    12     9     3     0     3     3.0   61.974   50.857     81.1   1005.4
     2     1    20    12     9     3     0     3     3.0   61.116   51.956    485.9    952.8
     3     1    20    12     9     3     0     3     3.0   60.727   52.319    996.6    891.1
     1     1    20    12     9     4     0     2     4.0   61.917   51.299     81.6   1004.9
     2     1    20    12     9     4     0     2     4.0   60.753   52.659    479.5    949.5
     3     1    20    12     9     4     0     2     4.0   60.238   53.040   1000.8    893.3
     1     1    20    12     9     5     0     1     5.0   61.864   51.723     82.5   1005.2
     2     1    20    12     9     5     0     1     5.0   60.380   53.281    476.5    952.2
     3     1    20    12     9     5     0     1     5.0   59.746   53.669   1015.1    885.9
     1     1    20    12     9     6     0     0     6.0   61.814   52.120     84.1   1005.3
     2     1    20    12     9     6     0     0     6.0   60.000   53.817    470.2    948.8
     3     1    20    12     9     6     0     0     6.0   59.253   54.224   1010.9    887.9
     1     1    20    12     9     7     0     1     7.0   61.758   52.502     89.1   1003.6
     2     1    20    12     9     7     0     1     7.0   59.623   54.298    458.6    952.7
     3     1    20    12     9     7     0     1     7.0   58.765   54.722   1002.5    893.0
     1     1    20    12     9     8     0     2     8.0   61.689   52.885     98.7   1000.5
     2     1    20    12     9     8     0     2     8.0   59.263   54.728    455.6    957.0
     3     1    20    12     9     8     0     2     8.0   58.285   55.183    997.4    896.2
     1     1    20    12     9     9     0     3     9.0   61.607   53.274    104.6    996.9
     2     1    20    12     9     9     0     3     9.0   58.918   55.098    461.3    957.9
     3     1    20    12     9     9     0     3     9.0   57.803   55.612    995.6    893.4
     1     1    20    12     9    10     0     2    10.0   61.519   53.654     99.3    997.2
     2     1    20    12     9    10     0     2    10.0   58.575   55.420    471.7    956.8
     3     1    20    12     9    10     0     2    10.0   57.315   55.991    992.7    886.8
     1     1    20    12     9    11     0     1    11.0   61.434   54.005     87.1   1000.4
     2     1    20    12     9    11     0     1    11.0   58.229   55.715    484.0    955.5
     3     1    20    12     9    11     0     1    11.0   56.823   56.288    991.3    886.1
     1     1    20    12     9    12     0     0    12.0   61.358   54.316     76.0   1005.1
     2     1    20    12     9    12     0     0    12.0   57.875   56.003    493.1    952.4
     3     1    20    12     9    12     0     0    12.0   56.334   56.518    991.8    889.3
     1     1    20    12     9    13     0     1    13.0   61.288   54.595     69.5   1006.7
     2     1    20    12     9    13     0     1    13.0   57.500   56.275    491.2    946.1
     3     1    20    12     9    13     0     1    13.0   55.853   56.692    996.9    888.6
     1     1    20    12     9    14     0     2    14.0   61.218   54.851     66.2   1007.6
     2     1    20    12     9    14     0     2    14.0   57.109   56.516    474.9    945.0
     3     1    20    12     9    14     0     2    14.0   55.387   56.791   1015.7    891.0
     1     1    20    12     9    15     0     3    15.0   61.147   55.092     65.3   1007.2
     2     1    20    12     9    15     0     3    15.0   56.725   56.722    458.4    948.9
     3     1    20    12     9    15     0     3    15.0   54.938   56.808   1052.5    889.6
     1     1    20    12     9    16     0     2    16.0   61.075   55.324     65.3   1005.5
     2     1    20    12     9    16     0     2    16.0   56.367   56.896    459.5    947.9
     3     1    20    12     9    16     0     2    16.0   54.476   56.747   1055.3    873.4
     1     1    20    12     9    17     0     1    17.0   60.998   55.548     65.2   1003.8
     2     1    20    12     9    17     0     1    17.0   56.029   57.031    471.2    941.8
     3     1    20    12     9    17     0     1    17.0   53.988   56.603    995.4    873.4
     1     1    20    12     9    18     0     0    18.0   60.915   55.762     65.2   1002.9
     2     1    20    12     9    18     0     0    18.0   55.720   57.117    478.3    943.7
     3     1    20    12     9    18     0     0    18.0   53.521   56.360    919.9    889.5
     1     1    20    12     9    19     0     1    19.0   60.829   55.961     65.2   1002.3
     2     1    20    12     9    19     0     1    19.0   55.445   57.165    480.7    946.6
     3     1    20    12     9    19     0     1    19.0   53.094   56.027    844.5    905.3
     1     1    20    12     9    20     0     2    20.0   60.751   56.138     65.2   1002.7
     2     1    20    12     9    20     0     2    20.0   55.193   57.190    485.5    948.1
     3     1    20    12     9    20     0     2    20.0   52.711   55.661    792.0    915.5
     1     1    20    12     9    21     0     3    21.0   60.682   56.290     65.3   1003.3
     2     1    20    12     9    21     0     3    21.0   54.954   57.193    492.7    947.5
     3     1    20    12     9    21     0     3    21.0   52.370   55.287    780.4    917.9
     1     1    20    12     9    22     0     2    22.0   60.620   56.419     65.5   1004.3
     2     1    20    12     9    22     0     2    22.0   54.704   57.168    496.7    939.7
     3     1    20    12     9    22     0     2    22.0   52.057   54.898    787.3    918.9
     1     1    20    12     9    23     0     1    23.0   60.561   56.530     66.6   1005.2
     2     1    20    12     9    23     0     1    23.0   54.424   57.102    492.9    933.5
     3     1    20    12     9    23     0     1    23.0   51.770   54.512    787.5    917.5
     1     1    20    12    10     0     0     0    24.0   60.500   56.625     68.9   1005.9
     2     1    20    12    10     0     0     0    24.0   54.107   56.991    480.4    928.5
     3     1    20    12    10     0     0     0    24.0   51.506   54.141    765.9    921.2
