     5     1
    GDAS    20    12     8     0     0
    GDAS    20    12    15     0     0
    GDAS    20    12    22     0     0
    GDAS    20    12    29     0     0
    GDAS    21     1     1     0     0
     3 FORWARD  OMEGA   
    20    12    17     0   62.085   49.588   100.0
    20    12    17     0   62.085   49.588   500.0
    20    12    17     0   62.085   49.588  1000.0
     1 PRESSURE
     1     1    20    12    17     0     0     0     0.0   62.085   49.588    100.0    986.2
     2     1    20    12    17     0     0     0     0.0   62.085   49.588    500.0    937.2
     3     1    20    12    17     0     0     0     0.0   62.085   49.588   1000.0    879.8
     1     1    20    12    17     1     0     1     1.0   62.218   49.769     99.1    984.0
     2     1    20    12    17     1     0     1     1.0   62.256   50.283    520.5    932.6
     3     1    20    12    17     1     0     1     1.0   62.224   50.518   1032.2    872.0
     1     1    20    12    17     2     0     2     2.0   62.341   49.944     99.6    982.0
     2     1    20    12    17     2     0     2     2.0   62.382   50.953    558.9    922.7
     3     1    20    12    17     2     0     2     2.0   62.320   51.392   1080.3    863.6
     1     1    20    12    17     3     0     3     3.0   62.459   50.100    103.5    979.3
     2     1    20    12    17     3     0     3     3.0   62.483   51.590    615.3    916.1
     3     1    20    12    17     3     0     3     3.0   62.382   52.261   1163.1    853.4
     1     1    20    12    17     4     0     2     4.0   62.572   50.237    110.5    977.1
     2     1    20    12    17     4     0     2     4.0   62.566   52.191    693.7    904.7
     3     1    20    12    17     4     0     2     4.0   62.414   53.097   1261.5    840.1
     1     1    20    12    17     5     0     1     5.0   62.675   50.362    119.3    974.9
     2     1    20    12    17     5     0     1     5.0   62.645   52.728    777.7    892.2
     3     1    20    12    17     5     0     1     5.0   62.452   53.862   1363.4    827.6
     1     1    20    12    17     6     0     0     6.0   62.766   50.474    129.9    972.5
     2     1    20    12    17     6     0     0     6.0   62.735   53.158    901.1    876.9
     3     1    20    12    17     6     0     0     6.0   62.516   54.603   1469.3    816.1
     1     1    20    12    17     7     0     1     7.0   62.839   50.563    142.2    970.7
     2     1    20    12    17     7     0     1     7.0   62.822   53.504   1041.9    860.2
     3     1    20    12    17     7     0     1     7.0   62.582   55.419   1588.4    804.6
     1     1    20    12    17     8     0     2     8.0   62.889   50.612    156.2    968.7
     2     1    20    12    17     8     0     2     8.0   62.895   53.819   1175.3    847.9
     3     1    20    12    17     8     0     2     8.0   62.645   56.260   1736.9    791.4
     1     1    20    12    17     9     0     3     9.0   62.917   50.618    172.1    966.8
     2     1    20    12    17     9     0     3     9.0   62.964   54.101   1323.5    832.9
     3     1    20    12    17     9     0     3     9.0   62.721   57.164   1905.5    771.5
     1     1    20    12    17    10     0     2    10.0   62.911   50.550    187.3    965.0
     2     1    20    12    17    10     0     2    10.0   63.018   54.381   1492.4    812.0
     3     1    20    12    17    10     0     2    10.0   62.764   58.215   2031.1    743.7
     1     1    20    12    17    11     0     1    11.0   62.862   50.387    199.6    963.9
     2     1    20    12    17    11     0     1    11.0   63.040   54.702   1663.8    792.0
     3     1    20    12    17    11     0     1    11.0   62.778   59.410   2093.5    736.9
     1     1    20    12    17    12     0     0    12.0   62.774   50.155    211.6    962.9
     2     1    20    12    17    12     0     0    12.0   63.039   55.107   1829.1    773.1
     3     1    20    12    17    12     0     0    12.0   62.768   60.566   2251.5    739.3
     1     1    20    12    17    13     0     1    13.0   62.660   49.897    227.7    961.6
     2     1    20    12    17    13     0     1    13.0   63.011   55.511   1968.6    761.2
     3     1    20    12    17    13     0     1    13.0   62.731   61.701   2353.8    733.3
     1     1    20    12    17    14     0     2    14.0   62.526   49.617    247.0    959.2
     2     1    20    12    17    14     0     2    14.0   62.956   55.801   2081.8    751.9
     3     1    20    12    17    14     0     2    14.0   62.679   62.788   2446.9    727.1
     1     1    20    12    17    15     0     3    15.0   62.365   49.288    264.8    957.8
     2     1    20    12    17    15     0     3    15.0   62.886   55.993   2179.3    743.6
     3     1    20    12    17    15     0     3    15.0   62.627   63.909   2517.0    720.5
     1     1    20    12    17    16     0     2    16.0   62.177   48.916    282.6    957.9
     2     1    20    12    17    16     0     2    16.0   62.809   56.152   2258.3    735.7
     3     1    20    12    17    16     0     2    16.0   62.569   65.054   2563.3    717.2
     1     1    20    12    17    17     0     1    17.0   61.959   48.531    298.3    955.7
     2     1    20    12    17    17     0     1    17.0   62.729   56.304   2320.6    729.7
     3     1    20    12    17    17     0     1    17.0   62.531   66.227   2626.2    707.0
     1     1    20    12    17    18     0     0    18.0   61.707   48.138    304.7    952.3
     2     1    20    12    17    18     0     0    18.0   62.649   56.409   2378.5    724.0
     3     1    20    12    17    18     0     0    18.0   62.513   67.469   2723.3    698.7
     1     1    20    12    17    19     0     1    19.0   61.436   47.760    312.3    951.3
     2     1    20    12    17    19     0     1    19.0   62.563   56.500   2433.4    718.3
     3     1    20    12    17    19     0     1    19.0   62.504   68.805   2800.1    688.2
     1     1    20    12    17    20     0     2    20.0   61.152   47.421    328.1    949.8
     2     1    20    12    17    20     0     2    20.0   62.461   56.609   2478.4    713.6
     3     1    20    12    17    20     0     2    20.0   62.509   70.240   2842.7    683.9
     1     1    20    12    17    21     0     3    21.0   60.847   47.107    343.5    948.4
     2     1    20    12    17    21     0     3    21.0   62.336   56.691   2505.3    710.6
     3     1    20    12    17    21     0     3    21.0   62.513   71.759   2881.5    680.0
     1     1    20    12    17    22     0     2    22.0   60.522   46.839    360.7    947.9
     2     1    20    12    17    22     0     2    22.0   62.184   56.721   2520.5    709.6
     3     1    20    12    17    22     0     2    22.0   62.511   73.333   2913.5    676.6
     1     1    20    12    17    23     0     1    23.0   60.168   46.617    390.8    945.5
     2     1    20    12    17    23     0     1    23.0   62.001   56.686   2534.6    708.4
     3     1    20    12    17    23     0     1    23.0   62.516   74.938   2942.4    673.8
     1     1    20    12    18     0     0     0    24.0   59.785   46.416    432.2    940.7
     2     1    20    12    18     0     0     0    24.0   61.787   56.600   2550.1    705.8
     3     1    20    12    18     0     0     0    24.0   62.526   76.568   2968.0    669.8
