     5     1
    GDAS    20    11     1     0     0
    GDAS    20    11     8     0     0
    GDAS    20    11    15     0     0
    GDAS    20    11    22     0     0
    GDAS    20    11    29     0     0
     3 FORWARD  OMEGA   
    20    11    11     0   62.085   49.588   100.0
    20    11    11     0   62.085   49.588   500.0
    20    11    11     0   62.085   49.588  1000.0
     1 PRESSURE
     1     1    20    11    11     0     0     0     0.0   62.085   49.588    100.0    988.4
     2     1    20    11    11     0     0     0     0.0   62.085   49.588    500.0    939.3
     3     1    20    11    11     0     0     0     0.0   62.085   49.588   1000.0    881.2
     1     1    20    11    11     1     0     1     1.0   61.932   49.845     99.4    988.7
     2     1    20    11    11     1     0     1     1.0   61.789   49.935    526.7    937.3
     3     1    20    11    11     1     0     1     1.0   61.689   49.823   1039.1    875.6
     1     1    20    11    11     2     0     2     2.0   61.775   50.089     98.7    986.8
     2     1    20    11    11     2     0     2     2.0   61.468   50.267    556.8    926.8
     3     1    20    11    11     2     0     2     2.0   61.281   50.039   1063.7    867.3
     1     1    20    11    11     3     0     3     3.0   61.610   50.316     97.9    984.6
     2     1    20    11    11     3     0     3     3.0   61.145   50.607    561.5    923.9
     3     1    20    11    11     3     0     3     3.0   60.874   50.262   1058.0    865.2
     1     1    20    11    11     4     0     2     4.0   61.439   50.535     97.4    983.3
     2     1    20    11    11     4     0     2     4.0   60.827   50.935    559.0    924.5
     3     1    20    11    11     4     0     2     4.0   60.473   50.477   1050.3    866.5
     1     1    20    11    11     5     0     1     5.0   61.265   50.748     96.8    982.4
     2     1    20    11    11     5     0     1     5.0   60.501   51.222    569.2    921.7
     3     1    20    11    11     5     0     1     5.0   60.074   50.663   1078.7    862.3
     1     1    20    11    11     6     0     0     6.0   61.089   50.945     96.5    981.9
     2     1    20    11    11     6     0     0     6.0   60.167   51.495    606.7    916.3
     3     1    20    11    11     6     0     0     6.0   59.684   50.831   1138.3    855.4
     1     1    20    11    11     7     0     1     7.0   60.915   51.142     96.4    981.2
     2     1    20    11    11     7     0     1     7.0   59.840   51.762    647.5    906.7
     3     1    20    11    11     7     0     1     7.0   59.319   50.991   1175.8    850.7
     1     1    20    11    11     8     0     2     8.0   60.746   51.356     96.4    980.0
     2     1    20    11    11     8     0     2     8.0   59.543   52.024    648.1    905.8
     3     1    20    11    11     8     0     2     8.0   58.984   51.155   1173.6    853.7
     1     1    20    11    11     9     0     3     9.0   60.576   51.580     96.4    979.0
     2     1    20    11    11     9     0     3     9.0   59.285   52.302    620.0    912.1
     3     1    20    11    11     9     0     3     9.0   58.669   51.329   1151.1    856.1
     1     1    20    11    11    10     0     2    10.0   60.405   51.820     96.4    978.1
     2     1    20    11    11    10     0     2    10.0   59.037   52.596    597.0    916.1
     3     1    20    11    11    10     0     2    10.0   58.356   51.518   1125.2    858.8
     1     1    20    11    11    11     0     1    11.0   60.236   52.094     96.0    977.8
     2     1    20    11    11    11     0     1    11.0   58.766   52.896    593.0    918.0
     3     1    20    11    11    11     0     1    11.0   58.036   51.725   1108.6    860.2
     1     1    20    11    11    12     0     0    12.0   60.068   52.393     94.7    979.5
     2     1    20    11    11    12     0     0    12.0   58.488   53.218    598.8    918.4
     3     1    20    11    11    12     0     0    12.0   57.720   51.953   1094.5    861.1
     1     1    20    11    11    13     0     1    13.0   59.905   52.704     92.6    980.7
     2     1    20    11    11    13     0     1    13.0   58.211   53.558    588.1    917.2
     3     1    20    11    11    13     0     1    13.0   57.411   52.198   1062.3    866.5
     1     1    20    11    11    14     0     2    14.0   59.755   53.020     87.9    980.9
     2     1    20    11    11    14     0     2    14.0   57.920   53.883    554.1    920.6
     3     1    20    11    11    14     0     2    14.0   57.103   52.441   1019.4    874.9
     1     1    20    11    11    15     0     3    15.0   59.620   53.351     79.3    979.3
     2     1    20    11    11    15     0     3    15.0   57.611   54.193    531.8    927.7
     3     1    20    11    11    15     0     3    15.0   56.787   52.674    984.8    881.2
     1     1    20    11    11    16     0     2    16.0   59.493   53.691     66.7    979.1
     2     1    20    11    11    16     0     2    16.0   57.305   54.491    532.4    927.3
     3     1    20    11    11    16     0     2    16.0   56.471   52.886    968.6    886.3
     1     1    20    11    11    17     0     1    17.0   59.373   54.025     49.7    979.7
     2     1    20    11    11    17     0     1    17.0   57.025   54.751    533.8    924.3
     3     1    20    11    11    17     0     1    17.0   56.172   53.070    974.8    888.7
     1     1    20    11    11    18     0     0    18.0   59.266   54.338     35.1    984.3
     2     1    20    11    11    18     0     0    18.0   56.772   54.967    521.8    925.6
     3     1    20    11    11    18     0     0    18.0   55.899   53.241   1005.8    885.6
     1     1    20    11    11    19     0     1    19.0   59.170   54.635     26.7    987.2
     2     1    20    11    11    19     0     1    19.0   56.537   55.195    506.6    929.7
     3     1    20    11    11    19     0     1    19.0   55.641   53.438   1043.5    874.9
     1     1    20    11    11    20     0     2    20.0   59.082   54.923     23.2    989.6
     2     1    20    11    11    20     0     2    20.0   56.318   55.477    506.0    931.8
     3     1    20    11    11    20     0     2    20.0   55.396   53.673   1062.0    868.6
     1     1    20    11    11    21     0     3    21.0   58.999   55.217     20.8    990.0
     2     1    20    11    11    21     0     3    21.0   56.129   55.798    529.8    931.1
     3     1    20    11    11    21     0     3    21.0   55.177   53.928   1060.6    865.9
     1     1    20    11    11    22     0     2    22.0   58.920   55.520     15.4    991.0
     2     1    20    11    11    22     0     2    22.0   55.962   56.140    575.5    925.1
     3     1    20    11    11    22     0     2    22.0   54.967   54.214   1058.1    866.9
     1     1    20    11    11    23     0     1    23.0   58.849   55.819      9.8    992.8
     2     1    20    11    11    23     0     1    23.0   55.796   56.503    630.7    914.1
     3     1    20    11    11    23     0     1    23.0   54.745   54.544   1070.8    867.6
     1     1    20    11    12     0     0     0    24.0   58.783   56.114      4.7    992.7
     2     1    20    11    12     0     0     0    24.0   55.633   56.916    696.0    904.1
     3     1    20    11    12     0     0     0    24.0   54.518   54.915   1110.3    867.5
