     5     1
    GDAS    20    10     8     0     0
    GDAS    20    10    15     0     0
    GDAS    20    10    22     0     0
    GDAS    20    10    29     0     0
    GDAS    20    11     1     0     0
     3 FORWARD  OMEGA   
    20    10    20     0   62.085   49.588   100.0
    20    10    20     0   62.085   49.588   500.0
    20    10    20     0   62.085   49.588  1000.0
     1 PRESSURE
     1     1    20    10    20     0     0     0     0.0   62.085   49.588    100.0    978.4
     2     1    20    10    20     0     0     0     0.0   62.085   49.588    500.0    930.9
     3     1    20    10    20     0     0     0     0.0   62.085   49.588   1000.0    874.0
     1     1    20    10    20     1     0     1     1.0   62.209   49.806     85.5    979.2
     2     1    20    10    20     1     0     1     1.0   62.211   50.133    485.7    930.5
     3     1    20    10    20     1     0     1     1.0   62.218   50.186    998.4    871.2
     1     1    20    10    20     2     0     2     2.0   62.326   49.991     73.8    979.9
     2     1    20    10    20     2     0     2     2.0   62.338   50.620    473.9    929.3
     3     1    20    10    20     2     0     2     2.0   62.353   50.739    990.5    869.6
     1     1    20    10    20     3     0     3     3.0   62.439   50.147     64.3    979.0
     2     1    20    10    20     3     0     3     3.0   62.476   51.063    465.1    927.1
     3     1    20    10    20     3     0     3     3.0   62.497   51.252    978.6    868.3
     1     1    20    10    20     4     0     2     4.0   62.549   50.289     57.3    978.3
     2     1    20    10    20     4     0     2     4.0   62.622   51.479    454.6    928.7
     3     1    20    10    20     4     0     2     4.0   62.641   51.738    963.4    871.2
     1     1    20    10    20     5     0     1     5.0   62.657   50.427     53.3    977.7
     2     1    20    10    20     5     0     1     5.0   62.777   51.891    443.6    929.7
     3     1    20    10    20     5     0     1     5.0   62.784   52.232    951.8    870.8
     1     1    20    10    20     6     0     0     6.0   62.766   50.565     51.8    977.3
     2     1    20    10    20     6     0     0     6.0   62.945   52.312    418.5    929.1
     3     1    20    10    20     6     0     0     6.0   62.936   52.780    910.0    868.3
     1     1    20    10    20     7     0     1     7.0   62.875   50.711     52.5    977.1
     2     1    20    10    20     7     0     1     7.0   63.106   52.706    378.7    932.8
     3     1    20    10    20     7     0     1     7.0   63.084   53.345    845.8    880.0
     1     1    20    10    20     8     0     2     8.0   62.984   50.876     56.5    976.7
     2     1    20    10    20     8     0     2     8.0   63.243   53.047    345.0    936.7
     3     1    20    10    20     8     0     2     8.0   63.216   53.852    805.8    889.2
     1     1    20    10    20     9     0     3     9.0   63.092   51.052     66.2    975.0
     2     1    20    10    20     9     0     3     9.0   63.360   53.344    322.5    941.2
     3     1    20    10    20     9     0     3     9.0   63.331   54.286    778.1    889.3
     1     1    20    10    20    10     0     2    10.0   63.189   51.235     75.7    972.5
     2     1    20    10    20    10     0     2    10.0   63.461   53.612    303.8    944.3
     3     1    20    10    20    10     0     2    10.0   63.430   54.668    747.0    891.9
     1     1    20    10    20    11     0     1    11.0   63.272   51.423     79.7    971.5
     2     1    20    10    20    11     0     1    11.0   63.545   53.872    286.9    947.9
     3     1    20    10    20    11     0     1    11.0   63.518   55.022    727.8    894.9
     1     1    20    10    20    12     0     0    12.0   63.344   51.617     80.9    971.1
     2     1    20    10    20    12     0     0    12.0   63.614   54.131    277.0    949.4
     3     1    20    10    20    12     0     0    12.0   63.595   55.348    721.2    895.7
     1     1    20    10    20    13     0     1    13.0   63.405   51.823     82.2    970.3
     2     1    20    10    20    13     0     1    13.0   63.675   54.408    276.6    948.6
     3     1    20    10    20    13     0     1    13.0   63.659   55.651    715.4    897.2
     1     1    20    10    20    14     0     2    14.0   63.451   52.042     85.2    969.3
     2     1    20    10    20    14     0     2    14.0   63.729   54.719    283.6    946.6
     3     1    20    10    20    14     0     2    14.0   63.716   55.940    716.9    898.3
     1     1    20    10    20    15     0     3    15.0   63.484   52.273     86.3    968.3
     2     1    20    10    20    15     0     3    15.0   63.768   55.050    291.2    944.9
     3     1    20    10    20    15     0     3    15.0   63.770   56.217    735.1    897.4
     1     1    20    10    20    16     0     2    16.0   63.510   52.495     82.2    969.3
     2     1    20    10    20    16     0     2    16.0   63.790   55.382    296.8    945.0
     3     1    20    10    20    16     0     2    16.0   63.811   56.502    759.3    894.8
     1     1    20    10    20    17     0     1    17.0   63.531   52.696     74.4    971.0
     2     1    20    10    20    17     0     1    17.0   63.792   55.711    299.7    945.1
     3     1    20    10    20    17     0     1    17.0   63.838   56.797    782.0    894.7
     1     1    20    10    20    18     0     0    18.0   63.539   52.885     64.3    972.2
     2     1    20    10    20    18     0     0    18.0   63.771   56.048    298.0    946.0
     3     1    20    10    20    18     0     0    18.0   63.865   57.096    806.9    891.8
     1     1    20    10    20    19     0     1    19.0   63.542   53.067     53.6    973.0
     2     1    20    10    20    19     0     1    19.0   63.739   56.375    301.3    948.2
     3     1    20    10    20    19     0     1    19.0   63.884   57.411    826.3    884.2
     1     1    20    10    20    20     0     2    20.0   63.548   53.237     44.2    974.4
     2     1    20    10    20    20     0     2    20.0   63.706   56.683    315.7    947.4
     3     1    20    10    20    20     0     2    20.0   63.887   57.754    848.6    877.5
     1     1    20    10    20    21     0     3    21.0   63.556   53.395     37.0    975.5
     2     1    20    10    20    21     0     3    21.0   63.668   56.987    334.7    945.8
     3     1    20    10    20    21     0     3    21.0   63.883   58.126    890.0    868.0
     1     1    20    10    20    22     0     2    22.0   63.566   53.551     31.9    977.1
     2     1    20    10    20    22     0     2    22.0   63.630   57.292    361.8    939.3
     3     1    20    10    20    22     0     2    22.0   63.866   58.543    961.3    854.4
     1     1    20    10    20    23     0     1    23.0   63.575   53.716     28.8    978.3
     2     1    20    10    20    23     0     1    23.0   63.598   57.610    405.4    929.3
     3     1    20    10    20    23     0     1    23.0   63.833   59.019   1065.8    835.6
     1     1    20    10    21     0     0     0    24.0   63.582   53.891     27.5    979.3
     2     1    20    10    21     0     0     0    24.0   63.568   57.958    459.4    916.6
     3     1    20    10    21     0     0     0    24.0   63.779   59.512   1143.9    821.6
