     5     1
    GDAS    20    12     8     0     0
    GDAS    20    12    15     0     0
    GDAS    20    12    22     0     0
    GDAS    20    12    29     0     0
    GDAS    21     1     1     0     0
     3 FORWARD  OMEGA   
    20    12    20     0   62.085   49.588   100.0
    20    12    20     0   62.085   49.588   500.0
    20    12    20     0   62.085   49.588  1000.0
     1 PRESSURE
     1     1    20    12    20     0     0     0     0.0   62.085   49.588    100.0    998.6
     2     1    20    12    20     0     0     0     0.0   62.085   49.588    500.0    947.7
     3     1    20    12    20     0     0     0     0.0   62.085   49.588   1000.0    888.0
     1     1    20    12    20     1     0     1     1.0   62.217   50.111     84.6    999.4
     2     1    20    12    20     1     0     1     1.0   62.211   50.614    493.5    943.9
     3     1    20    12    20     1     0     1     1.0   62.014   50.709    997.4    883.7
     1     1    20    12    20     2     0     2     2.0   62.340   50.637     79.7    995.7
     2     1    20    12    20     2     0     2     2.0   62.314   51.683    506.7    938.0
     3     1    20    12    20     2     0     2     2.0   61.936   51.907    987.0    882.4
     1     1    20    12    20     3     0     3     3.0   62.463   51.196     85.3    991.8
     2     1    20    12    20     3     0     3     3.0   62.409   52.766    504.3    935.4
     3     1    20    12    20     3     0     3     3.0   61.832   53.158    992.2    879.8
     1     1    20    12    20     4     0     2     4.0   62.580   51.764     87.2    990.6
     2     1    20    12    20     4     0     2     4.0   62.487   53.859    489.9    934.0
     3     1    20    12    20     4     0     2     4.0   61.713   54.441    999.8    877.6
     1     1    20    12    20     5     0     1     5.0   62.690   52.326     85.4    988.8
     2     1    20    12    20     5     0     1     5.0   62.569   54.957    478.9    935.7
     3     1    20    12    20     5     0     1     5.0   61.596   55.780   1032.2    872.9
     1     1    20    12    20     6     0     0     6.0   62.801   52.911     93.1    983.3
     2     1    20    12    20     6     0     0     6.0   62.642   56.075    489.8    936.4
     3     1    20    12    20     6     0     0     6.0   61.470   57.161   1127.0    862.1
     1     1    20    12    20     7     0     1     7.0   62.908   53.540     97.4    982.0
     2     1    20    12    20     7     0     1     7.0   62.704   57.181    540.3    928.4
     3     1    20    12    20     7     0     1     7.0   61.285   58.628   1224.3    812.3
     1     1    20    12    20     8     0     2     8.0   62.987   54.161     82.0    985.9
     2     1    20    12    20     8     0     2     8.0   62.761   58.320    617.7    896.6
     3     1    20    12    20     8     0     2     8.0   61.011   60.353   1091.5    856.7
     1     1    20    12    20     9     0     3     9.0   63.049   54.785     85.6    981.6
     2     1    20    12    20     9     0     3     9.0   62.745   59.639    580.6    906.2
     3     1    20    12    20     9     0     3     9.0   60.696   61.872   1148.9    865.8
     1     1    20    12    20    10     0     2    10.0   63.086   55.467    111.0    979.1
     2     1    20    12    20    10     0     2    10.0   62.644   61.096    504.6    938.6
     3     1    20    12    20    10     0     2    10.0   60.373   63.258   1151.4    866.6
     1     1    20    12    20    11     0     1    11.0   63.070   56.137     98.2    985.1
     2     1    20    12    20    11     0     1    11.0   62.525   62.363    501.3    938.1
     3     1    20    12    20    11     0     1    11.0   60.020   64.590   1157.4    865.5
     1     1    20    12    20    12     0     0    12.0   63.030   56.741     93.0    985.8
     2     1    20    12    20    12     0     0    12.0   62.394   63.634    485.1    941.3
     3     1    20    12    20    12     0     0    12.0   59.652   65.828   1178.2    868.5
     1     1    20    12    20    13     0     1    13.0   62.984   57.328    117.7    976.6
     2     1    20    12    20    13     0     1    13.0   62.247   64.899    486.2    940.0
     3     1    20    12    20    13     0     1    13.0   59.292   67.009   1207.4    868.9
     1     1    20    12    20    14     0     2    14.0   62.939   57.943    177.8    960.2
     2     1    20    12    20    14     0     2    14.0   62.099   66.105    435.0    942.7
     3     1    20    12    20    14     0     2    14.0   58.983   68.133   1233.9    866.1
     1     1    20    12    20    15     0     3    15.0   62.889   58.559    249.7    935.3
     2     1    20    12    20    15     0     3    15.0   61.959   67.224    392.4    958.0
     3     1    20    12    20    15     0     3    15.0   58.704   69.188   1260.1    857.6
     1     1    20    12    20    16     0     2    16.0   62.849   59.117    273.0    925.9
     2     1    20    12    20    16     0     2    16.0   61.819   68.297    379.9    951.7
     3     1    20    12    20    16     0     2    16.0   58.422   70.237   1252.6    853.1
     1     1    20    12    20    17     0     1    17.0   62.786   59.843    176.9    961.1
     2     1    20    12    20    17     0     1    17.0   61.680   69.279    386.2    952.2
     3     1    20    12    20    17     0     1    17.0   58.138   71.324   1267.4    852.0
     1     1    20    12    20    18     0     0    18.0   62.718   60.533     44.2    996.0
     2     1    20    12    20    18     0     0    18.0   61.540   70.186    395.6    952.2
     3     1    20    12    20    18     0     0    18.0   57.853   72.384   1318.0    845.4
     1     1    20    12    20    19     0     1    19.0   62.649   61.015      7.4   1002.7
     2     1    20    12    20    19     0     1    19.0   61.388   71.071    397.6    953.5
     3     1    20    12    20    19     0     1    19.0   57.543   73.378   1354.5    840.9
     1     1    20    12    20    20     0     2    20.0   62.581   61.361      0.0   1003.6
     2     1    20    12    20    20     0     2    20.0   61.237   71.942    400.8    954.9
     3     1    20    12    20    20     0     2    20.0   57.240   74.310   1362.9    839.6
     1     1    20    12    20    21     0     3    21.0   62.513   61.608      0.0   1004.4
     2     1    20    12    20    21     0     3    21.0   61.089   72.803    425.8    953.5
     3     1    20    12    20    21     0     3    21.0   56.969   75.172   1368.7    838.8
     1     1    20    12    20    22     0     2    22.0   62.446   61.783      0.1   1005.3
     2     1    20    12    20    22     0     2    22.0   60.925   73.622    475.1    946.3
     3     1    20    12    20    22     0     2    22.0   56.730   75.993   1388.4    832.7
     1     1    20    12    20    23     0     1    23.0   62.375   61.918      1.5   1005.8
     2     1    20    12    20    23     0     1    23.0   60.741   74.347    517.8    938.9
     3     1    20    12    20    23     0     1    23.0   56.522   76.836   1413.5    830.9
     1     1    20    12    21     0     0     0    24.0   62.298   62.028      3.4   1005.9
     2     1    20    12    21     0     0     0    24.0   60.547   75.013    548.7    933.1
     3     1    20    12    21     0     0     0    24.0   56.340   77.666   1425.8    827.9
