     5     1
    GDAS    20    11    29     0     0
    GDAS    20    12     1     0     0
    GDAS    20    12     8     0     0
    GDAS    20    12    15     0     0
    GDAS    20    12    22     0     0
     3 FORWARD  OMEGA   
    20    12     6     0   62.085   49.588   100.0
    20    12     6     0   62.085   49.588   500.0
    20    12     6     0   62.085   49.588  1000.0
     1 PRESSURE
     1     1    20    12     6     0     0     0     0.0   62.085   49.588    100.0   1004.3
     2     1    20    12     6     0     0     0     0.0   62.085   49.588    500.0    955.8
     3     1    20    12     6     0     0     0     0.0   62.085   49.588   1000.0    898.4
     1     1    20    12     6     1     0     1     1.0   62.238   50.004     94.7   1003.5
     2     1    20    12     6     1     0     1     1.0   62.196   50.660    520.0    947.9
     3     1    20    12     6     1     0     1     1.0   62.110   50.770    993.2    894.0
     1     1    20    12     6     2     0     2     2.0   62.383   50.444     91.3   1001.1
     2     1    20    12     6     2     0     2     2.0   62.256   51.759    527.7    944.3
     3     1    20    12     6     2     0     2     2.0   62.096   51.982    990.0    892.2
     1     1    20    12     6     3     0     3     3.0   62.521   50.937     93.5    998.3
     2     1    20    12     6     3     0     3     3.0   62.297   52.850    517.3    943.2
     3     1    20    12     6     3     0     3     3.0   62.041   53.153    969.3    893.2
     1     1    20    12     6     4     0     2     4.0   62.653   51.468     97.7    997.1
     2     1    20    12     6     4     0     2     4.0   62.331   53.920    488.8    943.3
     3     1    20    12     6     4     0     2     4.0   61.965   54.292    949.5    892.7
     1     1    20    12     6     5     0     1     5.0   62.774   51.995    100.0    996.6
     2     1    20    12     6     5     0     1     5.0   62.361   54.944    473.9    948.3
     3     1    20    12     6     5     0     1     5.0   61.876   55.404    970.0    894.2
     1     1    20    12     6     6     0     0     6.0   62.885   52.515    104.5    992.4
     2     1    20    12     6     6     0     0     6.0   62.395   55.942    491.1    948.1
     3     1    20    12     6     6     0     0     6.0   61.793   56.473   1002.3    890.3
     1     1    20    12     6     7     0     1     7.0   62.985   53.051    109.3    987.6
     2     1    20    12     6     7     0     1     7.0   62.447   56.895    539.3    942.4
     3     1    20    12     6     7     0     1     7.0   61.703   57.510   1081.4    874.8
     1     1    20    12     6     8     0     2     8.0   63.061   53.610    101.2    992.1
     2     1    20    12     6     8     0     2     8.0   62.475   57.874    617.0    923.0
     3     1    20    12     6     8     0     2     8.0   61.545   58.638   1093.0    849.5
     1     1    20    12     6     9     0     3     9.0   63.108   54.149     75.2    998.3
     2     1    20    12     6     9     0     3     9.0   62.448   59.026    694.6    888.1
     3     1    20    12     6     9     0     3     9.0   61.312   59.919    940.4    879.2
     1     1    20    12     6    10     0     2    10.0   63.146   54.627     62.0    996.9
     2     1    20    12     6    10     0     2    10.0   62.354   60.393    524.8    935.8
     3     1    20    12     6    10     0     2    10.0   61.048   61.037    871.9    907.5
     1     1    20    12     6    11     0     1    11.0   63.183   55.077     65.8    994.5
     2     1    20    12     6    11     0     1    11.0   62.289   61.494    411.3    962.7
     3     1    20    12     6    11     0     1    11.0   60.800   62.000    934.5    903.8
     1     1    20    12     6    12     0     0    12.0   63.204   55.533     64.7    997.1
     2     1    20    12     6    12     0     0    12.0   62.221   62.471    388.6    962.3
     3     1    20    12     6    12     0     0    12.0   60.590   62.911    994.4    896.0
     1     1    20    12     6    13     0     1    13.0   63.204   55.959     48.8   1001.4
     2     1    20    12     6    13     0     1    13.0   62.161   63.436    365.3    965.3
     3     1    20    12     6    13     0     1    13.0   60.401   63.747   1051.3    889.8
     1     1    20    12     6    14     0     2    14.0   63.206   56.321     31.1   1004.9
     2     1    20    12     6    14     0     2    14.0   62.091   64.333    399.7    962.7
     3     1    20    12     6    14     0     2    14.0   60.230   64.541   1124.8    881.0
     1     1    20    12     6    15     0     3    15.0   63.220   56.648     20.6   1007.3
     2     1    20    12     6    15     0     3    15.0   61.967   65.209    430.1    956.8
     3     1    20    12     6    15     0     3    15.0   60.101   65.392   1205.7    874.6
     1     1    20    12     6    16     0     2    16.0   63.242   56.964     15.8   1007.7
     2     1    20    12     6    16     0     2    16.0   61.817   66.048    432.9    956.8
     3     1    20    12     6    16     0     2    16.0   59.980   66.239   1245.5    876.4
     1     1    20    12     6    17     0     1    17.0   63.278   57.283     15.9   1002.2
     2     1    20    12     6    17     0     1    17.0   61.691   66.833    443.6    964.8
     3     1    20    12     6    17     0     1    17.0   59.868   67.033   1288.7    872.0
     1     1    20    12     6    18     0     0    18.0   63.328   57.616     21.1    995.3
     2     1    20    12     6    18     0     0    18.0   61.569   67.568    462.6    959.1
     3     1    20    12     6    18     0     0    18.0   59.803   67.902   1370.8    862.9
     1     1    20    12     6    19     0     1    19.0   63.387   57.971     35.3    987.9
     2     1    20    12     6    19     0     1    19.0   61.454   68.254    454.1    959.2
     3     1    20    12     6    19     0     1    19.0   59.751   68.814   1451.4    851.1
     1     1    20    12     6    20     0     2    20.0   63.444   58.351     77.8    977.1
     2     1    20    12     6    20     0     2    20.0   61.345   68.929    448.3    960.5
     3     1    20    12     6    20     0     2    20.0   59.673   69.698   1478.7    842.0
     1     1    20    12     6    21     0     3    21.0   63.491   58.806    208.1    953.3
     2     1    20    12     6    21     0     3    21.0   61.236   69.598    445.0    961.7
     3     1    20    12     6    21     0     3    21.0   59.577   70.632   1518.2    834.8
     1     1    20    12     6    22     0     2    22.0   63.487   59.500    399.5    925.2
     2     1    20    12     6    22     0     2    22.0   61.143   70.294    442.2    962.6
     3     1    20    12     6    22     0     2    22.0   59.483   71.639   1574.2    827.5
     1     1    20    12     6    23     0     1    23.0   63.481   60.378    194.7    974.4
     2     1    20    12     6    23     0     1    23.0   61.064   71.040    435.5    964.3
     3     1    20    12     6    23     0     1    23.0   59.366   72.664   1614.3    823.9
     1     1    20    12     7     0     0     0    24.0   63.547   61.022     49.3   1009.5
     2     1    20    12     7     0     0     0    24.0   60.998   71.822    430.9    965.1
     3     1    20    12     7     0     0     0    24.0   59.220   73.702   1675.5    817.0
