     5     1
    GDAS    20    11     8     0     0
    GDAS    20    11    15     0     0
    GDAS    20    11    22     0     0
    GDAS    20    11    29     0     0
    GDAS    20    12     1     0     0
     3 FORWARD  OMEGA   
    20    11    19     0   62.085   49.588   100.0
    20    11    19     0   62.085   49.588   500.0
    20    11    19     0   62.085   49.588  1000.0
     1 PRESSURE
     1     1    20    11    19     0     0     0     0.0   62.085   49.588    100.0    990.8
     2     1    20    11    19     0     0     0     0.0   62.085   49.588    500.0    941.2
     3     1    20    11    19     0     0     0     0.0   62.085   49.588   1000.0    882.8
     1     1    20    11    19     1     0     1     1.0   62.310   49.997     77.2    992.0
     2     1    20    11    19     1     0     1     1.0   62.463   50.472    474.2    938.7
     3     1    20    11    19     1     0     1     1.0   62.298   50.788    989.7    878.0
     1     1    20    11    19     2     0     2     2.0   62.529   50.372     63.7    989.3
     2     1    20    11    19     2     0     2     2.0   62.828   51.344    458.0    937.0
     3     1    20    11    19     2     0     2     2.0   62.503   51.971    991.1    876.8
     1     1    20    11    19     3     0     3     3.0   62.753   50.744     59.2    987.7
     2     1    20    11    19     3     0     3     3.0   63.187   52.213    438.4    935.9
     3     1    20    11    19     3     0     3     3.0   62.692   53.166    985.0    871.0
     1     1    20    11    19     4     0     2     4.0   62.987   51.116     60.7    986.3
     2     1    20    11    19     4     0     2     4.0   63.553   53.093    386.6    939.2
     3     1    20    11    19     4     0     2     4.0   62.875   54.375    953.3    876.7
     1     1    20    11    19     5     0     1     5.0   63.236   51.501     67.8    982.0
     2     1    20    11    19     5     0     1     5.0   63.922   53.890    319.7    951.6
     3     1    20    11    19     5     0     1     5.0   63.068   55.585    912.7    882.9
     1     1    20    11    19     6     0     0     6.0   63.509   51.924     99.9    974.7
     2     1    20    11    19     6     0     0     6.0   64.287   54.615    295.9    952.9
     3     1    20    11    19     6     0     0     6.0   63.291   56.754    968.9    879.9
     1     1    20    11    19     7     0     1     7.0   63.817   52.405    141.8    965.4
     2     1    20    11    19     7     0     1     7.0   64.654   55.303    260.5    957.0
     3     1    20    11    19     7     0     1     7.0   63.476   57.911   1046.0    857.8
     1     1    20    11    19     8     0     2     8.0   64.118   52.912    115.0    971.5
     2     1    20    11    19     8     0     2     8.0   65.006   55.920    226.8    966.2
     3     1    20    11    19     8     0     2     8.0   63.583   59.234   1036.7    841.9
     1     1    20    11    19     9     0     3     9.0   64.380   53.350     67.1    981.4
     2     1    20    11    19     9     0     3     9.0   65.343   56.484    199.7    969.7
     3     1    20    11    19     9     0     3     9.0   63.612   60.714    741.9    903.6
     1     1    20    11    19    10     0     2    10.0   64.636   53.687     49.8    983.4
     2     1    20    11    19    10     0     2    10.0   65.707   57.028    189.1    969.5
     3     1    20    11    19    10     0     2    10.0   63.724   61.959    630.5    923.6
     1     1    20    11    19    11     0     1    11.0   64.909   53.953     45.2    983.9
     2     1    20    11    19    11     0     1    11.0   66.134   57.571    204.4    965.5
     3     1    20    11    19    11     0     1    11.0   63.885   63.257    603.0    920.9
     1     1    20    11    19    12     0     0    12.0   65.200   54.167     43.5    981.8
     2     1    20    11    19    12     0     0    12.0   66.614   58.202    209.6    961.9
     3     1    20    11    19    12     0     0    12.0   64.041   64.676    622.7    927.2
     1     1    20    11    19    13     0     1    13.0   65.492   54.374     42.3    979.9
     2     1    20    11    19    13     0     1    13.0   67.105   58.973    197.8    961.7
     3     1    20    11    19    13     0     1    13.0   64.176   66.078    663.4    928.5
     1     1    20    11    19    14     0     2    14.0   65.784   54.612     42.1    978.9
     2     1    20    11    19    14     0     2    14.0   67.563   59.801    192.5    961.1
     3     1    20    11    19    14     0     2    14.0   64.282   67.417    697.0    912.5
     1     1    20    11    19    15     0     3    15.0   66.091   54.893     43.9    978.0
     2     1    20    11    19    15     0     3    15.0   67.985   60.579    228.0    951.3
     3     1    20    11    19    15     0     3    15.0   64.355   68.702    707.3    909.9
     1     1    20    11    19    16     0     2    16.0   66.433   55.200     40.7    976.0
     2     1    20    11    19    16     0     2    16.0   68.396   61.372    289.8    941.3
     3     1    20    11    19    16     0     2    16.0   64.396   69.938    722.7    907.5
     1     1    20    11    19    17     0     1    17.0   66.807   55.527     37.2    973.9
     2     1    20    11    19    17     0     1    17.0   68.807   62.220    333.6    926.2
     3     1    20    11    19    17     0     1    17.0   64.440   71.138    723.1    907.6
     1     1    20    11    19    18     0     0    18.0   67.220   55.911     43.0    971.1
     2     1    20    11    19    18     0     0    18.0   69.240   63.097    309.5    931.5
     3     1    20    11    19    18     0     0    18.0   64.473   72.258    705.8    914.5
     1     1    20    11    19    19     0     1    19.0   67.622   56.307     38.6    969.7
     2     1    20    11    19    19     0     1    19.0   69.667   64.002    263.9    953.7
     3     1    20    11    19    19     0     1    19.0   64.500   73.350    714.3    913.3
     1     1    20    11    19    20     0     2    20.0   67.987   56.648     11.7    973.4
     2     1    20    11    19    20     0     2    20.0   70.069   64.913    266.7    955.3
     3     1    20    11    19    20     0     2    20.0   64.562   74.433    723.2    910.3
     1     1    20    11    19    21     0     3    21.0   68.336   56.909      0.0    975.4
     2     1    20    11    19    21     0     3    21.0   70.457   65.852    279.0    952.3
     3     1    20    11    19    21     0     3    21.0   64.635   75.487    739.7    906.6
     1     1    20    11    19    22     0     2    22.0   68.700   57.129      0.0    977.3
     2     1    20    11    19    22     0     2    22.0   70.837   66.756    291.7    950.7
     3     1    20    11    19    22     0     2    22.0   64.701   76.564    757.0    910.0
     1     1    20    11    19    23     0     1    23.0   69.086   57.358      0.0    978.8
     2     1    20    11    19    23     0     1    23.0   71.216   67.562    315.7    946.7
     3     1    20    11    19    23     0     1    23.0   64.803   77.612    787.2    908.9
     1     1    20    11    20     0     0     0    24.0   69.473   57.580      0.0    977.4
     2     1    20    11    20     0     0     0    24.0   71.604   68.381    330.2    944.0
     3     1    20    11    20     0     0     0    24.0   64.931   78.589    808.3    906.3
