     5     1
    GDAS    20    10     1     0     0
    GDAS    20    10     8     0     0
    GDAS    20    10    15     0     0
    GDAS    20    10    22     0     0
    GDAS    20    10    29     0     0
     3 FORWARD  OMEGA   
    20    10    14     0   62.085   49.588   100.0
    20    10    14     0   62.085   49.588   500.0
    20    10    14     0   62.085   49.588  1000.0
     1 PRESSURE
     1     1    20    10    14     0     0     0     0.0   62.085   49.588    100.0    987.8
     2     1    20    10    14     0     0     0     0.0   62.085   49.588    500.0    940.6
     3     1    20    10    14     0     0     0     0.0   62.085   49.588   1000.0    884.8
     1     1    20    10    14     1     0     1     1.0   61.953   49.468    159.6    981.7
     2     1    20    10    14     1     0     1     1.0   62.014   49.575    823.6    908.4
     3     1    20    10    14     1     0     1     1.0   62.135   49.931   1472.8    829.8
     1     1    20    10    14     2     0     2     2.0   61.809   49.404    220.5    972.3
     2     1    20    10    14     2     0     2     2.0   61.969   49.803   1183.8    863.1
     3     1    20    10    14     2     0     2     2.0   62.180   50.462   1872.3    783.9
     1     1    20    10    14     3     0     3     3.0   61.671   49.450    266.7    964.7
     2     1    20    10    14     3     0     3     3.0   61.933   50.253   1551.7    823.3
     3     1    20    10    14     3     0     3     3.0   62.220   51.074   2159.5    754.1
     1     1    20    10    14     4     0     2     4.0   61.530   49.558    295.8    961.2
     2     1    20    10    14     4     0     2     4.0   61.921   50.820   1819.8    784.7
     3     1    20    10    14     4     0     2     4.0   62.254   51.762   2403.6    734.9
     1     1    20    10    14     5     0     1     5.0   61.356   49.652    310.4    959.0
     2     1    20    10    14     5     0     1     5.0   61.919   51.417   1983.1    774.6
     3     1    20    10    14     5     0     1     5.0   62.288   52.619   2604.3    713.7
     1     1    20    10    14     6     0     0     6.0   61.114   49.666    319.3    957.7
     2     1    20    10    14     6     0     0     6.0   61.928   52.197   2166.0    757.2
     3     1    20    10    14     6     0     0     6.0   62.321   53.557   2701.1    703.6
     1     1    20    10    14     7     0     1     7.0   60.831   49.654    335.5    954.8
     2     1    20    10    14     7     0     1     7.0   61.928   53.043   2195.1    753.2
     3     1    20    10    14     7     0     1     7.0   62.339   54.436   2753.6    698.7
     1     1    20    10    14     8     0     2     8.0   60.579   49.761    356.0    951.8
     2     1    20    10    14     8     0     2     8.0   61.875   53.815   2171.2    753.3
     3     1    20    10    14     8     0     2     8.0   62.316   55.342   2798.4    696.9
     1     1    20    10    14     9     0     3     9.0   60.304   49.915    394.0    946.0
     2     1    20    10    14     9     0     3     9.0   61.786   54.645   2200.2    753.9
     3     1    20    10    14     9     0     3     9.0   62.253   56.367   2820.2    695.6
     1     1    20    10    14    10     0     2    10.0   60.013   50.072    442.6    937.0
     2     1    20    10    14    10     0     2    10.0   61.695   55.503   2272.6    745.4
     3     1    20    10    14    10     0     2    10.0   62.180   57.393   2902.8    686.1
     1     1    20    10    14    11     0     1    11.0   59.764   50.265    467.3    936.4
     2     1    20    10    14    11     0     1    11.0   61.564   56.386   2288.8    743.4
     3     1    20    10    14    11     0     1    11.0   62.087   58.466   3020.9    662.6
     1     1    20    10    14    12     0     0    12.0   59.538   50.476    479.9    937.7
     2     1    20    10    14    12     0     0    12.0   61.400   57.235   2211.5    748.4
     3     1    20    10    14    12     0     0    12.0   61.959   59.681   3143.0    655.4
     1     1    20    10    14    13     0     1    13.0   59.321   50.676    514.5    935.5
     2     1    20    10    14    13     0     1    13.0   61.228   58.069   2162.8    747.9
     3     1    20    10    14    13     0     1    13.0   61.835   60.824   3272.2    652.4
     1     1    20    10    14    14     0     2    14.0   59.093   50.799    561.3    931.5
     2     1    20    10    14    14     0     2    14.0   61.049   58.925   2120.7    727.0
     3     1    20    10    14    14     0     2    14.0   61.703   61.812   3224.7    665.8
     1     1    20    10    14    15     0     3    15.0   58.830   50.808    585.1    929.7
     2     1    20    10    14    15     0     3    15.0   60.858   59.771   2232.9    739.8
     3     1    20    10    14    15     0     3    15.0   61.556   62.790   3283.2    658.2
     1     1    20    10    14    16     0     2    16.0   58.597   50.793    599.6    928.3
     2     1    20    10    14    16     0     2    16.0   60.664   60.605   2439.2    723.1
     3     1    20    10    14    16     0     2    16.0   61.409   63.805   3382.6    648.5
     1     1    20    10    14    17     0     1    17.0   58.405   50.724    589.9    928.9
     2     1    20    10    14    17     0     1    17.0   60.444   61.362   2314.0    750.3
     3     1    20    10    14    17     0     1    17.0   61.222   64.783   3378.0    650.9
     1     1    20    10    14    18     0     0    18.0   58.226   50.514    539.8    933.3
     2     1    20    10    14    18     0     0    18.0   60.208   62.158   2225.1    760.0
     3     1    20    10    14    18     0     0    18.0   61.026   65.804   3350.3    652.9
     1     1    20    10    14    19     0     1    19.0   58.067   50.212    494.8    936.5
     2     1    20    10    14    19     0     1    19.0   59.970   63.040   2150.3    766.2
     3     1    20    10    14    19     0     1    19.0   60.842   66.850   3318.1    663.2
     1     1    20    10    14    20     0     2    20.0   57.947   49.943    478.2    936.8
     2     1    20    10    14    20     0     2    20.0   59.714   63.789   2063.6    774.5
     3     1    20    10    14    20     0     2    20.0   60.617   67.737   3300.3    664.0
     1     1    20    10    14    21     0     3    21.0   57.864   49.719    464.3    939.8
     2     1    20    10    14    21     0     3    21.0   59.450   64.465   1992.3    782.6
     3     1    20    10    14    21     0     3    21.0   60.372   68.630   3250.3    668.6
     1     1    20    10    14    22     0     2    22.0   57.816   49.496    441.2    944.6
     2     1    20    10    14    22     0     2    22.0   59.201   65.169   1944.0    787.4
     3     1    20    10    14    22     0     2    22.0   60.148   69.617   3187.8    669.8
     1     1    20    10    14    23     0     1    23.0   57.803   49.248    410.5    950.1
     2     1    20    10    14    23     0     1    23.0   58.944   65.791   1872.6    794.7
     3     1    20    10    14    23     0     1    23.0   59.884   70.520   3080.1    677.2
     1     1    20    10    15     0     0     0    24.0   57.821   48.964    364.8    957.6
     2     1    20    10    15     0     0     0    24.0   58.647   66.291   1763.2    809.8
     3     1    20    10    15     0     0     0    24.0   59.588   71.331   3004.6    683.3
