     5     1
    GDAS    20    11     1     0     0
    GDAS    20    11     8     0     0
    GDAS    20    11    15     0     0
    GDAS    20    11    22     0     0
    GDAS    20    11    29     0     0
     3 FORWARD  OMEGA   
    20    11    10     0   62.085   49.588   100.0
    20    11    10     0   62.085   49.588   500.0
    20    11    10     0   62.085   49.588  1000.0
     1 PRESSURE
     1     1    20    11    10     0     0     0     0.0   62.085   49.588    100.0    978.3
     2     1    20    11    10     0     0     0     0.0   62.085   49.588    500.0    931.1
     3     1    20    11    10     0     0     0     0.0   62.085   49.588   1000.0    873.7
     1     1    20    11    10     1     0     1     1.0   61.984   49.875     96.5    979.0
     2     1    20    11    10     1     0     1     1.0   61.863   49.980    482.8    931.4
     3     1    20    11    10     1     0     1     1.0   61.801   49.917   1017.4    871.2
     1     1    20    11    10     2     0     2     2.0   61.889   50.171     88.7    978.6
     2     1    20    11    10     2     0     2     2.0   61.632   50.372    458.2    932.6
     3     1    20    11    10     2     0     2     2.0   61.505   50.209   1042.2    865.6
     1     1    20    11    10     3     0     3     3.0   61.796   50.487     82.8    977.6
     2     1    20    11    10     3     0     3     3.0   61.400   50.768    435.7    931.9
     3     1    20    11    10     3     0     3     3.0   61.200   50.489   1067.7    859.5
     1     1    20    11    10     4     0     2     4.0   61.702   50.816     82.7    976.1
     2     1    20    11    10     4     0     2     4.0   61.175   51.158    416.5    935.2
     3     1    20    11    10     4     0     2     4.0   60.892   50.759   1088.1    856.5
     1     1    20    11    10     5     0     1     5.0   61.604   51.144     86.9    974.4
     2     1    20    11    10     5     0     1     5.0   60.947   51.527    414.9    935.9
     3     1    20    11    10     5     0     1     5.0   60.582   51.000   1108.1    852.4
     1     1    20    11    10     6     0     0     6.0   61.505   51.466     91.1    973.8
     2     1    20    11    10     6     0     0     6.0   60.721   51.871    426.8    931.8
     3     1    20    11    10     6     0     0     6.0   60.272   51.219   1124.8    848.5
     1     1    20    11    10     7     0     1     7.0   61.410   51.769     92.1    973.6
     2     1    20    11    10     7     0     1     7.0   60.499   52.185    442.7    928.3
     3     1    20    11    10     7     0     1     7.0   59.960   51.419   1140.8    845.9
     1     1    20    11    10     8     0     2     8.0   61.320   52.039     89.6    974.0
     2     1    20    11    10     8     0     2     8.0   60.285   52.475    459.1    925.8
     3     1    20    11    10     8     0     2     8.0   59.649   51.599   1167.8    844.6
     1     1    20    11    10     9     0     3     9.0   61.236   52.283     86.8    973.6
     2     1    20    11    10     9     0     3     9.0   60.089   52.757    464.6    926.2
     3     1    20    11    10     9     0     3     9.0   59.346   51.774   1206.8    840.4
     1     1    20    11    10    10     0     2    10.0   61.150   52.516     88.8    972.2
     2     1    20    11    10    10     0     2    10.0   59.903   53.028    456.5    929.5
     3     1    20    11    10    10     0     2    10.0   59.041   51.952   1245.0    835.2
     1     1    20    11    10    11     0     1    11.0   61.055   52.752     94.4    969.4
     2     1    20    11    10    11     0     1    11.0   59.706   53.287    447.5    929.1
     3     1    20    11    10    11     0     1    11.0   58.722   52.138   1271.0    832.7
     1     1    20    11    10    12     0     0    12.0   60.947   52.997     97.2    967.3
     2     1    20    11    10    12     0     0    12.0   59.499   53.543    439.6    927.7
     3     1    20    11    10    12     0     0    12.0   58.379   52.340   1288.0    833.2
     1     1    20    11    10    13     0     1    13.0   60.834   53.238     98.6    969.6
     2     1    20    11    10    13     0     1    13.0   59.276   53.787    422.6    928.0
     3     1    20    11    10    13     0     1    13.0   58.011   52.533   1300.8    833.7
     1     1    20    11    10    14     0     2    14.0   60.716   53.472    101.1    970.3
     2     1    20    11    10    14     0     2    14.0   59.037   54.012    397.9    931.4
     3     1    20    11    10    14     0     2    14.0   57.633   52.702   1308.7    835.0
     1     1    20    11    10    15     0     3    15.0   60.588   53.708    102.3    970.3
     2     1    20    11    10    15     0     3    15.0   58.789   54.216    373.9    936.2
     3     1    20    11    10    15     0     3    15.0   57.242   52.863   1325.3    835.6
     1     1    20    11    10    16     0     2    16.0   60.448   53.944    101.9    970.2
     2     1    20    11    10    16     0     2    16.0   58.536   54.399    352.7    940.1
     3     1    20    11    10    16     0     2    16.0   56.843   53.023   1353.8    832.9
     1     1    20    11    10    17     0     1    17.0   60.297   54.177    100.7    970.5
     2     1    20    11    10    17     0     1    17.0   58.279   54.569    334.7    943.8
     3     1    20    11    10    17     0     1    17.0   56.465   53.177   1370.6    832.6
     1     1    20    11    10    18     0     0    18.0   60.137   54.409    100.0    971.6
     2     1    20    11    10    18     0     0    18.0   58.013   54.726    318.3    946.9
     3     1    20    11    10    18     0     0    18.0   56.110   53.326   1366.2    836.5
     1     1    20    11    10    19     0     1    19.0   59.975   54.635    100.1    972.6
     2     1    20    11    10    19     0     1    19.0   57.743   54.880    306.1    948.6
     3     1    20    11    10    19     0     1    19.0   55.768   53.490   1350.9    836.9
     1     1    20    11    10    20     0     2    20.0   59.819   54.843    100.4    974.2
     2     1    20    11    10    20     0     2    20.0   57.471   55.034    301.2    947.2
     3     1    20    11    10    20     0     2    20.0   55.437   53.683   1329.7    834.1
     1     1    20    11    10    21     0     3    21.0   59.670   55.037    100.0    975.4
     2     1    20    11    10    21     0     3    21.0   57.197   55.179    295.7    944.2
     3     1    20    11    10    21     0     3    21.0   55.121   53.906   1294.4    833.3
     1     1    20    11    10    22     0     2    22.0   59.522   55.224    100.1    975.8
     2     1    20    11    10    22     0     2    22.0   56.928   55.335    290.2    943.6
     3     1    20    11    10    22     0     2    22.0   54.815   54.153   1253.0    837.4
     1     1    20    11    10    23     0     1    23.0   59.363   55.405     99.7    975.6
     2     1    20    11    10    23     0     1    23.0   56.666   55.521    288.4    945.6
     3     1    20    11    10    23     0     1    23.0   54.513   54.415   1225.7    842.4
     1     1    20    11    11     0     0     0    24.0   59.190   55.583     93.4    976.4
     2     1    20    11    11     0     0     0    24.0   56.411   55.725    291.7    948.3
     3     1    20    11    11     0     0     0    24.0   54.219   54.684   1227.9    845.4
