     5     1
    GDAS    20    12    15     0     0
    GDAS    20    12    22     0     0
    GDAS    20    12    29     0     0
    GDAS    21     1     1     0     0
    GDAS    21     1     8     0     0
     3 FORWARD  OMEGA   
    20    12    22     0   62.085   49.588   100.0
    20    12    22     0   62.085   49.588   500.0
    20    12    22     0   62.085   49.588  1000.0
     1 PRESSURE
     1     1    20    12    22     0     0     0     0.0   62.085   49.588    100.0    992.2
     2     1    20    12    22     0     0     0     0.0   62.085   49.588    500.0    943.9
     3     1    20    12    22     0     0     0     0.0   62.085   49.588   1000.0    886.9
     1     1    20    12    22     1     0     1     1.0   62.143   49.984     92.1    992.4
     2     1    20    12    22     1     0     1     1.0   62.083   50.482    520.2    938.3
     3     1    20    12    22     1     0     1     1.0   61.999   50.590   1058.7    876.6
     1     1    20    12    22     2     0     2     2.0   62.200   50.393     87.0    990.2
     2     1    20    12    22     2     0     2     2.0   62.065   51.416    576.9    926.7
     3     1    20    12    22     2     0     2     2.0   61.879   51.568   1124.2    864.6
     1     1    20    12    22     3     0     3     3.0   62.257   50.853     94.0    986.0
     2     1    20    12    22     3     0     3     3.0   62.025   52.366    639.0    921.1
     3     1    20    12    22     3     0     3     3.0   61.732   52.579   1165.0    861.3
     1     1    20    12    22     4     0     2     4.0   62.315   51.374    115.5    981.1
     2     1    20    12    22     4     0     2     4.0   61.951   53.301    737.0    904.1
     3     1    20    12    22     4     0     2     4.0   61.572   53.597   1221.4    849.4
     1     1    20    12    22     5     0     1     5.0   62.372   51.915    129.8    978.4
     2     1    20    12    22     5     0     1     5.0   61.838   54.262    757.7    900.5
     3     1    20    12    22     5     0     1     5.0   61.389   54.590   1215.8    855.6
     1     1    20    12    22     6     0     0     6.0   62.423   52.477    138.5    975.8
     2     1    20    12    22     6     0     0     6.0   61.717   55.208    786.9    901.4
     3     1    20    12    22     6     0     0     6.0   61.184   55.535   1275.9    845.3
     1     1    20    12    22     7     0     1     7.0   62.471   53.090    160.5    970.2
     2     1    20    12    22     7     0     1     7.0   61.595   56.126    800.6    896.7
     3     1    20    12    22     7     0     1     7.0   60.990   56.454   1320.9    838.8
     1     1    20    12    22     8     0     2     8.0   62.517   53.739    169.1    967.7
     2     1    20    12    22     8     0     2     8.0   61.484   57.022    846.0    891.6
     3     1    20    12    22     8     0     2     8.0   60.802   57.372   1441.5    822.2
     1     1    20    12    22     9     0     3     9.0   62.554   54.365    152.4    970.1
     2     1    20    12    22     9     0     3     9.0   61.373   57.922    968.0    870.8
     3     1    20    12    22     9     0     3     9.0   60.563   58.369   1542.2    789.6
     1     1    20    12    22    10     0     2    10.0   62.592   54.986    168.8    966.8
     2     1    20    12    22    10     0     2    10.0   61.205   58.901   1070.4    829.4
     3     1    20    12    22    10     0     2    10.0   60.242   59.463   1402.5    809.2
     1     1    20    12    22    11     0     1    11.0   62.635   55.615    185.7    966.1
     2     1    20    12    22    11     0     1    11.0   60.968   59.918   1070.5    851.9
     3     1    20    12    22    11     0     1    11.0   59.928   60.345   1392.3    833.6
     1     1    20    12    22    12     0     0    12.0   62.680   56.196    173.0    969.2
     2     1    20    12    22    12     0     0    12.0   60.727   60.786   1078.6    867.5
     3     1    20    12    22    12     0     0    12.0   59.612   61.113   1477.4    832.9
     1     1    20    12    22    13     0     1    13.0   62.728   56.738    166.5    969.2
     2     1    20    12    22    13     0     1    13.0   60.500   61.526   1127.1    866.3
     3     1    20    12    22    13     0     1    13.0   59.307   61.855   1570.9    821.2
     1     1    20    12    22    14     0     2    14.0   62.786   57.281    182.4    964.1
     2     1    20    12    22    14     0     2    14.0   60.290   62.245   1148.0    865.1
     3     1    20    12    22    14     0     2    14.0   59.041   62.559   1572.3    816.1
     1     1    20    12    22    15     0     3    15.0   62.862   57.857    256.5    949.3
     2     1    20    12    22    15     0     3    15.0   60.122   62.930   1151.4    864.8
     3     1    20    12    22    15     0     3    15.0   58.790   63.220   1557.4    821.6
     1     1    20    12    22    16     0     2    16.0   62.937   58.476    430.1    916.1
     2     1    20    12    22    16     0     2    16.0   59.988   63.564   1158.1    865.4
     3     1    20    12    22    16     0     2    16.0   58.555   63.886   1578.1    823.8
     1     1    20    12    22    17     0     1    17.0   62.984   59.160    658.7    878.4
     2     1    20    12    22    17     0     1    17.0   59.861   64.174   1196.6    862.0
     3     1    20    12    22    17     0     1    17.0   58.365   64.589   1617.6    817.7
     1     1    20    12    22    18     0     0    18.0   62.998   59.874    814.3    876.6
     2     1    20    12    22    18     0     0    18.0   59.748   64.803   1284.5    853.3
     3     1    20    12    22    18     0     0    18.0   58.200   65.304   1662.3    813.5
     1     1    20    12    22    19     0     1    19.0   62.984   60.491    870.6    885.0
     2     1    20    12    22    19     0     1    19.0   59.651   65.475   1389.9    839.6
     3     1    20    12    22    19     0     1    19.0   58.036   66.038   1696.1    808.0
     1     1    20    12    22    20     0     2    20.0   62.941   61.082    908.7    886.5
     2     1    20    12    22    20     0     2    20.0   59.581   66.167   1493.5    833.7
     3     1    20    12    22    20     0     2    20.0   57.908   66.824   1704.5    814.4
     1     1    20    12    22    21     0     3    21.0   62.863   61.668    945.0    882.0
     2     1    20    12    22    21     0     3    21.0   59.549   66.883   1607.9    822.3
     3     1    20    12    22    21     0     3    21.0   57.799   67.642   1694.5    816.0
     1     1    20    12    22    22     0     2    22.0   62.744   62.267    981.7    879.1
     2     1    20    12    22    22     0     2    22.0   59.489   67.645   1677.0    814.3
     3     1    20    12    22    22     0     2    22.0   57.657   68.510   1706.2    810.4
     1     1    20    12    22    23     0     1    23.0   62.576   62.873   1018.2    875.5
     2     1    20    12    22    23     0     1    23.0   59.389   68.428   1694.0    813.1
     3     1    20    12    22    23     0     1    23.0   57.549   69.486   1778.6    798.8
     1     1    20    12    23     0     0     0    24.0   62.343   63.483   1049.2    870.1
     2     1    20    12    23     0     0     0    24.0   59.321   69.214   1748.7    805.5
     3     1    20    12    23     0     0     0    24.0   57.469   70.496   1881.2    786.9
