     5     1
    GDAS    20    12    15     0     0
    GDAS    20    12    22     0     0
    GDAS    20    12    29     0     0
    GDAS    21     1     1     0     0
    GDAS    21     1     8     0     0
     3 FORWARD  OMEGA   
    20    12    24     0   62.085   49.588   100.0
    20    12    24     0   62.085   49.588   500.0
    20    12    24     0   62.085   49.588  1000.0
     1 PRESSURE
     1     1    20    12    24     0     0     0     0.0   62.085   49.588    100.0    995.3
     2     1    20    12    24     0     0     0     0.0   62.085   49.588    500.0    945.0
     3     1    20    12    24     0     0     0     0.0   62.085   49.588   1000.0    886.8
     1     1    20    12    24     1     0     1     1.0   62.067   49.191    112.4    993.0
     2     1    20    12    24     1     0     1     1.0   62.140   49.354    521.4    941.7
     3     1    20    12    24     1     0     1     1.0   62.114   49.675   1007.9    885.9
     1     1    20    12    24     2     0     2     2.0   62.069   48.778    124.8    989.1
     2     1    20    12    24     2     0     2     2.0   62.240   49.107    550.5    936.2
     3     1    20    12    24     2     0     2     2.0   62.165   49.727   1024.8    883.0
     1     1    20    12    24     3     0     3     3.0   62.096   48.336    133.0    983.2
     2     1    20    12    24     3     0     3     3.0   62.391   48.851    585.0    928.7
     3     1    20    12    24     3     0     3     3.0   62.241   49.742   1049.5    879.0
     1     1    20    12    24     4     0     2     4.0   62.147   47.878    138.2    980.8
     2     1    20    12    24     4     0     2     4.0   62.598   48.589    622.9    922.2
     3     1    20    12    24     4     0     2     4.0   62.345   49.726   1082.0    874.4
     1     1    20    12    24     5     0     1     5.0   62.225   47.440    159.5    979.3
     2     1    20    12    24     5     0     1     5.0   62.859   48.311    671.7    915.8
     3     1    20    12    24     5     0     1     5.0   62.476   49.688   1120.8    868.5
     1     1    20    12    24     6     0     0     6.0   62.338   47.003    211.0    974.1
     2     1    20    12    24     6     0     0     6.0   63.164   47.994    735.6    909.1
     3     1    20    12    24     6     0     0     6.0   62.634   49.627   1161.2    861.9
     1     1    20    12    24     7     0     1     7.0   62.510   46.562    272.5    963.6
     2     1    20    12    24     7     0     1     7.0   63.500   47.636    794.1    901.5
     3     1    20    12    24     7     0     1     7.0   62.814   49.558   1201.4    855.2
     1     1    20    12    24     8     0     2     8.0   62.736   46.105    311.4    958.3
     2     1    20    12    24     8     0     2     8.0   63.867   47.233    839.1    900.3
     3     1    20    12    24     8     0     2     8.0   63.013   49.486   1246.7    848.1
     1     1    20    12    24     9     0     3     9.0   62.986   45.619    367.0    953.9
     2     1    20    12    24     9     0     3     9.0   64.259   46.798    877.3    895.6
     3     1    20    12    24     9     0     3     9.0   63.228   49.409   1298.2    841.7
     1     1    20    12    24    10     0     2    10.0   63.271   45.202    456.0    939.9
     2     1    20    12    24    10     0     2    10.0   64.651   46.345    905.7    891.2
     3     1    20    12    24    10     0     2    10.0   63.447   49.334   1355.7    835.7
     1     1    20    12    24    11     0     1    11.0   63.571   44.920    515.4    933.9
     2     1    20    12    24    11     0     1    11.0   65.043   45.853    919.9    892.9
     3     1    20    12    24    11     0     1    11.0   63.661   49.268   1431.0    828.6
     1     1    20    12    24    12     0     0    12.0   63.876   44.730    555.9    934.0
     2     1    20    12    24    12     0     0    12.0   65.408   45.309    923.0    893.2
     3     1    20    12    24    12     0     0    12.0   63.869   49.202   1535.3    818.8
     1     1    20    12    24    13     0     1    13.0   64.174   44.585    597.5    930.4
     2     1    20    12    24    13     0     1    13.0   65.734   44.690    931.6    896.1
     3     1    20    12    24    13     0     1    13.0   64.063   49.091   1663.6    804.9
     1     1    20    12    24    14     0     2    14.0   64.451   44.387    633.4    927.9
     2     1    20    12    24    14     0     2    14.0   66.057   43.909    949.7    899.8
     3     1    20    12    24    14     0     2    14.0   64.244   48.901   1790.3    788.5
     1     1    20    12    24    15     0     3    15.0   64.701   44.094    661.3    928.6
     2     1    20    12    24    15     0     3    15.0   66.341   43.018    939.1    900.4
     3     1    20    12    24    15     0     3    15.0   64.419   48.648   1896.5    777.6
     1     1    20    12    24    16     0     2    16.0   64.919   43.712    687.2    926.0
     2     1    20    12    24    16     0     2    16.0   66.589   42.074    939.5    902.8
     3     1    20    12    24    16     0     2    16.0   64.589   48.360   1978.4    769.4
     1     1    20    12    24    17     0     1    17.0   65.113   43.286    712.7    919.8
     2     1    20    12    24    17     0     1    17.0   66.823   41.011    948.2    884.7
     3     1    20    12    24    17     0     1    17.0   64.755   48.031   2032.7    765.2
     1     1    20    12    24    18     0     0    18.0   65.303   42.796    720.3    918.4
     2     1    20    12    24    18     0     0    18.0   67.066   39.744    895.2    882.8
     3     1    20    12    24    18     0     0    18.0   64.921   47.616   2068.3    762.4
     1     1    20    12    24    19     0     1    19.0   65.498   42.206    700.7    923.0
     2     1    20    12    24    19     0     1    19.0   67.311   38.452    890.9    881.1
     3     1    20    12    24    19     0     1    19.0   65.099   47.107   2124.6    757.5
     1     1    20    12    24    20     0     2    20.0   65.694   41.532    671.8    929.2
     2     1    20    12    24    20     0     2    20.0   67.565   37.304    888.9    881.0
     3     1    20    12    24    20     0     2    20.0   65.276   46.561   2193.0    752.6
     1     1    20    12    24    21     0     3    21.0   65.875   40.818    663.9    932.5
     2     1    20    12    24    21     0     3    21.0   67.832   36.200    926.2    881.1
     3     1    20    12    24    21     0     3    21.0   65.431   45.999   2208.4    753.3
     1     1    20    12    24    22     0     2    22.0   66.000   40.034    662.5    933.1
     2     1    20    12    24    22     0     2    22.0   68.115   35.148    942.7    874.4
     3     1    20    12    24    22     0     2    22.0   65.559   45.444   2183.0    756.6
     1     1    20    12    24    23     0     1    23.0   66.070   39.127    668.1    932.4
     2     1    20    12    24    23     0     1    23.0   68.390   34.141    822.7    890.8
     3     1    20    12    24    23     0     1    23.0   65.657   44.928   2144.3    761.5
     1     1    20    12    25     0     0     0    24.0   66.137   38.113    660.5    928.9
     2     1    20    12    25     0     0     0    24.0   68.643   33.210    720.8    910.7
     3     1    20    12    25     0     0     0    24.0   65.728   44.421   2115.0    769.5
