     5     1
    GDAS    20    11    15     0     0
    GDAS    20    11    22     0     0
    GDAS    20    11    29     0     0
    GDAS    20    12     1     0     0
    GDAS    20    12     8     0     0
     3 FORWARD  OMEGA   
    20    11    27     0   62.085   49.588   100.0
    20    11    27     0   62.085   49.588   500.0
    20    11    27     0   62.085   49.588  1000.0
     1 PRESSURE
     1     1    20    11    27     0     0     0     0.0   62.085   49.588    100.0    996.8
     2     1    20    11    27     0     0     0     0.0   62.085   49.588    500.0    946.8
     3     1    20    11    27     0     0     0     0.0   62.085   49.588   1000.0    887.8
     1     1    20    11    27     1     0     1     1.0   62.203   49.441    101.1    995.0
     2     1    20    11    27     1     0     1     1.0   62.302   49.510    514.1    941.8
     3     1    20    11    27     1     0     1     1.0   62.275   49.504   1015.0    883.6
     1     1    20    11    27     2     0     2     2.0   62.329   49.279    101.2    993.1
     2     1    20    11    27     2     0     2     2.0   62.535   49.400    515.7    938.6
     3     1    20    11    27     2     0     2     2.0   62.472   49.387   1026.1    879.9
     1     1    20    11    27     3     0     3     3.0   62.463   49.100    100.7    990.9
     2     1    20    11    27     3     0     3     3.0   62.780   49.257    506.1    935.9
     3     1    20    11    27     3     0     3     3.0   62.675   49.240   1036.2    875.8
     1     1    20    11    27     4     0     2     4.0   62.603   48.901     99.7    989.2
     2     1    20    11    27     4     0     2     4.0   63.035   49.088    484.3    934.6
     3     1    20    11    27     4     0     2     4.0   62.880   49.071   1040.3    871.2
     1     1    20    11    27     5     0     1     5.0   62.746   48.685     96.4    988.8
     2     1    20    11    27     5     0     1     5.0   63.299   48.903    455.1    941.2
     3     1    20    11    27     5     0     1     5.0   63.089   48.890   1029.7    871.6
     1     1    20    11    27     6     0     0     6.0   62.887   48.451     86.6    990.2
     2     1    20    11    27     6     0     0     6.0   63.568   48.705    426.5    948.3
     3     1    20    11    27     6     0     0     6.0   63.302   48.700   1004.5    877.7
     1     1    20    11    27     7     0     1     7.0   63.018   48.215     68.4    994.2
     2     1    20    11    27     7     0     1     7.0   63.833   48.495    404.3    953.8
     3     1    20    11    27     7     0     1     7.0   63.522   48.510    975.4    884.4
     1     1    20    11    27     8     0     2     8.0   63.131   47.988     49.0    998.3
     2     1    20    11    27     8     0     2     8.0   64.092   48.292    389.4    956.4
     3     1    20    11    27     8     0     2     8.0   63.745   48.324    949.6    888.9
     1     1    20    11    27     9     0     3     9.0   63.227   47.775     34.5   1000.4
     2     1    20    11    27     9     0     3     9.0   64.347   48.110    374.1    957.8
     3     1    20    11    27     9     0     3     9.0   63.969   48.140    924.3    892.8
     1     1    20    11    27    10     0     2    10.0   63.311   47.564     25.3   1002.3
     2     1    20    11    27    10     0     2    10.0   64.595   47.941    348.8    961.2
     3     1    20    11    27    10     0     2    10.0   64.189   47.955    892.0    896.4
     1     1    20    11    27    11     0     1    11.0   63.382   47.348     19.6   1004.3
     2     1    20    11    27    11     0     1    11.0   64.834   47.767    310.3    966.3
     3     1    20    11    27    11     0     1    11.0   64.406   47.781    847.3    902.6
     1     1    20    11    27    12     0     0    12.0   63.442   47.125     16.0   1006.8
     2     1    20    11    27    12     0     0    12.0   65.059   47.584    262.1    973.3
     3     1    20    11    27    12     0     0    12.0   64.623   47.624    790.2    909.8
     1     1    20    11    27    13     0     1    13.0   63.500   46.900     13.3   1007.7
     2     1    20    11    27    13     0     1    13.0   65.272   47.387    214.9    982.9
     3     1    20    11    27    13     0     1    13.0   64.839   47.487    729.6    917.9
     1     1    20    11    27    14     0     2    14.0   63.559   46.680     11.1   1007.6
     2     1    20    11    27    14     0     2    14.0   65.482   47.187    176.3    989.3
     3     1    20    11    27    14     0     2    14.0   65.050   47.370    675.3    924.6
     1     1    20    11    27    15     0     3    15.0   63.618   46.466      8.9   1007.1
     2     1    20    11    27    15     0     3    15.0   65.687   47.000    146.2    994.7
     3     1    20    11    27    15     0     3    15.0   65.257   47.272    631.1    932.4
     1     1    20    11    27    16     0     2    16.0   63.677   46.261      6.3   1006.8
     2     1    20    11    27    16     0     2    16.0   65.884   46.848    124.6   1000.3
     3     1    20    11    27    16     0     2    16.0   65.466   47.197    596.9    938.2
     1     1    20    11    27    17     0     1    17.0   63.736   46.067      3.3   1005.9
     2     1    20    11    27    17     0     1    17.0   66.068   46.745    108.9   1004.7
     3     1    20    11    27    17     0     1    17.0   65.684   47.157    566.7    943.7
     1     1    20    11    27    18     0     0    18.0   63.798   45.884      0.2   1006.2
     2     1    20    11    27    18     0     0    18.0   66.241   46.686     96.4   1009.2
     3     1    20    11    27    18     0     0    18.0   65.902   47.164    534.0    949.6
     1     1    20    11    27    19     0     1    19.0   63.864   45.708      0.0   1008.1
     2     1    20    11    27    19     0     1    19.0   66.416   46.669     87.9   1012.7
     3     1    20    11    27    19     0     1    19.0   66.126   47.232    498.3    956.4
     1     1    20    11    27    20     0     2    20.0   63.931   45.538      0.0   1009.9
     2     1    20    11    27    20     0     2    20.0   66.605   46.696     83.7   1015.2
     3     1    20    11    27    20     0     2    20.0   66.360   47.367    467.3    963.6
     1     1    20    11    27    21     0     3    21.0   64.000   45.374      0.0   1011.5
     2     1    20    11    27    21     0     3    21.0   66.809   46.771     82.4   1017.5
     3     1    20    11    27    21     0     3    21.0   66.600   47.573    448.0    969.1
     1     1    20    11    27    22     0     2    22.0   64.070   45.217      0.0   1013.5
     2     1    20    11    27    22     0     2    22.0   67.030   46.913     83.6   1019.2
     3     1    20    11    27    22     0     2    22.0   66.842   47.856    448.6    973.1
     1     1    20    11    27    23     0     1    23.0   64.139   45.070      0.0   1015.6
     2     1    20    11    27    23     0     1    23.0   67.264   47.150     86.3   1018.4
     3     1    20    11    27    23     0     1    23.0   67.086   48.237    461.1    965.9
     1     1    20    11    28     0     0     0    24.0   64.206   44.935      0.0   1017.7
     2     1    20    11    28     0     0     0    24.0   67.505   47.492     90.5   1017.5
     3     1    20    11    28     0     0     0    24.0   67.333   48.744    449.0    957.9
